   1.82247497339622     
   1.82066293849630     
   1.81908273375262     
   1.81766490105803     
   1.81641566134145     
   1.81530902043360     
   1.81432288336985     
   1.81343284493336     
   1.81262483194590     
   1.81188685855212     
   1.81121345414362     
   1.81059532915728     
   1.81002588806414     
   1.80950035943809     
   1.80901547787437     
   1.80856757409657     
   1.80815466452756     
   1.80777521432121     
   1.80742665357277     
   1.80710628567723     
   1.80681191362414     
   1.80654300169469     
   1.80629646509277     
   1.80607050427100     
   1.80586360752004     
   1.80567448504107     
   1.80550184156652     
   1.80534444582618     
   1.80520126036116     
   1.80507102061513     
   1.80495047154497     
   1.80484100096046     
   1.80474162446653     
   1.80465145413885     
   1.80457004829774     
   1.80449626133342     
   1.80442941379733     
   1.80436919771719     
   1.80431458662489     
   1.80426510507744     
   1.80422028455657     
   1.80417966239862     
   1.80414279843167     
   1.80410935503384     
   1.80407897134836     
   1.80405136272335     
   1.80402626102158     
   1.80400340348642     
   1.80398255819234     
   1.80396355030377     
   1.80394619480080     
   1.80393032581033     
   1.80391579646345     
   1.80390248655369     
   1.80389027566622     
   1.80387905624160     
   1.80386875357354     
   1.80385925661668     
   1.80385050653585     
   1.80384243647943     
   1.80383499641565     
   1.80382810549136     
   1.80382171977509     
   1.80381582602230     
   1.80381035486793     
   1.80380527608263     
   1.80380057077893     
   1.80379618540173     
   1.80379210608757     
   1.80378831239896     
   1.80378477044758     
   1.80378149406016     
   1.80377843304797     
   1.80377558145943     
   1.80377290983428     
   1.80377043550944     
   1.80376811987210     
   1.80376596503605     
   1.80376394368034     
   1.80376205695368     
   1.80376031108654     
   1.80375866885084     
   1.80375715087461     
   1.80375571679270     
   1.80375439078183     
   1.80375314258695     
   1.80375198264364     
   1.80375090263147     
   1.80374989662350     
   1.80374895729129     
   1.80374807748037     
   1.80374725758728     
   1.80374648804352     
   1.80374576865282     
   1.80374509844933     
   1.80374448618978     
   1.80374389600266     
   1.80374334385855     
   1.80374282146416     
   1.80373219106020     
