   9.11284067268181     
   9.11510317824338     
   9.11387455227733     
   9.11033261623693     
   9.10567891506054     
   9.10109950312533     
   9.09659958067805     
   9.09266152968816     
   9.08904946400554     
   9.08578561259362     
   9.08268003139138     
   9.07995423230047     
   9.07750721896258     
   9.07530570306109     
   9.07332431907241     
   9.07155540443561     
   9.06998181071469     
   9.06859373538106     
   9.06735928696781     
   9.06629757842117     
   9.06538486977278     
   9.06447562521029     
   9.06369513437956     
   9.06306869086716     
   9.06255786746102     
   9.06213269668667     
   9.06178305319176     
   9.06149743089978     
   9.06126079536101     
   9.06107094763910     
   9.06091273458294     
   9.06078342305895     
   9.06067794235048     
   9.06058912585572     
   9.06051908653816     
   9.06046250784154     
   9.06042170023256     
   9.06032813014536     
   9.06028548121463     
   9.06025423535236     
   9.06023047464814     
   9.06020840684822     
   9.06018910354247     
   9.06017176430806     
   9.06015571721883     
   9.06014026775122     
   9.06012503470956     
   9.06010960670890     
   9.06009099005254     
   9.06007392868817     
   9.06005810893710     
   9.06004116069308     
   9.06002334751193     
   9.06000474278655     
   9.05998545030445     
   9.05996554415286     
   9.05994514889322     
   9.05992438772736     
   9.05990335944718     
   9.05988217786120     
   9.05986104053588     
   9.05983977228460     
   9.05981869888415     
   9.05979791678761     
   9.05977753017568     
   9.05975755453607     
   9.05973810249661     
   9.05971907080665     
   9.05970063813687     
   9.05968283585747     
   9.05966574105248     
   9.05964920709560     
   9.05963336850893     
   9.05961827215970     
   9.05960389908135     
   9.05959023450163     
   9.05957733057183     
   9.05956513803849     
   9.05955362845392     
   9.05954281289812     
   9.05953262800305     
   9.05952309802270     
   9.05951418611211     
   9.05950588458250     
   9.05949816974220     
   9.05949099616480     
   9.05948435598037     
   9.05947821271562     
   9.05947256694083     
   9.05946737246423     
   9.05946261017396     
   9.05945827615501     
   9.05945430733462     
   9.05945070108805     
   9.05944742213280     
   9.05944445269525     
   9.05944179183708     
   9.05943943963136     
   9.05943741714673     
  0.219342229720589     
   5.29217028322380     
   5.25213157788173     
   5.22246426947829     
   5.20001307146966     
   5.18239769461699     
   5.16870069968610     
   5.15768834471182     
   5.14914848140557     
   5.14232444049453     
   5.13688430727842     
   5.13237548718305     
   5.12872327860772     
   5.12569692920771     
   5.12315210974033     
   5.12098924218172     
   5.11914331055136     
   5.11756429915665     
   5.11623018699291     
   5.11510356289733     
   5.11416239424688     
   5.11337968010985     
   5.11263903426329     
   5.11202265638990     
   5.11154469855207     
   5.11117710878731     
   5.11089473118433     
   5.11068678628607     
   5.11054155337694     
   5.11044461472948     
   5.11039048806613     
   5.11036646780571     
   5.11036952928277     
   5.11039580518097     
   5.11043648695312     
   5.11049340670517     
   5.11055550782422     
   5.11062840290128     
   5.11066694484325     
   5.11072727400181     
   5.11079505601443     
   5.11086668174784     
   5.11093763538245     
   5.11100896011959     
   5.11107973920251     
   5.11114910543679     
   5.11121620067697     
   5.11128046417979     
   5.11134141660150     
   5.11139756505107     
   5.11145079367251     
   5.11150163304370     
   5.11154838698758     
   5.11159132438160     
   5.11163056623540     
   5.11166627746623     
   5.11169860322841     
   5.11172772520031     
   5.11175385154364     
   5.11177716128588     
   5.11179787111645     
   5.11181622053860     
   5.11183221652942     
   5.11184620080838     
   5.11185836710638     
   5.11186891466370     
   5.11187794615793     
   5.11188566874319     
   5.11189210209107     
   5.11189746454338     
   5.11190188500088     
   5.11190551683385     
   5.11190832271893     
   5.11191048933951     
   5.11191213182247     
   5.11191329781279     
   5.11191405684351     
   5.11191451023518     
   5.11191468973691     
   5.11191462857900     
   5.11191438766821     
   5.11191398574267     
   5.11191348316945     
   5.11191289511766     
   5.11191226668636     
   5.11191162158149     
   5.11191096119653     
   5.11191031948185     
   5.11190970198928     
   5.11190914611435     
   5.11190864430050     
   5.11190820899448     
   5.11190786457079     
   5.11190759734212     
   5.11190742471884     
   5.11190734868243     
   5.11190737718847     
   5.11190753788869     
   5.11190786566306     
   5.11190843930080     
  0.869923690807816     
   7.34189641749631     
   7.29067362906217     
   7.25410821398008     
   7.22763387164269     
   7.20765970085820     
   7.19271098604662     
   7.18112176563416     
   7.17243411653193     
   7.16559726926724     
   7.16018204417742     
   7.15582428339513     
   7.15226402680107     
   7.14925490218196     
   7.14664670496081     
   7.14434467324066     
   7.14229688642185     
   7.14044183433653     
   7.13877630887036     
   7.13720624830044     
   7.13580797963318     
   7.13455538834119     
   7.13340452581113     
   7.13238494789468     
   7.13149431783927     
   7.13069410485040     
   7.12996655790217     
   7.12930345985641     
   7.12869832538691     
   7.12814630376547     
   7.12764015092072     
   7.12716937991561     
   7.12673399633765     
   7.12633409995919     
   7.12596996235579     
   7.12564177192735     
   7.12533340722916     
   7.12505648413092     
   7.12476339918478     
   7.12456175297319     
   7.12437984387508     
   7.12421553217693     
   7.12406511267982     
   7.12392540864138     
   7.12379490396066     
   7.12367297476325     
   7.12355917810321     
   7.12345325024632     
   7.12335469475229     
   7.12325979609957     
   7.12317536521229     
   7.12309863906414     
   7.12302714504817     
   7.12296062117659     
   7.12289868834650     
   7.12284100924232     
   7.12278729861193     
   7.12273728746891     
   7.12269072191844     
   7.12264735574246     
   7.12260698751957     
   7.12256946262584     
   7.12253434380263     
   7.12250165894676     
   7.12247127372226     
   7.12244301657826     
   7.12241672753333     
   7.12239229330654     
   7.12236946623137     
   7.12234824607639     
   7.12232851547363     
   7.12231021706245     
   7.12229312277315     
   7.12227722676786     
   7.12226249031073     
   7.12224880218299     
   7.12223612132461     
   7.12222436288086     
   7.12221345790402     
   7.12220334985087     
   7.12219398185786     
   7.12218527688263     
   7.12217721017257     
   7.12216972093739     
   7.12216277874320     
   7.12215635622319     
   7.12215039798967     
   7.12214488320175     
   7.12213976926578     
   7.12213504393382     
   7.12213067083229     
   7.12212662940329     
   7.12212293264925     
   7.12211954750709     
   7.12211648312612     
   7.12211375332415     
   7.12211136548584     
   7.12210933045836     
   7.12210760501782     
   7.12210611910945     
  0.989704943456864     
   41.8185118473045     
   41.6369263699417     
   41.5121743441572     
   41.4238076430570     
   41.3529545932383     
   41.2922753050336     
   41.2409131183764     
   41.1974137877395     
   41.1620478020057     
   41.1328447851572     
   41.1083757419543     
   41.0871001121139     
   41.0682765074563     
   41.0514141446539     
   41.0362252334847     
   41.0224938291096     
   41.0100579434508     
   40.9991033920327     
   40.9893218103873     
   40.9806007045461     
   40.9728418799199     
   40.9659757461285     
   40.9598829289411     
   40.9544503181686     
   40.9496216953530     
   40.9453415934196     
   40.9415504609083     
   40.9381972259963     
   40.9352508043349     
   40.9326160922789     
   40.9302784852808     
   40.9282239937085     
   40.9265467707707     
   40.9250789813650     
   40.9238366781340     
   40.9226775283461     
   40.9216512978744     
   40.9207786911390     
   40.9200077084311     
   40.9193385874234     
   40.9187566682242     
   40.9182529824818     
   40.9178120106124     
   40.9174248195393     
   40.9170840307187     
   40.9167833474215     
   40.9165180494251     
   40.9162826368951     
   40.9160718372356     
   40.9158816494820     
   40.9157181820830     
   40.9155677481094     
   40.9154295991264     
   40.9153017220111     
   40.9151831068308     
   40.9150725283121     
   40.9149689190677     
   40.9148715309258     
   40.9147797743835     
   40.9146931850758     
   40.9146114621254     
   40.9145330350125     
   40.9144586631199     
   40.9143884609525     
   40.9143220816477     
   40.9142591526189     
   40.9141998548693     
   40.9141431946530     
   40.9140896894951     
   40.9140393333178     
   40.9139921606646     
   40.9139471567229     
   40.9139048518261     
   40.9138653440864     
   40.9138283239213     
   40.9137938076852     
   40.9137616254565     
   40.9137315918830     
   40.9137036810500     
   40.9136776945080     
   40.9136535508450     
   40.9136311171647     
   40.9136102700021     
   40.9135910534522     
   40.9135732559135     
   40.9135567761950     
   40.9135416356205     
   40.9135275830862     
   40.9135147507487     
   40.9135028123400     
   40.9134917243914     
   40.9134815339330     
   40.9134720463678     
   40.9134632456031     
   40.9134549613347     
   40.9134470846746     
   40.9134392890590     
   40.9134312635731     
   40.9134220976149     
  0.999631682649739     
