  0.385390350284267     
  0.385240684775779     
  0.385112222192835     
  0.384977002811950     
  0.384853868997231     
  0.384742960298225     
  0.384647191910062     
  0.384560677750108     
  0.384482599901364     
  0.384409757185775     
  0.384343557491734     
  0.384283286217944     
  0.384227951408100     
  0.384176708594355     
  0.384128927803345     
  0.384085464358242     
  0.384043934362034     
  0.384005844352128     
  0.383970620274758     
  0.383938198071395     
  0.383908286924986     
  0.383880015495398     
  0.383854588611733     
  0.383831103786271     
  0.383809395381003     
  0.383789348429470     
  0.383770893455157     
  0.383753941239588     
  0.383738397062139     
  0.383724181139344     
  0.383712959783936     
  0.383700889847977     
  0.383689822921522     
  0.383679727499534     
  0.383670641711177     
  0.383662278591027     
  0.383654687739407     
  0.383647698247114     
  0.383641434883094     
  0.383635751708868     
  0.383630587434643     
  0.383625919994052     
  0.383621683230643     
  0.383617839206475     
  0.383614353738480     
  0.383611187376030     
  0.383608312167861     
  0.383605703819180     
  0.383603332762737     
  0.383601173744949     
  0.383599229658407     
  0.383597452000009     
  0.383595832827146     
  0.383594357259232     
  0.383593009016594     
  0.383591776445732     
  0.383590650737746     
  0.383589622340397     
  0.383588679444793     
  0.383587813457140     
  0.383587027409210     
  0.383586300735165     
  0.383585634617599     
  0.383585024373646     
  0.383584461344758     
  0.383583946975898     
  0.383583471352775     
  0.383583034838058     
  0.383582630537499     
  0.383582260663708     
  0.383581917242343     
  0.383581598533421     
  0.383581305340639     
  0.383581033309550     
  0.383580782653529     
  0.383580549890525     
  0.383580336288871     
  0.383580136866776     
  0.383579954630328     
  0.383579783793796     
  0.383579624124985     
  0.383579475435781     
  0.383579339806814     
  0.383579211994893     
  0.383579095344778     
  0.383578983942648     
  0.383578881420082     
  0.383578784335791     
  0.383578695111091     
  0.383578613702552     
  0.383578536904974     
  0.383578464036561     
  0.383578398490142     
  0.383578337529462     
  0.383578278848278     
  0.383578226363662     
  0.383578174563359     
  0.383578128393590     
  0.383578085380944     
  0.383577286708723     
