  3.137744451785381E-003
  3.318086121474742E-003
  3.483448703919824E-003
  3.647817795077758E-003
  3.824221320738402E-003
  4.015457598494735E-003
  4.220325884359514E-003
  4.424592845527603E-003
  4.615173749053317E-003
  4.783560161285578E-003
  4.928865252327112E-003
  5.049803897290547E-003
  5.146272124624572E-003
  5.220563310930494E-003
  5.278612226506287E-003
  5.327403890570682E-003
  5.367818612919895E-003
  5.393556932689217E-003
  5.409432298068503E-003
  5.419537080769390E-003
  5.433066427331744E-003
  5.443485780562238E-003
  5.447258507911378E-003
  5.444045265844157E-003
  5.440467512096919E-003
  5.432053625462339E-003
  5.420878547548217E-003
  5.404741807637089E-003
  5.384810650918836E-003
  5.357340732140528E-003
  5.314894874756108E-003
  5.248457575204811E-003
  5.158884684855401E-003
  5.112615886746478E-003
  5.070625285003321E-003
  5.035902058975192E-003
  5.007540671475474E-003
  4.963300901713668E-003
  4.973150195198096E-003
  5.074873836384352E-003
  5.051351234481771E-003
  5.121261371363311E-003
  5.230437300923539E-003
  5.214085500767069E-003
  5.271361383796158E-003
  5.216681512870716E-003
  5.188712457420415E-003
  5.210458083545410E-003
  5.161091075475963E-003
  5.122122606613546E-003
  5.064750023072495E-003
  5.005003245303218E-003
