 -2.966090634086228E-007
  2.162215672372202E-004
  4.015094262700339E-004
  5.670075594009532E-004
  7.323373712180406E-004
  9.141563939621023E-004
  1.128537987179671E-003
  1.356393841985155E-003
  1.576982225178675E-003
  1.759672701681615E-003
  1.904717024076079E-003
  2.013971325543987E-003
  2.086202439359283E-003
  2.135254093836654E-003
  2.185041338357475E-003
  2.242121770408442E-003
  2.299485415639068E-003
  2.330750378153557E-003
  2.328910326685620E-003
  2.312407167153860E-003
  2.313011123322554E-003
  2.315772161020407E-003
  2.307441053028953E-003
  2.293644930894959E-003
  2.285305941732973E-003
  2.276756666958110E-003
  2.260670559460221E-003
  2.235992970708826E-003
  2.200191819134562E-003
  2.157243055329423E-003
  2.104598278030324E-003
  2.045971525505726E-003
  1.986387810243542E-003
  1.929480568423343E-003
  1.872196632039643E-003
  1.782071498031642E-003
  1.717280508032851E-003
  1.662342633750831E-003
  1.595145497777313E-003
  1.467595095062535E-003
  1.368773548621538E-003
  1.329078071265783E-003
  1.270579226396605E-003
  1.173614152358055E-003
  1.080032058618406E-003
  9.638590335235305E-004
  8.456141841854537E-004
  7.336352372421267E-004
  6.277468186714410E-004
  5.161129300073849E-004
  3.924114135457973E-004
  2.645490634747754E-004
