  0.798099423707754     
  0.798374036431677     
  0.798507918053389     
  0.798609673343651     
  0.798675232067664     
  0.798722081124307     
  0.798749497343467     
  0.798767130414001     
  0.798775281371271     
  0.798779352784970     
  0.798781421562429     
  0.798778424858198     
  0.798774318171994     
  0.798770102929633     
  0.798766364063682     
  0.798762909827257     
  0.798756870074051     
  0.798754693800880     
  0.798752152563665     
  0.798749743752129     
  0.798747498226468     
  0.798745882625437     
  0.798743994734279     
  0.798742297247611     
  0.798740776280662     
  0.798739408107513     
  0.798738172479377     
  0.798737054413142     
  0.798736681136717     
  0.798735743689396     
  0.798734762089971     
  0.798734036267834     
  0.798733255246372     
  0.798732472293746     
  0.798733298882256     
  0.798732672029334     
  0.798732095466276     
  0.798731598481563     
  0.798731053559885     
  0.798730537739376     
  0.798730044462017     
  0.798729571812465     
  0.798729123627479     
  0.798728696749139     
  0.798728289766080     
  0.798727903303497     
  0.798727536627213     
  0.798727187006105     
  0.798726855548130     
  0.798726538474969     
  0.798726244886033     
  0.798725964065278     
  0.798725696110884     
  0.798725442032571     
  0.798725201848039     
  0.798724977799016     
  0.798724765947523     
  0.798724567669448     
  0.798724380992908     
  0.798724210067122     
  0.798724048406787     
  0.798723897974860     
  0.798723759182984     
  0.798723630686342     
  0.798723513499395     
  0.798723403777653     
  0.798723305172536     
  0.798723213249294     
  0.798723128616946     
  0.798723050984157     
  0.798722981795443     
  0.798722919085184     
  0.798722860847367     
  0.798722809624760     
  0.798722761768599     
  0.798722719358324     
  0.798722680222795     
  0.798722646097230     
  0.798722613690145     
  0.798722584257167     
  0.798722559789233     
  0.798722537427631     
  0.798722516562013     
  0.798722496887316     
  0.798722481307903     
  0.798722464708741     
  0.798722451760584     
  0.798722439730130     
  0.798722428841652     
  0.798722419197872     
  0.798722409954802     
  0.798722401044980     
  0.798722392629739     
  0.798722385101303     
  0.798722378966338     
  0.798722372219037     
  0.798722366718584     
  0.798722359831815     
  0.798722353231788     
  0.798722090282709     
