  2.083368354266166E-002
  2.094083769569215E-002
  2.101506635526182E-002
  2.108237264744571E-002
  2.114166451124425E-002
  2.119112427714272E-002
  2.123236638631107E-002
  2.126492622986495E-002
  2.129292505290652E-002
  2.131777359687334E-002
  2.133946866751196E-002
  2.135891421459737E-002
  2.137660470054370E-002
  2.139288766299867E-002
  2.140800342107383E-002
  2.142204949048098E-002
  2.143507470196664E-002
  2.144717480871919E-002
  2.145834730271519E-002
  2.146872367612208E-002
  2.147837955151374E-002
  2.148730347112117E-002
  2.149539568112414E-002
  2.150299006255241E-002
  2.151007962505068E-002
  2.151666310957504E-002
  2.152276262024835E-002
  2.152840271980375E-002
  2.153361361588011E-002
  2.153839964773326E-002
  2.154285785120622E-002
  2.154699018266742E-002
  2.155078930083734E-002
  2.155425878642329E-002
  2.155744555419547E-002
  2.156037228250221E-002
  2.156300454285479E-002
  2.156532151598881E-002
  2.156747843534618E-002
  2.156944408462374E-002
  2.157124118917087E-002
  2.157286486155336E-002
  2.157434156322420E-002
  2.157568441945839E-002
  2.157690495650356E-002
  2.157801490740601E-002
  2.157902028687653E-002
  2.157993280957402E-002
  2.158075764395436E-002
  2.158151293407951E-002
  2.158216556159959E-002
  2.158276499063912E-002
  2.158331085865300E-002
  2.158380796049649E-002
  2.158426070902705E-002
  2.158467399914877E-002
  2.158505082461330E-002
  2.158539511180640E-002
  2.158570956842572E-002
  2.158599737042668E-002
  2.158625847974668E-002
  2.158650183742268E-002
  2.158672492012472E-002
  2.158692852588980E-002
  2.158711535023479E-002
  2.158728650295477E-002
  2.158744255043515E-002
  2.158758831559957E-002
  2.158772207302053E-002
  2.158784482606443E-002
  2.158795684131664E-002
  2.158806221040073E-002
  2.158815965805424E-002
  2.158824926471963E-002
  2.158833158540017E-002
  2.158840734738921E-002
  2.158847698492211E-002
  2.158854146496606E-002
  2.158860098774047E-002
  2.158865582238569E-002
  2.158870671638577E-002
  2.158875379635253E-002
  2.158879742976462E-002
  2.158883787998689E-002
  2.158887521659092E-002
  2.158890997827116E-002
  2.158894226474081E-002
  2.158897224498300E-002
  2.158900006112130E-002
  2.158902596100931E-002
  2.158905016138321E-002
  2.158907234892751E-002
  2.158909346634746E-002
  2.158911294434501E-002
  2.158913139303039E-002
  2.158914854191934E-002
  2.158916476271532E-002
  2.158918005230783E-002
  2.158919448527464E-002
  2.158987188068419E-002
