  0.151137750029806     
  0.151120358624570     
  0.151144526576558     
  0.151186802976833     
  0.151228449214684     
  0.151256317126308     
  0.151276714597491     
  0.151291244277063     
  0.151307773486249     
  0.151320281391798     
  0.151329623836510     
  0.151339383543453     
  0.151344934094535     
  0.151348216653033     
  0.151349779917762     
  0.151350061059507     
  0.151349197841152     
  0.151347276997902     
  0.151344376922722     
  0.151341044135839     
  0.151336728193513     
  0.151331639158694     
  0.151328318648951     
  0.151324598447690     
  0.151319652710214     
  0.151314071166597     
  0.151308288577228     
  0.151302396771012     
  0.151296498789541     
  0.151290765895004     
  0.151285197878996     
  0.151279852237029     
  0.151274724421834     
  0.151269831912296     
  0.151265272915110     
  0.151260978901637     
  0.151256881855637     
  0.151253083189096     
  0.151250722733823     
  0.151247824277852     
  0.151245079288752     
  0.151242504629063     
  0.151240186870276     
  0.151238072110939     
  0.151236148778171     
  0.151234406717106     
  0.151232836525593     
  0.151231429818724     
  0.151230174115117     
  0.151229109628981     
  0.151228124539783     
  0.151227254687079     
  0.151226494321626     
  0.151225835232699     
  0.151225268006589     
  0.151224783756836     
  0.151224374043759     
  0.151224031617827     
  0.151223748706523     
  0.151223518695790     
  0.151223335225085     
  0.151223194214563     
  0.151223089124189     
  0.151223014695491     
  0.151222967296761     
  0.151222941970785     
  0.151222936151101     
  0.151222947215779     
  0.151222971820516     
  0.151223007245283     
  0.151223051114427     
  0.151223102178138     
  0.151223158552050     
  0.151223218172027     
  0.151223279767625     
  0.151223342429469     
  0.151223405510661     
  0.151223467365128     
  0.151223527527732     
  0.151223585964871     
  0.151223641849486     
  0.151223695393267     
  0.151223745850544     
  0.151223793115133     
  0.151223836832300     
  0.151223877350422     
  0.151223914451537     
  0.151223948029706     
  0.151223978465022     
  0.151224005257578     
  0.151224029061891     
  0.151224049600894     
  0.151224067143397     
  0.151224081872592     
  0.151224094077419     
  0.151224103779195     
  0.151224111385605     
  0.151224116537857     
  0.151224118634652     
  0.219342229720589     
  0.670984713117380     
  0.668854594527559     
  0.667427505295348     
  0.666415458393503     
  0.665696399558771     
  0.665172623442667     
  0.664778634221272     
  0.664492048097676     
  0.664283378556316     
  0.664142010094286     
  0.664052557285297     
  0.664011759662212     
  0.664002348944649     
  0.664018087569741     
  0.664053314122344     
  0.664103828232828     
  0.664166230439377     
  0.664237031919822     
  0.664313908369402     
  0.664393444960891     
  0.664476151489335     
  0.664560737493920     
  0.664649918183337     
  0.664739182121448     
  0.664826485656647     
  0.664911313344393     
  0.664993600625133     
  0.665072970211977     
  0.665149206170302     
  0.665222480463140     
  0.665292554195868     
  0.665359530337899     
  0.665423259369298     
  0.665483843685121     
  0.665541214857935     
  0.665595376374611     
  0.665646563335393     
  0.665694825533968     
  0.665741307988105     
  0.665785902435010     
  0.665827739934834     
  0.665867003089195     
  0.665903909567969     
  0.665938416523026     
  0.665970603482336     
  0.666000589911370     
  0.666028500653322     
  0.666054459244769     
  0.666078581281201     
  0.666100964971954     
  0.666121788470828     
  0.666141106131744     
  0.666159019422363     
  0.666175622002550     
  0.666191004083267     
  0.666205250514194     
  0.666218441983742     
  0.666230654995030     
  0.666241959391946     
  0.666252422627738     
  0.666262105938911     
  0.666271068136387     
  0.666279361392400     
  0.666287035859734     
  0.666294139850330     
  0.666300712556895     
  0.666306797119534     
  0.666312429268453     
  0.666317643066129     
  0.666322470619257     
  0.666326941032163     
  0.666331080992127     
  0.666334916045002     
  0.666338468409447     
  0.666341758549215     
  0.666344807159376     
  0.666347632642177     
  0.666350249880478     
  0.666352675067757     
  0.666354924013746     
  0.666357009286508     
  0.666358943811715     
  0.666360738507685     
  0.666362404551829     
  0.666363951781066     
  0.666365390330424     
  0.666366729446254     
  0.666367977377195     
  0.666369142858087     
  0.666370233378345     
  0.666371257658816     
  0.666372223537347     
  0.666373140665842     
  0.666374017892586     
  0.666374866150710     
  0.666375697098128     
  0.666376524564185     
  0.666377362715530     
  0.666378226831143     
  0.869923690807816     
  0.240496415577311     
  0.240055788858617     
  0.239855823299856     
  0.239783866911561     
  0.239776480054682     
  0.239784339941062     
  0.239791658343192     
  0.239785881096329     
  0.239771164690634     
  0.239745653223956     
  0.239709343939519     
  0.239655469310846     
  0.239589197243150     
  0.239511233744645     
  0.239423171520201     
  0.239326646252113     
  0.239223218668537     
  0.239116204728615     
  0.239006871890473     
  0.238898313602055     
  0.238789166795178     
  0.238680519467624     
  0.238570803156982     
  0.238462830632441     
  0.238357883333320     
  0.238256662715560     
  0.238159336330184     
  0.238066182037591     
  0.237977364158833     
  0.237892544339601     
  0.237811874258958     
  0.237735284683292     
  0.237662832517989     
  0.237594840858010     
  0.237530980287871     
  0.237470761272275     
  0.237414041374687     
  0.237360753450894     
  0.237310521333191     
  0.237262164938355     
  0.237216963855274     
  0.237174714625223     
  0.237135214827144     
  0.237098433870883     
  0.237064257631747     
  0.237032536884448     
  0.237003122044818     
  0.236975867256656     
  0.236950634434500     
  0.236927336635177     
  0.236905722918244     
  0.236885740152313     
  0.236867272725032     
  0.236850212959232     
  0.236834457565207     
  0.236819911587645     
  0.236806483773225     
  0.236794089215324     
  0.236782649978418     
  0.236772092453556     
  0.236762348599034     
  0.236753353891530     
  0.236745051648899     
  0.236737387735018     
  0.236730311316013     
  0.236723778445218     
  0.236717744477686     
  0.236712170752424     
  0.236707020891933     
  0.236702261617167     
  0.236697862565823     
  0.236693795015384     
  0.236690032494000     
  0.236686552329263     
  0.236683332787848     
  0.236680353112659     
  0.236677594325944     
  0.236675040734140     
  0.236672675979938     
  0.236670484222988     
  0.236668452503619     
  0.236666568254843     
  0.236664819877024     
  0.236663196574815     
  0.236661688401230     
  0.236660285199989     
  0.236658978392070     
  0.236657758983829     
  0.236656619004934     
  0.236655550690333     
  0.236654545347149     
  0.236653595145598     
  0.236652690892915     
  0.236651823443493     
  0.236650982052327     
  0.236650154690879     
  0.236649327267749     
  0.236648483782026     
  0.236647606843499     
  0.989704943456864     
  8.851887130531294E-002
  9.108961661383538E-002
  9.271667140480813E-002
  9.380067469494868E-002
  9.452712038655260E-002
  9.504303661627078E-002
  9.542970743552964E-002
  9.572207080599195E-002
  9.594545675306086E-002
  9.611233668175982E-002
  9.623809877519331E-002
  9.633277102694680E-002
  9.640845381220550E-002
  9.647067868561125E-002
  9.652351435747465E-002
  9.656952551506746E-002
  9.661055089210331E-002
  9.664676335155890E-002
  9.667921974011870E-002
  9.670824143705530E-002
  9.673468171549585E-002
  9.675874303846289E-002
  9.677927865968723E-002
  9.679798724610891E-002
  9.681563101003934E-002
  9.683202394004914E-002
  9.684706304468134E-002
  9.686084775043979E-002
  9.687342967085910E-002
  9.688497519725051E-002
  9.689557154517886E-002
  9.690518497880338E-002
  9.691390811272083E-002
  9.692131545686976E-002
  9.692780485420879E-002
  9.693386235312798E-002
  9.693939528993255E-002
  9.694442101513701E-002
  9.694817067871631E-002
  9.695193262663827E-002
  9.695529620988473E-002
  9.695828228558175E-002
  9.696087560488230E-002
  9.696314960609397E-002
  9.696513888592571E-002
  9.696687320417949E-002
  9.696837730186460E-002
  9.696967349857821E-002
  9.697078428430360E-002
  9.697169839287649E-002
  9.697248861093866E-002
  9.697315371593974E-002
  9.697370785260551E-002
  9.697416503821886E-002
  9.697453835153412E-002
  9.697483789816486E-002
  9.697507424303491E-002
  9.697525578965323E-002
  9.697539062963974E-002
  9.697548491870496E-002
  9.697554546204828E-002
  9.697557797208739E-002
  9.697558695869848E-002
  9.697557640525239E-002
  9.697554883366753E-002
  9.697550899787573E-002
  9.697545840278360E-002
  9.697539997913759E-002
  9.697533604193985E-002
  9.697526776357722E-002
  9.697519640201552E-002
  9.697512399249919E-002
  9.697505146100525E-002
  9.697497926128593E-002
  9.697490866293677E-002
  9.697483972795960E-002
  9.697477303187833E-002
  9.697470938537539E-002
  9.697464895230319E-002
  9.697459176326992E-002
  9.697453820988031E-002
  9.697448793344167E-002
  9.697444161529271E-002
  9.697439887334690E-002
  9.697435981769086E-002
  9.697432446959486E-002
  9.697429216167176E-002
  9.697426363898137E-002
  9.697423813697384E-002
  9.697421593131972E-002
  9.697419699403544E-002
  9.697418131705329E-002
  9.697416844124017E-002
  9.697415866392228E-002
  9.697415179697100E-002
  9.697414821099364E-002
  9.697414816807021E-002
  9.697415350245901E-002
  9.697416632536128E-002
  0.999631682649739     
