  0.396000000000000     
  0.400000000000000     
  0.404000000000000     
  0.408000000000000     
  0.412000000000000     
  0.416000000000000     
  0.420000000000000     
  0.424000000000000     
  0.428000000000000     
  0.432000000000000     
  0.436000000000000     
  0.440000000000000     
  0.444000000000000     
  0.448000000000000     
  0.452000000000000     
  0.456000000000000     
  0.460000000000000     
  0.464000000000000     
  0.468000000000000     
  0.472000000000000     
  0.476000000000000     
  0.480000000000000     
  0.484000000000000     
  0.488000000000000     
  0.492000000000000     
  0.496000000000000     
  0.500000000000000     
  0.504000000000000     
  0.508000000000000     
  0.512000000000000     
  0.516000000000000     
  0.520000000000000     
  0.524000000000000     
  0.528000000000000     
  0.532000000000000     
  0.536000000000000     
  0.540000000000000     
  0.544000000000000     
  0.548000000000000     
  0.552000000000000     
  0.556000000000000     
  0.560000000000000     
  0.564000000000000     
  0.568000000000000     
  0.572000000000000     
  0.576000000000000     
  0.580000000000000     
  0.584000000000000     
  0.588000000000000     
  0.592000000000000     
  0.596000000000000     
  0.600000000000000     
