  3.504692468091914E-002
  3.502405873138868E-002
  3.500824589583388E-002
  3.499393196957740E-002
  3.498133300898827E-002
  3.497083708549503E-002
  3.496209498543201E-002
  3.495519810268553E-002
  3.494927210960147E-002
  3.494401323861360E-002
  3.493942171817522E-002
  3.493531652362762E-002
  3.493157859946835E-002
  3.492813834189979E-002
  3.492494541053958E-002
  3.492197919711865E-002
  3.491922862433355E-002
  3.491667310866536E-002
  3.491431604249459E-002
  3.491212516627188E-002
  3.491008646049940E-002
  3.490820337925781E-002
  3.490649556594888E-002
  3.490489272288564E-002
  3.490339666819804E-002
  3.490200739930192E-002
  3.490072016364269E-002
  3.489952985113047E-002
  3.489843013246712E-002
  3.489742006250662E-002
  3.489647940441169E-002
  3.489560727284831E-002
  3.489480546564910E-002
  3.489407336822944E-002
  3.489339798420317E-002
  3.489278347519398E-002
  3.489222757093844E-002
  3.489173924145644E-002
  3.489128425644032E-002
  3.489086971941537E-002
  3.489049102954452E-002
  3.489014869861817E-002
  3.488983774224757E-002
  3.488955507403744E-002
  3.488929824851667E-002
  3.488906496890839E-002
  3.488885390682218E-002
  3.488866247096954E-002
  3.488848974912859E-002
  3.488833199216441E-002
  3.488819519037671E-002
  3.488806999153403E-002
  3.488795604553339E-002
  3.488785222123748E-002
  3.488775783639048E-002
  3.488767162363123E-002
  3.488759330975091E-002
  3.488752127475484E-002
  3.488745610288357E-002
  3.488739628402861E-002
  3.488734180660050E-002
  3.488729100586663E-002
  3.488724443324964E-002
  3.488720186431021E-002
  3.488716283359288E-002
  3.488712700347595E-002
  3.488709431301967E-002
  3.488706346618045E-002
  3.488703530634359E-002
  3.488700933094278E-002
  3.488698554818834E-002
  3.488696331953608E-002
  3.488694235207476E-002
  3.488692336096941E-002
  3.488690585256095E-002
  3.488688956265391E-002
  3.488687455507263E-002
  3.488686081788140E-002
  3.488684761967277E-002
  3.488683577651003E-002
  3.488682472913246E-002
  3.488681464719130E-002
  3.488680483509893E-002
  3.488679620441922E-002
  3.488678775416101E-002
  3.488678018342285E-002
  3.488677331498326E-002
  3.488676675116888E-002
  3.488676094295611E-002
  3.488675511867420E-002
  3.488674973301591E-002
  3.488674511367181E-002
  3.488674050877551E-002
  3.488673639619994E-002
  3.488673250806966E-002
  3.488672886218631E-002
  3.488672576302985E-002
  3.488672266768206E-002
  3.488671971062540E-002
  3.488653679101968E-002
