  0.593942285241534     
  0.593980957796698     
  0.593942147488559     
  0.593913650121827     
  0.593872802427018     
  0.593830203754233     
  0.593779904461883     
  0.593729586991705     
  0.593677684036259     
  0.593628322798158     
  0.593580261126538     
  0.593533549477395     
  0.593489296913328     
  0.593448037073429     
  0.593410115782054     
  0.593375040320115     
  0.593342618391638     
  0.593312864170114     
  0.593285469622811     
  0.593260086918181     
  0.593236681448360     
  0.593216229207567     
  0.593196580411880     
  0.593178623522245     
  0.593162244532398     
  0.593147309551024     
  0.593133694970831     
  0.593121293871393     
  0.593110082091811     
  0.593099815060920     
  0.593090201937981     
  0.593081624951635     
  0.593073764607381     
  0.593066548560239     
  0.593060116329423     
  0.593054187138345     
  0.593048798449258     
  0.593044037499802     
  0.593039543500417     
  0.593035451897327     
  0.593031724459204     
  0.593028308496434     
  0.593025190036872     
  0.593022338132113     
  0.593019722770922     
  0.593017328898538     
  0.593015137751265     
  0.593013123840345     
  0.593011275672509     
  0.593009577621200     
  0.593008024183213     
  0.593006594596826     
  0.593005272997281     
  0.593004053342224     
  0.593002929329808     
  0.593001893467799     
  0.593000936430633     
  0.593000050759122     
  0.592999232528785     
  0.592998480645939     
  0.592997779673588     
  0.592997130685834     
  0.592996530172536     
  0.592995975515229     
  0.592995462947300     
  0.592994985229279     
  0.592994548023254     
  0.592994136978933     
  0.592993757466501     
  0.592993403690760     
  0.592993077362883     
  0.592992777178543     
  0.592992496113266     
  0.592992237405624     
  0.592991995229643     
  0.592991772522826     
  0.592991563428581     
  0.592991372319246     
  0.592991188957373     
  0.592991020830608     
  0.592990868593698     
  0.592990726138188     
  0.592990592673121     
  0.592990466561475     
  0.592990351644379     
  0.592990243044708     
  0.592990143713177     
  0.592990052226844     
  0.592989966354980     
  0.592989885471668     
  0.592989809821491     
  0.592989740124697     
  0.592989672356076     
  0.592989609496937     
  0.592989552870731     
  0.592989498444796     
  0.592989449424916     
  0.592989400372560     
  0.592989353515745     
  0.592988195047170     
