   1.82538019323965     
   1.82544727718331     
   1.82518933333426     
   1.82474460991982     
   1.82418821390268     
   1.82356916856996     
   1.82291689173854     
   1.82225058321843     
   1.82158406528882     
   1.82092664631025     
   1.82028608629883     
   1.81966558815397     
   1.81906810712398     
   1.81849556537250     
   1.81794895444406     
   1.81742869380811     
   1.81693492401101     
   1.81646719820946     
   1.81602496972339     
   1.81560753351293     
   1.81521401783154     
   1.81484352912376     
   1.81449508234595     
   1.81416763426638     
   1.81386023995935     
   1.81357183408012     
   1.81330140698220     
   1.81304798862733     
   1.81281058392393     
   1.81258870428838     
   1.81238102386772     
   1.81218671394381     
   1.81200493444713     
   1.81183488150752     
   1.81167585072320     
   1.81152715380633     
   1.81138817108292     
   1.81125825991366     
   1.81113691296018     
   1.81102356428016     
   1.81091767920039     
   1.81081879647003     
   1.81072651723703     
   1.81064036981555     
   1.81055998683579     
   1.81048498328335     
   1.81041504263180     
   1.81034982479904     
   1.81028899892172     
   1.81023223176008     
   1.81017936980095     
   1.81013011315462     
   1.81008423640701     
   1.81004151421646     
   1.81000172681618     
   1.80996469358008     
   1.80993021163790     
   1.80989811712392     
   1.80986827168416     
   1.80984050275841     
   1.80981467731660     
   1.80979067472580     
   1.80976837598880     
   1.80974761461355     
   1.80972833229059     
   1.80971040802316     
   1.80969375842787     
   1.80967829619896     
   1.80966392957866     
   1.80965132990190     
   1.80963996587213     
   1.80962944636272     
   1.80961968452833     
   1.80961062797421     
   1.80960224852411     
   1.80959449076008     
   1.80958730059589     
   1.80958062252608     
   1.80957443267133     
   1.80956867490561     
   1.80956336374973     
   1.80955892691095     
   1.80955518424022     
   1.80955371224064     
   1.80955356467577     
   1.80955388419073     
   1.80955242732154     
   1.80954998634858     
   1.80954750472521     
   1.80954526328664     
   1.80954328374406     
   1.80954150951102     
   1.80954195432259     
   1.80954158226922     
   1.80954263159314     
   1.80954226692286     
   1.80954371477713     
   1.80954665305362     
   1.80955056300972     
   1.80968066506372     
