   9.04455094665394     
   8.97461747904771     
   8.92824262540263     
   8.89479075870675     
   8.87011404187006     
   8.85034807544175     
   8.83434957982893     
   8.82128278960619     
   8.81041988817566     
   8.80126468133887     
   8.79330867891522     
   8.78653959731772     
   8.78069458786056     
   8.77559037462447     
   8.77110055389677     
   8.76712524573545     
   8.76358459021140     
   8.76041680310249     
   8.75756692314622     
   8.75499170637498     
   8.75265709355074     
   8.75053298601362     
   8.74859397482138     
   8.74681610802821     
   8.74518471191747     
   8.74367751634060     
   8.74228670772208     
   8.74099470109436     
   8.73980246727854     
   8.73865473784186     
   8.73760515453294     
   8.73663325647831     
   8.73572770065657     
   8.73488924203069     
   8.73411150544270     
   8.73338989180660     
   8.73272051923702     
   8.73209994028984     
   8.73151963928085     
   8.73098275213952     
   8.73048428618550     
   8.73002302257324     
   8.72959686614280     
   8.72920328978832     
   8.72883797727964     
   8.72850240504723     
   8.72819415356294     
   8.72790945760443     
   8.72764749627303     
   8.72740609332854     
   8.72718993351127     
   8.72698866607437     
   8.72680316341247     
   8.72663155130904     
   8.72647259555248     
   8.72632526269796     
   8.72618871576907     
   8.72606212945497     
   8.72594480318504     
   8.72583609625842     
   8.72573522457510     
   8.72564152506817     
   8.72555475610619     
   8.72547451227219     
   8.72540031918847     
   8.72533157742002     
   8.72526813897889     
   8.72520944843584     
   8.72515563861488     
   8.72508900223078     
   8.72496185789737     
   8.72487131649842     
   8.72480506067077     
   8.72474724831876     
   8.72469821520096     
   8.72465619085018     
   8.72461757388900     
   8.72458410045695     
   8.72455382511352     
   8.72452776977728     
   8.72450459359186     
   8.72448092251830     
   8.72437719521985     
   8.72426025199555     
   8.72383824177973     
   8.72343320662642     
   8.72314702120069     
   8.72329527003337     
   8.72352439611735     
   8.72367847407753     
   8.72378003244923     
   8.72384811124206     
   8.72389421611889     
   8.72356584241766     
   8.72359991444363     
   8.72337647477817     
   8.72352360468793     
   8.72335360022683     
   8.72309122611361     
   5.87611930746775     
   6.03689225160945     
   6.05137860677252     
   6.06945753622128     
   6.08553490594848     
   6.09881089829783     
   6.10856617754569     
   6.11565483589260     
   6.12076618922607     
   6.12434570688279     
   6.12676398008468     
   6.12820601791010     
   6.12907357201424     
   6.12949001446204     
   6.12956099145641     
   6.12937700550550     
   6.12900716517240     
   6.12850389836244     
   6.12790805145007     
   6.12724822050463     
   6.12654703724453     
   6.12582309429480     
   6.12508926043425     
   6.12435511994826     
   6.12362606442551     
   6.12291006003299     
   6.12220608125135     
   6.12152105438407     
   6.12085250363316     
   6.12020998664729     
   6.11955999392185     
   6.11894844784468     
   6.11836536270050     
   6.11780679534809     
   6.11727647098187     
   6.11677282031263     
   6.11629509841697     
   6.11584270548823     
   6.11541503905297     
   6.11500740858952     
   6.11462354861262     
   6.11426097726038     
   6.11391984761494     
   6.11359951335806     
   6.11329892142557     
   6.11301560919087     
   6.11275141695445     
   6.11250516922713     
   6.11227438823383     
   6.11205904525893     
   6.11185797771165     
   6.11167578935419     
   6.11150418524185     
   6.11134389034466     
   6.11119360105085     
   6.11105248632805     
   6.11091987749597     
   6.11079524438152     
   6.11067806664863     
   6.11056791657169     
   6.11046439122229     
   6.11036698451709     
   6.11027527135144     
   6.11018913209616     
   6.11010831173385     
   6.11003251632395     
   6.10996132140478     
   6.10989470563860     
   6.10983232952207     
   6.10977439599003     
   6.10970806979928     
   6.10959967675848     
   6.10951892812964     
   6.10945666740982     
   6.10940170078770     
   6.10935406947846     
   6.10931240244294     
   6.10927385454706     
   6.10923972274983     
   6.10920844423105     
   6.10918086950657     
   6.10915585755070     
   6.10913087571424     
   6.10904750471306     
   6.10895544997230     
   6.10864012725057     
   6.10834075647250     
   6.10813084585915     
   6.10824210060680     
   6.10841137685003     
   6.10852521615278     
   6.10860044176354     
   6.10865076959125     
   6.10868433453369     
   6.10844237784307     
   6.10846994042212     
   6.10830631623971     
   6.10841873854419     
   6.10829274871167     
   6.10809498348422     
   52.5028293404889     
                     NaN
                     NaN
                     NaN
                     NaN
                     NaN
                     NaN
                     NaN
                     NaN
                     NaN
                     NaN
                     NaN
                     NaN
                     NaN
                     NaN
                     NaN
                     NaN
                     NaN
                     NaN
                     NaN
                     NaN
                     NaN
                     NaN
                     NaN
                     NaN
                     NaN
                     NaN
                     NaN
                     NaN
                     NaN
                     NaN
                     NaN
                     NaN
                     NaN
                     NaN
                     NaN
                     NaN
                     NaN
                     NaN
                     NaN
                     NaN
                     NaN
                     NaN
                     NaN
                     NaN
                     NaN
                     NaN
                     NaN
                     NaN
                     NaN
                     NaN
                     NaN
                     NaN
                     NaN
                     NaN
                     NaN
                     NaN
                     NaN
                     NaN
                     NaN
                     NaN
                     NaN
                     NaN
                     NaN
                     NaN
                     NaN
                     NaN
                     NaN
                     NaN
                     NaN
                     NaN
                     NaN
                     NaN
                     NaN
                     NaN
                     NaN
                     NaN
                     NaN
                     NaN
                     NaN
                     NaN
                     NaN
                     NaN
                     NaN
                     NaN
                     NaN
                     NaN
                     NaN
                     NaN
                     NaN
                     NaN
                     NaN
                     NaN
                     NaN
                     NaN
                     NaN
                     NaN
                     NaN
                     NaN
                     NaN
   199.864209557866     
   45.9327439327359     
   47.0092514825264     
   47.6407730041188     
   47.9869294360704     
   48.1531147176388     
   48.2129559180399     
   48.2137214751331     
   48.1836228201400     
   48.1392147500144     
   48.0900896923220     
   48.0415285632667     
   47.9960632643110     
   47.9548781069659     
   47.9182927047648     
   47.8861933475456     
   47.8582520250576     
   47.8340461864941     
   47.8131228783650     
   47.7950605685428     
   47.7794718030274     
   47.7660145507152     
   47.7543915989727     
   47.7443431931465     
   47.7356501768920     
   47.7281227011470     
   47.7216037911175     
   47.7159494051160     
   47.7110436220841     
   47.7067861861988     
   47.7030998360074     
   47.6998989172839     
   47.6971092245327     
   47.6946729882200     
   47.6925492720900     
   47.6906951378677     
   47.6890752517315     
   47.6876585301065     
   47.6864165230415     
   47.6853246064348     
   47.6843621581334     
   47.6835118642250     
   47.6827587760698     
   47.6820896134056     
   47.6814936145457     
   47.6809612979309     
   47.6804911722220     
   47.6800798396713     
   47.6797067975539     
   47.6793760283637     
   47.6790808677211     
   47.6788689930492     
   47.6786716612561     
   47.6784845293140     
   47.6783033475803     
   47.6781256079623     
   47.6779499548624     
   47.6777757629541     
   47.6776026293361     
   47.6774307599395     
   47.6772602867869     
   47.6770912240905     
   47.6769240800955     
   47.6767592655803     
   47.6765971414205     
   47.6764382988560     
   47.6762819455317     
   47.6761308650942     
   47.6759864231913     
   47.6758508499538     
   47.6757277749933     
   47.6756220891583     
   47.6755287779608     
   47.6754433736216     
   47.6753593699738     
   47.6752852059906     
   47.6752178130589     
   47.6751360349194     
   47.6750573314698     
   47.6749755237220     
   47.6749042482956     
   47.6748369613328     
   47.6747726700844     
   47.6747174941596     
   47.6746656695749     
   47.6746197113196     
   47.6745786799568     
   47.6745510600734     
   47.6745310579677     
   47.6745384366254     
   47.6745422106717     
   47.6745263468149     
   47.6744810029538     
   47.6744131151857     
   47.6743675228687     
   47.6743763781769     
   47.6744809336689     
   47.6745881439071     
   47.6747561118944     
   47.6747285148190     
   524.585677635960     
