  0.385448929128381     
  0.385268186169510     
  0.385121140464714     
  0.384997259246434     
  0.384889114631750     
  0.384792206223734     
  0.384703963347793     
  0.384622524322626     
  0.384546441040009     
  0.384475344479947     
  0.384408368316959     
  0.384345801678778     
  0.384287052936922     
  0.384232011981102     
  0.384180287382489     
  0.384131781386249     
  0.384086355662735     
  0.384043787549031     
  0.384003931874176     
  0.383966671860688     
  0.383931844949085     
  0.383899314956159     
  0.383868943581793     
  0.383840611577319     
  0.383814172951721     
  0.383789553417149     
  0.383766611143481     
  0.383745237235602     
  0.383725343436637     
  0.383706682088101     
  0.383689439141988     
  0.383673444127963     
  0.383658573619185     
  0.383644736870579     
  0.383631853982826     
  0.383619864282821     
  0.383608701565107     
  0.383598310806570     
  0.383588609326900     
  0.383579599407852     
  0.383571204932286     
  0.383563383423512     
  0.383556093298327     
  0.383549293314306     
  0.383542960005734     
  0.383537056665469     
  0.383531570673582     
  0.383526452345690     
  0.383521685287343     
  0.383517234374958     
  0.383513149723951     
  0.383509328863076     
  0.383505758063139     
  0.383502418193099     
  0.383499297793746     
  0.383496379751013     
  0.383493653714877     
  0.383491103238055     
  0.383488720077751     
  0.383486493515661     
  0.383484414959765     
  0.383482471245037     
  0.383480663069490     
  0.383478971965941     
  0.383477398643352     
  0.383475926964732     
  0.383474553125826     
  0.383473275376731     
  0.383472085279601     
  0.383470457828065     
  0.383469449490174     
  0.383468552887945     
  0.383467733361370     
  0.383466991462805     
  0.383466317295214     
  0.383465702636532     
  0.383465124264477     
  0.383464594761764     
  0.383464099384029     
  0.383463643249373     
  0.383463228295082     
  0.383462435501839     
  0.383462116923644     
  0.383460306031030     
  0.383459968553130     
  0.383459913196860     
  0.383461570046798     
  0.383461855477825     
  0.383461953610613     
  0.383461942483826     
  0.383461886881456     
  0.383461788655904     
  0.383460129439238     
  0.383461494838067     
  0.383460134979814     
  0.383461936866532     
  0.383460449286359     
  0.383460547159299     
  0.383460861007399     
  0.383471111478186     
