  0.798893790890080     
  0.797790450437282     
  0.797076263184402     
  0.796594186505057     
  0.796260685348611     
  0.796024887815888     
  0.795853638661750     
  0.795726134547872     
  0.795629013410391     
  0.795553717614021     
  0.795494895177047     
  0.795447539636392     
  0.795409193147300     
  0.795377943437454     
  0.795352007309162     
  0.795330387579602     
  0.795312391926489     
  0.795297080439355     
  0.795284104068015     
  0.795273062479895     
  0.795263639085128     
  0.795255577432238     
  0.795248661366611     
  0.795242721011431     
  0.795237629512819     
  0.795233244531300     
  0.795229473245100     
  0.795226228221990     
  0.795223434121389     
  0.795221088269711     
  0.795219057679917     
  0.795217308307491     
  0.795215809323401     
  0.795214511762765     
  0.795213415607338     
  0.795212488858666     
  0.795211710429705     
  0.795211063326523     
  0.795210532963048     
  0.795210096249171     
  0.795209743625237     
  0.795209465157857     
  0.795209248133529     
  0.795209083246337     
  0.795208956171980     
  0.795208871303545     
  0.795208824957602     
  0.795208788613654     
  0.795208767792385     
  0.795208728304393     
  0.795208772542833     
  0.795208800850231     
  0.795208824847063     
  0.795208846847579     
  0.795208865152233     
  0.795208882480532     
  0.795208897683992     
  0.795208913116017     
  0.795208929011400     
  0.795208944782277     
  0.795208960161100     
  0.795208976355478     
  0.795208990469675     
  0.795209005890316     
  0.795209020410686     
  0.795209032184564     
  0.795209044811124     
  0.795209055290051     
  0.795209061888301     
  0.795209208090541     
  0.795209273859465     
  0.795209309430658     
  0.795209312856209     
  0.795209348888511     
  0.795209383981675     
  0.795209418401820     
  0.795209450007662     
  0.795209486400472     
  0.795209518332540     
  0.795209563494419     
  0.795209604025385     
  0.795209735526444     
  0.795209768914334     
  0.795210158235113     
  0.795210232674032     
  0.795210337024530     
  0.795210106930194     
  0.795210297971619     
  0.795210469113405     
  0.795210612417048     
  0.795210732611279     
  0.795210842517139     
  0.795211289146211     
  0.795211031563498     
  0.795211589253232     
  0.795211248090886     
  0.795212162267848     
  0.795212580487209     
  0.795213184028784     
  0.795217603526748     
