  0.576051519401521     
  0.590153301798137     
  0.599222302224161     
  0.605245031959190     
  0.609290969609758     
  0.612058446563106     
  0.613984041633570     
  0.615344256185287     
  0.616318051207651     
  0.617023671771437     
  0.617543097006071     
  0.617926515313057     
  0.618212491177428     
  0.618427476788339     
  0.618590014869255     
  0.618713597466437     
  0.618807975367970     
  0.618880036188647     
  0.618935143114526     
  0.618977148215509     
  0.619009003334236     
  0.619032946064331     
  0.619050682406248     
  0.619063557326526     
  0.619072589512864     
  0.619078650047114     
  0.619082306030687     
  0.619084090218882     
  0.619084375568710     
  0.619083843564496     
  0.619082313057258     
  0.619080050417991     
  0.619077247598875     
  0.619073949895513     
  0.619070282361200     
  0.619066332419259     
  0.619062166231161     
  0.619057826870000     
  0.619053373568838     
  0.619048812857199     
  0.619044193318766     
  0.619039537885945     
  0.619034867287873     
  0.619030207324606     
  0.619025598006374     
  0.619021063677612     
  0.619016635742318     
  0.619012282090037     
  0.619008051792785     
  0.619003967595514     
  0.619000224936279     
  0.618996609771312     
  0.618993087891206     
  0.618989652826625     
  0.618986299114919     
  0.618983026382163     
  0.618979834113695     
  0.618976723123539     
  0.618973696651613     
  0.618970755027124     
  0.618967901639400     
  0.618965139823760     
  0.618962468696333     
  0.618959887772145     
  0.618957400920999     
  0.618955004175859     
  0.618952709762691     
  0.618950529081856     
  0.618948473357618     
  0.618946785565019     
  0.618946330154825     
  0.618945553266232     
  0.618944624518286     
  0.618943777806225     
  0.618942983396204     
  0.618942228500407     
  0.618941442634611     
  0.618940651393157     
  0.618939852324802     
  0.618939090671536     
  0.618938346015237     
  0.618937649818578     
  0.618937885216375     
  0.618938409987139     
  0.618942435644668     
  0.618946878082931     
  0.618950707521902     
  0.618950394004568     
  0.618949107476038     
  0.618948204625647     
  0.618947402840730     
  0.618946412193079     
  0.618945174320731     
  0.618947844678103     
  0.618947370171403     
  0.618950084887015     
  0.618949526053094     
  0.618951944369519     
  0.618954128423599     
  0.000000000000000E+000
