  0.423948480598479     
  0.409846698201862     
  0.400777697775839     
  0.394754968040810     
  0.390709030390242     
  0.387941553436894     
  0.386015958366430     
  0.384655743814713     
  0.383681948792348     
  0.382976328228563     
  0.382456902993930     
  0.382073484686943     
  0.381787508822572     
  0.381572523211662     
  0.381409985130744     
  0.381286402533563     
  0.381192024632029     
  0.381119963811352     
  0.381064856885473     
  0.381022851784491     
  0.380990996665765     
  0.380967053935669     
  0.380949317593752     
  0.380936442673474     
  0.380927410487136     
  0.380921349952886     
  0.380917693969313     
  0.380915909781118     
  0.380915624431290     
  0.380916156435504     
  0.380917686942742     
  0.380919949582009     
  0.380922752401125     
  0.380926050104487     
  0.380929717638801     
  0.380933667580741     
  0.380937833768839     
  0.380942173130000     
  0.380946626431162     
  0.380951187142801     
  0.380955806681233     
  0.380960462114055     
  0.380965132712126     
  0.380969792675394     
  0.380974401993626     
  0.380978936322388     
  0.380983364257682     
  0.380987717909963     
  0.380991948207215     
  0.380996032404486     
  0.380999775063722     
  0.381003390228688     
  0.381006912108794     
  0.381010347173376     
  0.381013700885081     
  0.381016973617837     
  0.381020165886305     
  0.381023276876461     
  0.381026303348387     
  0.381029244972877     
  0.381032098360601     
  0.381034860176239     
  0.381037531303667     
  0.381040112227854     
  0.381042599079001     
  0.381044995824141     
  0.381047290237310     
  0.381049470918144     
  0.381051526642382     
  0.381053214434981     
  0.381053669845175     
  0.381054446733767     
  0.381055375481714     
  0.381056222193776     
  0.381057016603797     
  0.381057771499593     
  0.381058557365390     
  0.381059348606843     
  0.381060147675198     
  0.381060909328465     
  0.381061653984763     
  0.381062350181422     
  0.381062114783625     
  0.381061590012861     
  0.381057564355332     
  0.381053121917069     
  0.381049292478098     
  0.381049605995432     
  0.381050892523962     
  0.381051795374354     
  0.381052597159269     
  0.381053587806920     
  0.381054825679270     
  0.381052155321898     
  0.381052629828597     
  0.381049915112985     
  0.381050473946905     
  0.381048055630481     
  0.381045871576401     
  0.000000000000000E+000
