   8.09803899715478     
   8.09838874203248     
   8.09761394026434     
   8.09630147944588     
   8.09451731051445     
   8.09260470947897     
   8.09053887287184     
   8.08836175306972     
   8.08612842595488     
   8.08386943408633     
   8.08163630959223     
   8.07942292199762     
   8.07725102569021     
   8.07513506885409     
   8.07309553364618     
   8.07113512011654     
   8.06925598435627     
   8.06746865665739     
   8.06577046183415     
   8.06416121483514     
   8.06263967961970     
   8.06120477095264     
   8.05985368632312     
   8.05858413645550     
   8.05739179322380     
   8.05627656290301     
   8.05523206980359     
   8.05425539024546     
   8.05334222306070     
   8.05249197492921     
   8.05170077988319     
   8.05096366939889     
   8.05027725668550     
   8.04963752104949     
   8.04904016911894     
   8.04848273687084     
   8.04796262004463     
   8.04747737929765     
   8.04702482689742     
   8.04660285562140     
   8.04620902435114     
   8.04584127872621     
   8.04549780226638     
   8.04517687277980     
   8.04487681236651     
   8.04459764904509     
   8.04434024372162     
   8.04409893660160     
   8.04387487890403     
   8.04366398036708     
   8.04348245809210     
   8.04331291826244     
   8.04315465363963     
   8.04300673086436     
   8.04286837869311     
   8.04273879255848     
   8.04261742114183     
   8.04250357927434     
   8.04239683926830     
   8.04229675785639     
   8.04220284043581     
   8.04211474515074     
   8.04203215650691     
   8.04195460621631     
   8.04188191615282     
   8.04181329925698     
   8.04174888954855     
   8.04168846976489     
   8.04163175293988     
   8.04157575598997     
   8.04153075609301     
   8.04149252115799     
   8.04145977949564     
   8.04142580226979     
   8.04139620314672     
   8.04137120427149     
   8.04134391477074     
   8.04132018758477     
   8.04129621242803     
   8.04127555529259     
   8.04125630863777     
   8.04123425234416     
   8.04122346864617     
   8.04120178052836     
   8.04121136790160     
   8.04122094173756     
   8.04124245878400     
   8.04122383086270     
   8.04121332096910     
   8.04120668736731     
   8.04120018166947     
   8.04119593205860     
   8.04117965440051     
   8.04121198567366     
   8.04119113425348     
   8.04123937140719     
   8.04120384664825     
   8.04127231178706     
   8.04135546599887     
   8.04439833034671     
