  0.568778616173798     
  0.570537251672373     
  0.571833533101985     
  0.572783881818571     
  0.573478369557749     
  0.573985369292738     
  0.574359387722922     
  0.574637686309151     
  0.574846075016974     
  0.575002889470556     
  0.575121240868597     
  0.575210371166781     
  0.575277706493737     
  0.575328190676109     
  0.575365561562410     
  0.575392741039750     
  0.575412055435967     
  0.575425071730120     
  0.575433200233491     
  0.575437485515419     
  0.575438767615175     
  0.575437730350652     
  0.575434866121838     
  0.575430610792992     
  0.575425325925780     
  0.575419275660522     
  0.575412665537755     
  0.575405674708857     
  0.575398461366046     
  0.575391114935726     
  0.575383796914919     
  0.575376509480851     
  0.575369316540024     
  0.575362305630715     
  0.575355480994246     
  0.575348864977278     
  0.575342483649894     
  0.575336358793487     
  0.575330494280100     
  0.575324868543047     
  0.575319494488796     
  0.575314373376798     
  0.575309493396488     
  0.575304860821661     
  0.575300416856283     
  0.575296300704748     
  0.575292598524299     
  0.575289043608815     
  0.575285773037403     
  0.575282616018836     
  0.575280592551150     
  0.575278663047879     
  0.575276863347696     
  0.575275167578256     
  0.575273556712879     
  0.575272016165901     
  0.575270545015687     
  0.575269139167693     
  0.575267789589283     
  0.575266499682683     
  0.575265257810565     
  0.575264066710150     
  0.575262914866497     
  0.575261826960114     
  0.575260779593231     
  0.575259759063151     
  0.575258794172657     
  0.575257871566298     
  0.575256998618801     
  0.575256744772847     
  0.575254544111904     
  0.575253111866045     
  0.575252198650303     
  0.575251222782263     
  0.575250474147600     
  0.575249958128879     
  0.575249255711668     
  0.575248718041245     
  0.575248120029602     
  0.575247699973005     
  0.575247295628056     
  0.575247483094511     
  0.575246155106858     
  0.575247058197744     
  0.575242222101790     
  0.575237081701646     
  0.575230573024468     
  0.575230722963904     
  0.575232595935073     
  0.575233962723691     
  0.575234817895482     
  0.575235467778929     
  0.575238288675290     
  0.575232354383696     
  0.575234486471638     
  0.575229945753089     
  0.575233322997964     
  0.575234115415739     
  0.575233901464252     
  0.575250703647610     
