  0.291957775640073     
  0.279522836967600     
  0.271708015930994     
  0.266613982435154     
  0.263251306479994     
  0.260989949653403     
  0.259444743160925     
  0.258375226381516     
  0.257627489275265     
  0.257100806497618     
  0.256725612535883     
  0.256460103691986     
  0.256271962834976     
  0.256139212483474     
  0.256046530211346     
  0.255982870856932     
  0.255940320681454     
  0.255913340379546     
  0.255897673252745     
  0.255890317775343     
  0.255889009146466     
  0.255892065190164     
  0.255898240629820     
  0.255906575254727     
  0.255916377010985     
  0.255927046975684     
  0.255938259478197     
  0.255949689194489     
  0.255961144293271     
  0.255972121759945     
  0.255982909771930     
  0.255993373094634     
  0.256003431474531     
  0.256013131813519     
  0.256022442330441     
  0.256031352936302     
  0.256039867096921     
  0.256048003087183     
  0.256055758044737     
  0.256063173974034     
  0.256070250445614     
  0.256077006330790     
  0.256083458635478     
  0.256089616581547     
  0.256095474759264     
  0.256101033671467     
  0.256106282020279     
  0.256111285787218     
  0.256116013864258     
  0.256120476662105     
  0.256124456965319     
  0.256128214398150     
  0.256131790730916     
  0.256135202941577     
  0.256138466066913     
  0.256141590181992     
  0.256144583851988     
  0.256147454393214     
  0.256150205709225     
  0.256152843457855     
  0.256155370459413     
  0.256157788454939     
  0.256160102800963     
  0.256162317782372     
  0.256164433521019     
  0.256166458171757     
  0.256168382509721     
  0.256170199200771     
  0.256171901343420     
  0.256173267411617     
  0.256173519400312     
  0.256174052141816     
  0.256174713845243     
  0.256175322367676     
  0.256175882311519     
  0.256176403480452     
  0.256176973765143     
  0.256177548545298     
  0.256178143363989     
  0.256178704623540     
  0.256179257086245     
  0.256179774986612     
  0.256179430721612     
  0.256178834818520     
  0.256175003218973     
  0.256170833309657     
  0.256167241408696     
  0.256167533594954     
  0.256168668062074     
  0.256169448149544     
  0.256170147065524     
  0.256171014390206     
  0.256172108365878     
  0.256169570497436     
  0.256170035329440     
  0.256167427688132     
  0.256168037322880     
  0.256165548367497     
  0.256163164915133     
  0.000000000000000E+000
