  0.708042224359927     
  0.720477163032400     
  0.728291984069006     
  0.733386017564846     
  0.736748693520006     
  0.739010050346597     
  0.740555256839075     
  0.741624773618484     
  0.742372510724735     
  0.742899193502382     
  0.743274387464117     
  0.743539896308014     
  0.743728037165024     
  0.743860787516526     
  0.743953469788653     
  0.744017129143068     
  0.744059679318546     
  0.744086659620454     
  0.744102326747255     
  0.744109682224657     
  0.744110990853534     
  0.744107934809836     
  0.744101759370180     
  0.744093424745273     
  0.744083622989015     
  0.744072953024316     
  0.744061740521803     
  0.744050310805511     
  0.744038855706729     
  0.744027878240055     
  0.744017090228070     
  0.744006626905366     
  0.743996568525469     
  0.743986868186481     
  0.743977557669559     
  0.743968647063698     
  0.743960132903079     
  0.743951996912817     
  0.743944241955263     
  0.743936826025966     
  0.743929749554386     
  0.743922993669211     
  0.743916541364522     
  0.743910383418453     
  0.743904525240735     
  0.743898966328533     
  0.743893717979721     
  0.743888714212782     
  0.743883986135742     
  0.743879523337895     
  0.743875543034681     
  0.743871785601850     
  0.743868209269084     
  0.743864797058423     
  0.743861533933087     
  0.743858409818008     
  0.743855416148012     
  0.743852545606786     
  0.743849794290775     
  0.743847156542145     
  0.743844629540587     
  0.743842211545061     
  0.743839897199037     
  0.743837682217628     
  0.743835566478982     
  0.743833541828243     
  0.743831617490279     
  0.743829800799229     
  0.743828098656580     
  0.743826732588383     
  0.743826480599688     
  0.743825947858184     
  0.743825286154757     
  0.743824677632324     
  0.743824117688481     
  0.743823596519548     
  0.743823026234857     
  0.743822451454702     
  0.743821856636011     
  0.743821295376460     
  0.743820742913756     
  0.743820225013388     
  0.743820569278388     
  0.743821165181480     
  0.743824996781027     
  0.743829166690343     
  0.743832758591304     
  0.743832466405046     
  0.743831331937926     
  0.743830551850456     
  0.743829852934476     
  0.743828985609794     
  0.743827891634122     
  0.743830429502564     
  0.743829964670560     
  0.743832572311868     
  0.743831962677120     
  0.743834451632503     
  0.743836835084867     
  0.000000000000000E+000
