  2.126435492557693E-002
  2.126225920240703E-002
  2.126759017564745E-002
  2.127646961981889E-002
  2.128844590076532E-002
  2.130128969023300E-002
  2.131516112619415E-002
  2.132977728983080E-002
  2.134477374748030E-002
  2.135995103194713E-002
  2.137495978518989E-002
  2.138985486385184E-002
  2.140447224585561E-002
  2.141872090297219E-002
  2.143246364549857E-002
  2.144568268141312E-002
  2.145836013578669E-002
  2.147042726958882E-002
  2.148189996319837E-002
  2.149277901829196E-002
  2.150307157559806E-002
  2.151278328125672E-002
  2.152193355601295E-002
  2.153053647208298E-002
  2.153862029153045E-002
  2.154618459234721E-002
  2.155327300214764E-002
  2.155990471302923E-002
  2.156610800342971E-002
  2.157188807896378E-002
  2.157726658858087E-002
  2.158228030975871E-002
  2.158695155174484E-002
  2.159130548449521E-002
  2.159537239192221E-002
  2.159916880014272E-002
  2.160271197938381E-002
  2.160601783488492E-002
  2.160910129322596E-002
  2.161197738256451E-002
  2.161466214396144E-002
  2.161716944961930E-002
  2.161951201792566E-002
  2.162170098958920E-002
  2.162374979712977E-002
  2.162565278724173E-002
  2.162740044164351E-002
  2.162904123346211E-002
  2.163056176599949E-002
  2.163199639034929E-002
  2.163319556201957E-002
  2.163431682753127E-002
  2.163536326383615E-002
  2.163634171684838E-002
  2.163725770011498E-002
  2.163811692948125E-002
  2.163892278040132E-002
  2.163967979940246E-002
  2.164039098652598E-002
  2.164105888977349E-002
  2.164168706747546E-002
  2.164227751978236E-002
  2.164283259879746E-002
  2.164335425381032E-002
  2.164384447301285E-002
  2.164430893140616E-002
  2.164474550850114E-002
  2.164515606129674E-002
  2.164554219473624E-002
  2.164590534098809E-002
  2.164626609136586E-002
  2.164655374362020E-002
  2.164678637649540E-002
  2.164703230914630E-002
  2.164724150296858E-002
  2.164741198496100E-002
  2.164760667515635E-002
  2.164777181529791E-002
  2.164794214922834E-002
  2.164808412527519E-002
  2.164821693287974E-002
  2.164834976469376E-002
  2.164846095367514E-002
  2.164857080868963E-002
  2.164867409935413E-002
  2.164878736251030E-002
  2.164886348309578E-002
  2.164897570442643E-002
  2.164897085342405E-002
  2.164895838086530E-002
  2.164896395099268E-002
  2.164896059349568E-002
  2.164896535837630E-002
  2.164894836199635E-002
  2.164901128504727E-002
  2.164883571097955E-002
  2.164896093338107E-002
  2.164845632308714E-002
  2.164787769189010E-002
  2.162688995212280E-002
