  0.148215897822767     
  0.150274217902768     
  0.151266791369744     
  0.151787108734450     
  0.152091102236496     
  0.152271363718764     
  0.152400148497366     
  0.152493484510757     
  0.152561753299909     
  0.152613701550139     
  0.152654382742328     
  0.152690279570305     
  0.152718736782263     
  0.152742404517763     
  0.152762840897859     
  0.152780931167445     
  0.152797232951086     
  0.152812154848474     
  0.152825983460750     
  0.152838954791217     
  0.152851216831276     
  0.152862849400633     
  0.152873940599093     
  0.152884554621496     
  0.152894774582295     
  0.152904569419518     
  0.152914102820514     
  0.152923274332039     
  0.152932206002165     
  0.152940699550359     
  0.152949608842950     
  0.152957869588376     
  0.152965695635095     
  0.152973190837687     
  0.152980259289050     
  0.152986928236193     
  0.152993213337194     
  0.152999122426915     
  0.153004665067776     
  0.153009945455296     
  0.153014867137185     
  0.153019479771108     
  0.153023770564661     
  0.153027745857114     
  0.153031424059463     
  0.153034849947635     
  0.153037981878557     
  0.153040868138907     
  0.153043517835627     
  0.153045949400391     
  0.153048118125791     
  0.153050096501764     
  0.153051930833867     
  0.153053597632380     
  0.153055121771315     
  0.153056517494697     
  0.153057795329045     
  0.153058964857765     
  0.153060034055421     
  0.153061010520895     
  0.153061901397583     
  0.153062715787149     
  0.153063461997142     
  0.153064140499561     
  0.153064754908334     
  0.153065311897145     
  0.153065814555383     
  0.153066265868678     
  0.153066672374784     
  0.153067028443611     
  0.153067651972918     
  0.153069448465173     
  0.153070654149371     
  0.153071474661500     
  0.153072142400655     
  0.153072688583968     
  0.153073159094323     
  0.153073555605555     
  0.153073898574935     
  0.153074184445066     
  0.153074427540658     
  0.153074636627171     
  0.153074859781510     
  0.153076570649864     
  0.153078567491981     
  0.153086166594604     
  0.153093613284959     
  0.153099018921595     
  0.153096515976162     
  0.153092525790397     
  0.153089868145148     
  0.153088132266019     
  0.153087001799366     
  0.153086245384852     
  0.153092325155372     
  0.153091839900071     
  0.153096153423737     
  0.153093485299316     
  0.153097024047575     
  1.224125572142006E-002
  0.917764212416399     
  0.924336424527752     
  0.928437626488653     
  0.931100326616983     
  0.932861296457389     
  0.934031916169704     
  0.934827725386861     
  0.935377575887294     
  0.935763664280380     
  0.936039956930652     
  0.936241700570418     
  0.936393229182984     
  0.936507971698394     
  0.936596751589695     
  0.936666795417305     
  0.936723047700923     
  0.936768963117758     
  0.936806971738189     
  0.936838844753322     
  0.936865894371344     
  0.936889091122839     
  0.936909159322145     
  0.936926666440150     
  0.936942055009749     
  0.936955689022757     
  0.936967819306748     
  0.936978722873815     
  0.936988531984946     
  0.936997441327937     
  0.937005496982175     
  0.937013135099510     
  0.937019993988442     
  0.937026228009195     
  0.937031933181641     
  0.937037118947314     
  0.937041837496070     
  0.937046131201996     
  0.937050033723525     
  0.937053572083297     
  0.937056808046768     
  0.937059721679759     
  0.937062351849534     
  0.937064708992680     
  0.937066810678150     
  0.937068678728780     
  0.937070350943710     
  0.937071826253408     
  0.937073125623319     
  0.937074268072689     
  0.937075274883515     
  0.937076180289654     
  0.937076979277685     
  0.937077681444295     
  0.937078272837205     
  0.937078762858421     
  0.937079159262440     
  0.937079469419760     
  0.937079701060317     
  0.937079861884400     
  0.937079958945418     
  0.937079999108742     
  0.937079990034647     
  0.937079938916602     
  0.937079849351160     
  0.937079726516311     
  0.937079575153194     
  0.937079401779285     
  0.937079212629408     
  0.937079016664981     
  0.937078820283460     
  0.937078771739188     
  0.937079222574728     
  0.937079440750357     
  0.937079517919268     
  0.937079550259272     
  0.937079548639981     
  0.937079520946045     
  0.937079465151532     
  0.937079387219064     
  0.937079296693713     
  0.937079197631328     
  0.937079093363842     
  0.937079007235902     
  0.937079542616567     
  0.937080207871795     
  0.937083191064875     
  0.937086132230845     
  0.937088262898009     
  0.937087175795482     
  0.937085493349972     
  0.937084362583469     
  0.937083599009372     
  0.937083037523439     
  0.937082604417244     
  0.937085014801404     
  0.937084813656480     
  0.937086697548512     
  0.937085692573161     
  0.937086927792593     
  3.544695805689390E-004
  0.000000000000000E+000
  0.000000000000000E+000
  0.000000000000000E+000
  0.000000000000000E+000
  0.000000000000000E+000
  0.000000000000000E+000
  0.000000000000000E+000
  0.000000000000000E+000
  0.000000000000000E+000
  0.000000000000000E+000
  0.000000000000000E+000
  0.000000000000000E+000
  0.000000000000000E+000
  0.000000000000000E+000
  0.000000000000000E+000
  0.000000000000000E+000
  0.000000000000000E+000
  0.000000000000000E+000
  0.000000000000000E+000
  0.000000000000000E+000
  0.000000000000000E+000
  0.000000000000000E+000
  0.000000000000000E+000
  0.000000000000000E+000
  0.000000000000000E+000
  0.000000000000000E+000
  0.000000000000000E+000
  0.000000000000000E+000
  0.000000000000000E+000
  0.000000000000000E+000
  0.000000000000000E+000
  0.000000000000000E+000
  0.000000000000000E+000
  0.000000000000000E+000
  0.000000000000000E+000
  0.000000000000000E+000
  0.000000000000000E+000
  0.000000000000000E+000
  0.000000000000000E+000
  0.000000000000000E+000
  0.000000000000000E+000
  0.000000000000000E+000
  0.000000000000000E+000
  0.000000000000000E+000
  0.000000000000000E+000
  0.000000000000000E+000
  0.000000000000000E+000
  0.000000000000000E+000
  0.000000000000000E+000
  0.000000000000000E+000
  0.000000000000000E+000
  0.000000000000000E+000
  0.000000000000000E+000
  0.000000000000000E+000
  0.000000000000000E+000
  0.000000000000000E+000
  0.000000000000000E+000
  0.000000000000000E+000
  0.000000000000000E+000
  0.000000000000000E+000
  0.000000000000000E+000
  0.000000000000000E+000
  0.000000000000000E+000
  0.000000000000000E+000
  0.000000000000000E+000
  0.000000000000000E+000
  0.000000000000000E+000
  0.000000000000000E+000
  0.000000000000000E+000
  0.000000000000000E+000
  0.000000000000000E+000
  0.000000000000000E+000
  0.000000000000000E+000
  0.000000000000000E+000
  0.000000000000000E+000
  0.000000000000000E+000
  0.000000000000000E+000
  0.000000000000000E+000
  0.000000000000000E+000
  0.000000000000000E+000
  0.000000000000000E+000
  0.000000000000000E+000
  0.000000000000000E+000
  0.000000000000000E+000
  0.000000000000000E+000
  0.000000000000000E+000
  0.000000000000000E+000
  0.000000000000000E+000
  0.000000000000000E+000
  0.000000000000000E+000
  0.000000000000000E+000
  0.000000000000000E+000
  0.000000000000000E+000
  0.000000000000000E+000
  0.000000000000000E+000
  0.000000000000000E+000
  0.000000000000000E+000
  0.000000000000000E+000
  0.000000000000000E+000
  1.024284526766462E-005
  8.223578758360116E-002
  7.566357547224910E-002
  7.156237351134667E-002
  6.889967338301649E-002
  6.713870354261070E-002
  6.596808383029643E-002
  6.517227461313903E-002
  6.462242411270593E-002
  6.423633571962019E-002
  6.396004306934817E-002
  6.375829942958189E-002
  6.360677081701596E-002
  6.349202830160623E-002
  6.340324841030437E-002
  6.333320458269469E-002
  6.327695229907668E-002
  6.323103688224224E-002
  6.319302826181145E-002
  6.316115524667738E-002
  6.313410562865679E-002
  6.311090887716136E-002
  6.309084067785616E-002
  6.307333355984980E-002
  6.305794499025157E-002
  6.304431097724236E-002
  6.303218069325137E-002
  6.302127712618501E-002
  6.301146801505332E-002
  6.300255867206246E-002
  6.299450301782493E-002
  6.298686490049039E-002
  6.298000601155854E-002
  6.297377199080538E-002
  6.296806681835855E-002
  6.296288105268572E-002
  6.295816250393023E-002
  6.295386879800406E-002
  6.294996627647426E-002
  6.294642791670296E-002
  6.294319195323182E-002
  6.294027832024127E-002
  6.293764815046619E-002
  6.293529100731980E-002
  6.293318932185042E-002
  6.293132127122057E-002
  6.292964905629031E-002
  6.292817374659362E-002
  6.292687437668128E-002
  6.292573192731017E-002
  6.292472511648435E-002
  6.292381971034679E-002
  6.292302072231605E-002
  6.292231855570468E-002
  6.292172716279473E-002
  6.292123714157968E-002
  6.292084073755944E-002
  6.292053058024004E-002
  6.292029893968332E-002
  6.292013811559986E-002
  6.292004105458236E-002
  6.292000089125800E-002
  6.292000996535292E-002
  6.292006108339855E-002
  6.292015064883948E-002
  6.292027348368986E-002
  6.292042484680530E-002
  6.292059822071402E-002
  6.292078737059249E-002
  6.292098333501894E-002
  6.292117971654096E-002
  6.292122826081173E-002
  6.292077742527213E-002
  6.292055924964338E-002
  6.292048208073121E-002
  6.292044974072789E-002
  6.292045136001982E-002
  6.292047905395547E-002
  6.292053484846775E-002
  6.292061278093426E-002
  6.292070330628755E-002
  6.292080236867163E-002
  6.292090663615800E-002
  6.292099276409759E-002
  6.292045738343267E-002
  6.291979212820568E-002
  6.291680893512507E-002
  6.291386776915504E-002
  6.291173710199040E-002
  6.291282420451776E-002
  6.291450665002794E-002
  6.291563741653104E-002
  6.291640099062872E-002
  6.291696247656095E-002
  6.291739558275568E-002
  6.291498519859594E-002
  6.291518634351986E-002
  6.291330245148709E-002
  6.291430742683883E-002
  6.291307220740802E-002
  1.929831705450285E-007
