  0.129793101999684     
  0.129623862512173     
  0.129503294106982     
  0.129422700090756     
  0.129371855148913     
  0.129340368753582     
  0.129322412388981     
  0.129313674598078     
  0.129310969923889     
  0.129312404901809     
  0.129316207879766     
  0.129322060277503     
  0.129329001053432     
  0.129336605462014     
  0.129344511609300     
  0.129352524371689     
  0.129360489328291     
  0.129368269789947     
  0.129375800453903     
  0.129383053347742     
  0.129389985917047     
  0.129396578088258     
  0.129402827372228     
  0.129408733250822     
  0.129414287206511     
  0.129419510501788     
  0.129424417552878     
  0.129429018301193     
  0.129433330836113     
  0.129437279018309     
  0.129441001268842     
  0.129444489300791     
  0.129447743651656     
  0.129450773288276     
  0.129453605792040     
  0.129456253507381     
  0.129458726224728     
  0.129461034506433     
  0.129463181166242     
  0.129465193030147     
  0.129467072617821     
  0.129468827609151     
  0.129470467833160     
  0.129471998687173     
  0.129473437050625     
  0.129474764981447     
  0.129475970932803     
  0.129477109046550     
  0.129478159485316     
  0.129479160635002     
  0.129479910135283     
  0.129480615506889     
  0.129481272458164     
  0.129481887404801     
  0.129482466041651     
  0.129483010804471     
  0.129483524847839     
  0.129484010119083     
  0.129484468540073     
  0.129484901868264     
  0.129485312232494     
  0.129485700903640     
  0.129486069750389     
  0.129486418936911     
  0.129486749122192     
  0.129487067215337     
  0.129487366838241     
  0.129487651090645     
  0.129487920507638     
  0.129488012261292     
  0.129488197227128     
  0.129488391088467     
  0.129488577553436     
  0.129488740594460     
  0.129488882613707     
  0.129489000378018     
  0.129489141905351     
  0.129489261767244     
  0.129489390717196     
  0.129489487636441     
  0.129489581062425     
  0.129489543036341     
  0.129489632200462     
  0.129489207267704     
  0.129489244711127     
  0.129489271200084     
  0.129489771022532     
  0.129489731284640     
  0.129489648686623     
  0.129489597642155     
  0.129489577612726     
  0.129489553120470     
  0.129489035754534     
  0.129489501987489     
  0.129488854477276     
  0.129489305206020     
  0.129488285406807     
  0.129487760799046     
  0.129487236609431     
  0.129488481108259     
