  0.133815323454422     
  0.133335380256293     
  0.133023542068390     
  0.132812544845691     
  0.132666322823968     
  0.132562887959345     
  0.132487966782593     
  0.132432230677159     
  0.132389795737203     
  0.132356913763239     
  0.132331253903739     
  0.132310587922776     
  0.132293871702164     
  0.132280256097245     
  0.132268961723834     
  0.132259555214758     
  0.132251729681600     
  0.132245077333313     
  0.132239443575052     
  0.132234654999604     
  0.132230571699338     
  0.132227081533272     
  0.132224091383549     
  0.132221524877055     
  0.132219328984318     
  0.132217437998739     
  0.132215815527494     
  0.132214421727133     
  0.132213222720546     
  0.132212216040703     
  0.132211350944667     
  0.132210605923242     
  0.132209967926587     
  0.132209415661436     
  0.132208951125079     
  0.132208559329105     
  0.132208231234896     
  0.132207958378682     
  0.132207737386973     
  0.132207555279030     
  0.132207410108981     
  0.132207296211406     
  0.132207209620172     
  0.132207145795801     
  0.132207098605862     
  0.132207067530595     
  0.132207046983747     
  0.132207035057916     
  0.132207028900152     
  0.132207022809298     
  0.132207011484458     
  0.132207000082066     
  0.132206990803579     
  0.132206984311963     
  0.132206979554177     
  0.132206976377291     
  0.132206974804902     
  0.132206976047379     
  0.132206978898103     
  0.132206983309637     
  0.132206988694144     
  0.132206996257572     
  0.132207002357458     
  0.132207011429307     
  0.132207018651108     
  0.132207027173337     
  0.132207036810479     
  0.132207044653043     
  0.132207049737575     
  0.132207265248205     
  0.132207204571667     
  0.132207197707805     
  0.132207226102026     
  0.132207238864140     
  0.132207258641383     
  0.132207285664157     
  0.132207307796102     
  0.132207333916148     
  0.132207358097573     
  0.132207383664188     
  0.132207404442205     
  0.132207573100957     
  0.132207581035606     
  0.132208173136431     
  0.132208246115919     
  0.132208330718497     
  0.132207899624050     
  0.132208022595725     
  0.132208196647832     
  0.132208326637673     
  0.132208415658153     
  0.132208490504690     
  0.132209130233352     
  0.132208618154551     
  0.132209164980899     
  0.132208612294478     
  0.132209148641737     
  0.132209357839545     
  0.132209612062342     
  0.133828354766542     
