  7.157743114236810E-002
  7.210856304645473E-002
  7.244689789405633E-002
  7.266718981726886E-002
  7.281064732386351E-002
  7.290447529405893E-002
  7.296624968841328E-002
  7.300657094789451E-002
  7.303236459141539E-002
  7.304837239607957E-002
  7.305799980428777E-002
  7.306285798708800E-002
  7.306462811369344E-002
  7.306435432294238E-002
  7.306260646766828E-002
  7.305993375222103E-002
  7.305674689129953E-002
  7.305314910404302E-002
  7.304938156535704E-002
  7.304556084899816E-002
  7.304176855848421E-002
  7.303806136272759E-002
  7.303447267722477E-002
  7.303102755506506E-002
  7.302774944486976E-002
  7.302463490626078E-002
  7.302169094052045E-002
  7.301891596403016E-002
  7.301630564192287E-002
  7.301388415696558E-002
  7.301160946624005E-002
  7.300947515943010E-002
  7.300747761517667E-002
  7.300560227548478E-002
  7.300385495401242E-002
  7.300222484458983E-002
  7.300070516956959E-002
  7.299928908247112E-002
  7.299797083472397E-002
  7.299673878840855E-002
  7.299558980624475E-002
  7.299451879329664E-002
  7.299351960527689E-002
  7.299258745110473E-002
  7.299171481835057E-002
  7.299090625466464E-002
  7.299016001770656E-002
  7.298945892127749E-002
  7.298880727902606E-002
  7.298819270395265E-002
  7.298766795668450E-002
  7.298717396204205E-002
  7.298671150990789E-002
  7.298627834293397E-002
  7.298587031103161E-002
  7.298548625146675E-002
  7.298512403339334E-002
  7.298478375164148E-002
  7.298446317342810E-002
  7.298416139215752E-002
  7.298387687268801E-002
  7.298360966576112E-002
  7.298335610174382E-002
  7.298311932090501E-002
  7.298289476100357E-002
  7.298268262908827E-002
  7.298248463986287E-002
  7.298229865379025E-002
  7.298212377508392E-002
  7.298208610581554E-002
  7.298193764436810E-002
  7.298180697497811E-002
  7.298169413617372E-002
  7.298159427795591E-002
  7.298150837735035E-002
  7.298143793257580E-002
  7.298136198653699E-002
  7.298129504527889E-002
  7.298122728040482E-002
  7.298117162114488E-002
  7.298111726461477E-002
  7.298114344720913E-002
  7.298109370036744E-002
  7.298135364191249E-002
  7.298135209764556E-002
  7.298137376391706E-002
  7.298113674348006E-002
  7.298122366315136E-002
  7.298134260460394E-002
  7.298144102933272E-002
  7.298150752547226E-002
  7.298154301829654E-002
  7.298184734075026E-002
  7.298154810226704E-002
  7.298186998197455E-002
  7.298158653690899E-002
  7.298205464944203E-002
  7.298225887104504E-002
  7.298242785232176E-002
  7.459761280874892E-002
