  3.496226361535999E-002
  3.496251325385256E-002
  3.496263768292926E-002
  3.496269608388985E-002
  3.496268480068371E-002
  3.496267599501625E-002
  3.496264916814397E-002
  3.496261347809188E-002
  3.496257386663439E-002
  3.496253288124989E-002
  3.496249340158294E-002
  3.496245663469023E-002
  3.496241931414593E-002
  3.496238356996441E-002
  3.496235002979008E-002
  3.496232109369717E-002
  3.496229416554396E-002
  3.496227160569083E-002
  3.496225203929628E-002
  3.496223636107981E-002
  3.496222351120559E-002
  3.496221289171522E-002
  3.496220551547911E-002
  3.496219994963662E-002
  3.496219645655940E-002
  3.496219391659540E-002
  3.496219375780279E-002
  3.496219502228387E-002
  3.496219722812995E-002
  3.496220037531678E-002
  3.496220615572454E-002
  3.496221193684097E-002
  3.496221771661499E-002
  3.496222299886143E-002
  3.496222902402460E-002
  3.496223522491502E-002
  3.496224165754966E-002
  3.496224714730590E-002
  3.496225367165762E-002
  3.496225962455832E-002
  3.496226603417133E-002
  3.496227187432085E-002
  3.496227827654032E-002
  3.496228469648745E-002
  3.496229158466507E-002
  3.496229589065143E-002
  3.496229435322649E-002
  3.496229509900179E-002
  3.496229373871507E-002
  3.496229548532874E-002
  3.496226469477772E-002
  3.496223694688679E-002
  3.496221085672371E-002
  3.496218635092661E-002
  3.496216417204041E-002
  3.496214354499672E-002
  3.496212501962198E-002
  3.496210834482984E-002
  3.496209344133274E-002
  3.496208003134708E-002
  3.496206798464035E-002
  3.496205760439846E-002
  3.496204811966230E-002
  3.496204002335349E-002
  3.496203247669333E-002
  3.496202720072809E-002
  3.496202281487721E-002
  3.496201861955256E-002
  3.496201518438048E-002
  3.496210113367090E-002
  3.496204137156490E-002
  3.496202821280567E-002
  3.496204308626656E-002
  3.496204069630768E-002
  3.496204297235125E-002
  3.496204694009127E-002
  3.496205135889054E-002
  3.496205556550617E-002
  3.496206082037294E-002
  3.496206270578513E-002
  3.496206286359411E-002
  3.496213416875631E-002
  3.496212661028884E-002
  3.496239741516591E-002
  3.496241554657055E-002
  3.496242720575626E-002
  3.496218927368613E-002
  3.496219014532282E-002
  3.496222088247927E-002
  3.496222893700732E-002
  3.496221878568018E-002
  3.496220319948908E-002
  3.496246113354430E-002
  3.496217053984286E-002
  3.496234496618211E-002
  3.496206306061710E-002
  3.496214264349799E-002
  3.496215985525655E-002
  3.496216188619829E-002
  3.496584884347453E-002
