  6.850566021320391E-003
  6.596560990592778E-003
  6.433231823586248E-003
  6.324894271376508E-003
  6.252140991901870E-003
  6.202598531682232E-003
  6.168272714087487E-003
  6.144155842925815E-003
  6.127029452919002E-003
  6.114760555769091E-003
  6.105907696618965E-003
  6.099506264156643E-003
  6.094872593686280E-003
  6.091530631821951E-003
  6.089141345608993E-003
  6.087457348890954E-003
  6.086299060014394E-003
  6.085537540473482E-003
  6.085073733766473E-003
  6.084834583351082E-003
  6.084764720521178E-003
  6.084821897049051E-003
  6.084974078335749E-003
  6.085196149983043E-003
  6.085468837802042E-003
  6.085776784177798E-003
  6.086108731544050E-003
  6.086455311120832E-003
  6.086809224094255E-003
  6.087163777088753E-003
  6.087516360067782E-003
  6.087863841969484E-003
  6.088203855245210E-003
  6.088534832881409E-003
  6.088855504805865E-003
  6.089164963059621E-003
  6.089462625706292E-003
  6.089748381565621E-003
  6.090022330500616E-003
  6.090284538623271E-003
  6.090535046934652E-003
  6.090773969886515E-003
  6.091001570349121E-003
  6.091218048232015E-003
  6.091423636988658E-003
  6.091617830030473E-003
  6.091800481007789E-003
  6.091973386268893E-003
  6.092135848255560E-003
  6.092288236898146E-003
  6.092424921811290E-003
  6.092553099198860E-003
  6.092673471433316E-003
  6.092786790408584E-003
  6.092893647482848E-003
  6.092994490946185E-003
  6.093089723815065E-003
  6.093179689332505E-003
  6.093264665143767E-003
  6.093344936804495E-003
  6.093420774949699E-003
  6.093492393573456E-003
  6.093559993134684E-003
  6.093623775142440E-003
  6.093683885021675E-003
  6.093740629786439E-003
  6.093793878923812E-003
  6.093843614760741E-003
  6.093889677234034E-003
  6.093931678990848E-003
  6.093968737002658E-003
  6.094003137048781E-003
  6.094034873605805E-003
  6.094063759670984E-003
  6.094089730140691E-003
  6.094113213618207E-003
  6.094136737124517E-003
  6.094159053930421E-003
  6.094180827411380E-003
  6.094200754617573E-003
  6.094219585827819E-003
  6.094237461184733E-003
  6.094253846898390E-003
  6.094269256713166E-003
  6.094283420255380E-003
  6.094296299053089E-003
  6.094307314474227E-003
  6.094316150399762E-003
  6.094322272064742E-003
  6.094328176999556E-003
  6.094336383843089E-003
  6.094350182587653E-003
  6.094369640548041E-003
  6.094389169142372E-003
  6.094401857856670E-003
  6.094405038608289E-003
  6.094402188397844E-003
  6.094399115307703E-003
  6.094420014534749E-003
  6.094387562185461E-003
