  2.042506267537389E-002
  1.966774296539279E-002
  1.918077466781812E-002
  1.885776467315604E-002
  1.864084970751878E-002
  1.849313813858727E-002
  1.839079521194837E-002
  1.831889040824633E-002
  1.826782782623445E-002
  1.823124793014030E-002
  1.820485300124915E-002
  1.818576703684155E-002
  1.817195168063875E-002
  1.816198757251625E-002
  1.815486388076621E-002
  1.814984301994930E-002
  1.814638956474177E-002
  1.814411908310525E-002
  1.814273623663219E-002
  1.814202320617495E-002
  1.814181490912699E-002
  1.814198538178016E-002
  1.814243911250960E-002
  1.814310122237039E-002
  1.814391424508660E-002
  1.814483239170473E-002
  1.814582209762669E-002
  1.814685542969827E-002
  1.814791062639887E-002
  1.814896773133206E-002
  1.815001896263486E-002
  1.815105498500135E-002
  1.815206873955033E-002
  1.815305555420802E-002
  1.815401164223565E-002
  1.815493429654049E-002
  1.815582178206998E-002
  1.815667376733944E-002
  1.815749055009091E-002
  1.815827232743970E-002
  1.815901922162991E-002
  1.815973157390154E-002
  1.816041016800572E-002
  1.816105559997634E-002
  1.816166856585763E-002
  1.816224755524888E-002
  1.816279213180610E-002
  1.816330765136810E-002
  1.816379203415502E-002
  1.816424638311895E-002
  1.816465391118445E-002
  1.816503607393834E-002
  1.816539496551382E-002
  1.816573282769382E-002
  1.816605142362181E-002
  1.816635208988121E-002
  1.816663602807124E-002
  1.816690426157553E-002
  1.816715761819837E-002
  1.816739694932765E-002
  1.816762306186545E-002
  1.816783659383875E-002
  1.816803814291770E-002
  1.816822830990609E-002
  1.816840752838919E-002
  1.816857671373438E-002
  1.816873547681523E-002
  1.816888376493968E-002
  1.816902110087652E-002
  1.816914632972811E-002
  1.816925681873178E-002
  1.816935938297198E-002
  1.816945400598025E-002
  1.816954013020580E-002
  1.816961756154041E-002
  1.816968757787171E-002
  1.816975771354952E-002
  1.816982425143250E-002
  1.816988916938388E-002
  1.816994858264036E-002
  1.817000472816866E-002
  1.817005802380668E-002
  1.817010687805133E-002
  1.817015282263905E-002
  1.817019505144721E-002
  1.817023344977056E-002
  1.817026629240970E-002
  1.817029263685098E-002
  1.817031088868434E-002
  1.817032849433389E-002
  1.817035296315773E-002
  1.817039410431633E-002
  1.817045211850937E-002
  1.817051034329867E-002
  1.817054817488569E-002
  1.817055765834322E-002
  1.817054916039928E-002
  1.817053999793592E-002
  1.817060230928671E-002
  1.817050555213307E-002
