   1.33610267074604     
   1.33611964228206     
   1.33607647240269     
   1.33600457661558     
   1.33590762468229     
   1.33580367367113     
   1.33569143294591     
   1.33557319717266     
   1.33545191801321     
   1.33532921044581     
   1.33520789903803     
   1.33508753944098     
   1.33496945572820     
   1.33485438114451     
   1.33474342088543     
   1.33463671545384     
   1.33453440600405     
   1.33443704403042     
   1.33434449817135     
   1.33425675893184     
   1.33417376587086     
   1.33409547079445     
   1.33402171467160     
   1.33395238182204     
   1.33388724243979     
   1.33382629806534     
   1.33376919552713     
   1.33371577875328     
   1.33366581866700     
   1.33361927217398     
   1.33357596388105     
   1.33353559673862     
   1.33349799034227     
   1.33346294137565     
   1.33343020547166     
   1.33339964910427     
   1.33337113282962     
   1.33334452825433     
   1.33331971491734     
   1.33329657159027     
   1.33327496894013     
   1.33325479512672     
   1.33323594762795     
   1.33321833664463     
   1.33320185396556     
   1.33318654494242     
   1.33317248602087     
   1.33315928715910     
   1.33314705604085     
   1.33313551627726     
   1.33312587066906     
   1.33311685189496     
   1.33310843516804     
   1.33310056539198     
   1.33309319819269     
   1.33308628757381     
   1.33307980636630     
   1.33307371798566     
   1.33306799828800     
   1.33306262676713     
   1.33305757479340     
   1.33305282627031     
   1.33304836227231     
   1.33304416711460     
   1.33304022480062     
   1.33303648968614     
   1.33303297881838     
   1.33302967725853     
   1.33302657209546     
   1.33302365180808     
   1.33302075080663     
   1.33301843764298     
   1.33301656692810     
   1.33301458927187     
   1.33301290705625     
   1.33301153614351     
   1.33300997056832     
   1.33300864262031     
   1.33300727291148     
   1.33300613124058     
   1.33300506329850     
   1.33300399516433     
   1.33300310106764     
   1.33300221769948     
   1.33300138711830     
   1.33300047634810     
   1.33299986424931     
   1.33299896185974     
   1.33299900086739     
   1.33299910116113     
   1.33299905637089     
   1.33299908336903     
   1.33299904505390     
   1.33299918172440     
   1.33299867575070     
   1.33300008756960     
   1.33299908063596     
   1.33300313830325     
   1.33300779123275     
   1.33317659258275     
