  0.419602720838927     
  0.418640093517983     
  0.417792463617510     
  0.417095663212382     
  0.416534843842731     
  0.416093486862013     
  0.415742790756301     
  0.415462361799356     
  0.415237250061498     
  0.415055812672390     
  0.414910842907055     
  0.414793218374192     
  0.414698188919272     
  0.414621784463202     
  0.414560577400710     
  0.414511904325364     
  0.414473602986797     
  0.414443787933908     
  0.414421034683979     
  0.414404081303111     
  0.414391917372652     
  0.414383683672760     
  0.414378683845879     
  0.414376328730046     
  0.414376119896682     
  0.414377651663796     
  0.414380562219900     
  0.414384563431107     
  0.414389380469258     
  0.414395011372120     
  0.414401035105840     
  0.414407352917923     
  0.414413873151182     
  0.414420457300379     
  0.414427052762923     
  0.414433594456884     
  0.414440027482827     
  0.414446309909747     
  0.414452430209773     
  0.414458344195632     
  0.414464046500460     
  0.414469518551211     
  0.414474751603214     
  0.414479741072086     
  0.414484501590134     
  0.414488983128204     
  0.414493158210081     
  0.414497105168783     
  0.414500786257199     
  0.414504243907571     
  0.414507181289211     
  0.414509914382645     
  0.414512434662546     
  0.414514764994887     
  0.414516921116467     
  0.414518917271709     
  0.414520764386829     
  0.414522473479736     
  0.414524053888169     
  0.414525513425837     
  0.414526863603524     
  0.414528112243761     
  0.414529264132304     
  0.414530324401564     
  0.414531299859267     
  0.414532202966901     
  0.414533030385515     
  0.414533787679395     
  0.414534473743580     
  0.414535260154900     
  0.414536844188705     
  0.414538002093187     
  0.414538870607750     
  0.414539698753479     
  0.414540406201072     
  0.414540998513965     
  0.414541602998623     
  0.414542124950706     
  0.414542629305205     
  0.414543054502626     
  0.414543439307863     
  0.414543824357689     
  0.414544865124935     
  0.414546121283471     
  0.414550118883438     
  0.414554518916434     
  0.414558351989580     
  0.414558850233656     
  0.414558235914241     
  0.414557885362636     
  0.414557736257499     
  0.414557678230639     
  0.414557685342157     
  0.414560775345513     
  0.414561235050016     
  0.414563452619625     
  0.414563186523517     
  0.414564548914535     
  0.414566946243795     
  0.414625590606221     
