  0.594746946831329     
  0.594102395165261     
  0.593671101028890     
  0.593357729212228     
  0.593118073627843     
  0.592928470157995     
  0.592772763741294     
  0.592641042589971     
  0.592527256896140     
  0.592427419406052     
  0.592339759980727     
  0.592260573829454     
  0.592189218266083     
  0.592124683549651     
  0.592065782702639     
  0.592011960423345     
  0.591962829947336     
  0.591917584592451     
  0.591876006287414     
  0.591837726818502     
  0.591802457766093     
  0.591769934998019     
  0.591739916052946     
  0.591712181783803     
  0.591686594636795     
  0.591662910794131     
  0.591641006632011     
  0.591620734817694     
  0.591601956160273     
  0.591584750760127     
  0.591568730490624     
  0.591553851653683     
  0.591540045694657     
  0.591527220568516     
  0.591515332660525     
  0.591504299865670     
  0.591494063731884     
  0.591484562155677     
  0.591475767238763     
  0.591467584244053     
  0.591459987294342     
  0.591452935381308     
  0.591446392651942     
  0.591440320149130     
  0.591434670048213     
  0.591429431733693     
  0.591424575831632     
  0.591420053460087     
  0.591415847255591     
  0.591411906863066     
  0.591408314423689     
  0.591404956266205     
  0.591401829502845     
  0.591398918925528     
  0.591396204756812     
  0.591393676410678     
  0.591391319338939     
  0.591389127041109     
  0.591387087468065     
  0.591385188932636     
  0.591383421082551     
  0.591381779253759     
  0.591380246005990     
  0.591378822374998     
  0.591377493345645     
  0.591376255387310     
  0.591375107792201     
  0.591374035796359     
  0.591373032144092     
  0.591372828982873     
  0.591371945930052     
  0.591371189716743     
  0.591370541428238     
  0.591369940064386     
  0.591369400071199     
  0.591368919057754     
  0.591368457146910     
  0.591368040961718     
  0.591367647940685     
  0.591367302000045     
  0.591366971277493     
  0.591367251502646     
  0.591366982968101     
  0.591369026525500     
  0.591369223271518     
  0.591369473555965     
  0.591367621440747     
  0.591367849515673     
  0.591368205269599     
  0.591368444868304     
  0.591368568252876     
  0.591368651346613     
  0.591370967877570     
  0.591368979133843     
  0.591371256351637     
  0.591369047721655     
  0.591371826036283     
  0.591372738920924     
  0.591373715162845     
  0.591395503562041     
