   1.82614896088140     
   1.82810499200757     
   1.83044851977559     
   1.83306746902047     
   1.83586463956006     
   1.83876704947239     
   1.84171768294078     
   1.84467209651026     
   1.84759467895290     
   1.85046006505808     
   1.85324863193775     
   1.85594692627641     
   1.85854461447268     
   1.86103327633774     
   1.86341096001958     
   1.86567514076684     
   1.86782610726335     
   1.86986697370596     
   1.87179707192748     
   1.87361936812812     
   1.87533750802418     
   1.87695571910348     
   1.87847839753233     
   1.87990981682222     
   1.88125214821297     
   1.88251254259094     
   1.88369448900153     
   1.88480209290056     
   1.88583946922126     
   1.88681059363716     
   1.88771923658730     
   1.88856869542043     
   1.88936222771109     
   1.89010363863871     
   1.89079617219108     
   1.89144302043190     
   1.89204684964323     
   1.89261042825190     
   1.89313615284205     
   1.89362494174695     
   1.89408009312510     
   1.89450430182730     
   1.89490034006576     
   1.89526857489953     
   1.89561109213973     
   1.89592948600011     
   1.89622526309040     
   1.89649987651029     
   1.89675475658484     
   1.89699127436085     
   1.89721060393170     
   1.89741384369714     
   1.89760210671064     
   1.89777617016631     
   1.89793729763330     
   1.89808630091061     
   1.89822384351655     
   1.89835066218439     
   1.89846764286218     
   1.89857555603957     
   1.89867505535443     
   1.89876670004247     
   1.89885105856107     
   1.89892865713933     
   1.89899996392520     
   1.89906543687788     
   1.89912553743379     
   1.89918063429783     
   1.89923111287824     
   1.89927733502570     
   1.89931961777157     
   1.89935826538585     
   1.89939350893007     
   1.89942561192563     
   1.89945484954433     
   1.89948148474301     
   1.89950568710146     
   1.89952769002754     
   1.89954767279707     
   1.89956579319962     
   1.89958220513346     
   1.89959698204335     
   1.89961031127617     
   1.89962232482549     
   1.89963314501218     
   1.89964288109776     
   1.89965158991877     
   1.89965941236243     
   1.89966637970319     
   1.89967262583014     
   1.89967817968354     
   1.89968309147754     
   1.89968743322132     
   1.89969125799914     
   1.89969456171799     
   1.89969742311484     
   1.89969985749872     
   1.89970187225745     
   1.89970346237909     
   1.89970896783851     
