  1.126281376829038E-006
  1.126281639813758E-006
  1.126284352161740E-006
  1.126293675407909E-006
  1.126315038875066E-006
  1.126354883296259E-006
  1.126420519362786E-006
  1.126520033547217E-006
  1.126662219382919E-006
  1.126856524392238E-006
  1.127113007472453E-006
  1.127442303688295E-006
  1.127855594539507E-006
  1.128364582414052E-006
  1.128981468324500E-006
  1.129718932279678E-006
  1.130590115808256E-006
  1.131608606265123E-006
  1.132788422638839E-006
  5.227881240955208E-004
  1.591420688181768E-003
  2.854944106788983E-003
  4.125557467671764E-003
  5.903861610175649E-003
  7.299305808369257E-003
  8.915692321413376E-003
  1.184476225992244E-002
  1.525787406438019E-002
  1.799499351219374E-002
  2.136382104622382E-002
  2.552312557560602E-002
  3.022795762761447E-002
  3.584312989958282E-002
  4.178900388553062E-002
  4.732056686425982E-002
  5.328204342736118E-002
  6.069999799220104E-002
  6.903254010425763E-002
  7.793333069248116E-002
  8.739304215587819E-002
  9.753661115236860E-002
  0.108814022048504     
  0.120825933237522     
  0.133454523776629     
  0.145834785692733     
  0.159137123363292     
  0.174420082262876     
  0.190682838660743     
  0.208145123036613     
  0.226424884000398     
  0.245711385438450     
  0.266196790396425     
  0.288026736326348     
  0.310708702648435     
  0.334502027496786     
  0.359687141292301     
  0.386248561087315     
  0.413919248920954     
  0.442959648924140     
  0.473353974052645     
  0.503745214773885     
  0.535361184919159     
  0.569416161031698     
  0.605432650940849     
  0.642945494915596     
  0.681922694254478     
  0.722654811340904     
  0.764965813651035     
  0.808802804926186     
  0.854552319685134     
  0.901884724470150     
  0.950915013348032     
   1.00185279454071     
   1.05459248812704     
   1.10920930600607     
   1.16572291190576     
   1.22424219299927     
   1.28472038264833     
   1.34720894180313     
   1.41178212633985     
   1.47843051257982     
   1.54722790496816     
   1.61827281517771     
   1.69148254392008     
   1.76698967621938     
   1.84478222126082     
   1.92491928248103     
   2.00746393383560     
   2.09248030253046     
   2.17988891453049     
   2.26980740846782     
   2.36230413104177     
   2.45740708392172     
   2.55515448384285     
   2.65559445858682     
   2.75876751539506     
   2.86472199751120     
   2.97349660122843     
   3.08512876290247     
   3.19968285834614     
   3.31717306678229     
   3.43769149853552     
   3.56129939093887     
   3.68807043838363     
   3.81788670863524     
   3.95081397096882     
   4.08699059482285     
   4.22642744059655     
   4.36919464735719     
   4.51531056898000     
   4.66489527741523     
   4.81791535225683     
   4.97447144996147     
   5.13457588311715     
   5.29829039708785     
   5.46572302477016     
   5.63684037227943     
   5.81171272640023     
   5.99039021908393     
   6.17291631732208     
   6.35935432541778     
   6.54974434801958     
   6.74419503702227     
   6.94274911238549     
   7.14536903121702     
   7.35209879944668     
   7.56297522390434     
   7.77805389664596     
   7.99741611807842     
   8.22111377598960     
   8.44919928633559     
   8.68173748458560     
   8.91877906088602     
   9.16037558471686     
   9.40658122367936     
   9.65745068385106     
   9.91303543863168     
   10.1733880904814     
   10.4385543846855     
   10.7085728619035     
   10.9835594266090     
   11.2635270707601     
   11.5485064017553     
   11.8385862258356     
   12.1337973986708     
   12.4341995741422     
   12.7398534999562     
   13.0508049969276     
   13.3671130593591     
   13.6888257365517     
   14.0159967779331     
   14.3486972212183     
   14.6869842906649     
   15.0309177681147     
   15.3805518159007     
   15.7359381645998     
   16.0971347294559     
   16.4641970651395     
   16.8371789067488     
   17.2161374165756     
   17.6011252713525     
   17.9922120809687     
   18.3894478695998     
   18.7928787196670     
   19.2025637448393     
   19.6185542028613     
   20.0409025082701     
   20.4696700784368     
   20.9049094246603     
   21.3466772022718     
   21.7950343986202     
   22.2500366195261     
   22.7117445299834     
   23.1802202473218     
   23.6555199623532     
   24.1377027702376     
   24.6268293861800     
   25.1229554753035     
   25.6261422022942     
   26.1364514635399     
   26.6539388278162     
   27.1786671521835     
   27.7107002448714     
   28.2500949859298     
   28.7969142856702     
   29.3512201935427     
   29.9130714018238     
   30.4825302078174     
   31.0596588393565     
   31.6445168673979     
   32.2371664139885     
   32.8376701383992     
   33.4460876771254     
   34.0632205191112     
   34.6948398984785     
   35.3347808612892     
   35.9831089196771     
   36.6398896344535     
   37.3051887030033     
   37.9756407231517     
   38.6500464861975     
   39.3329111009984     
   40.0243273290701     
   40.7243832449635     
   41.4331096872577     
   42.1505810056142     
   42.8768816614844     
   43.6120496960716     
   44.3561564234097     
   45.1092820530253     
   45.8714717112797     
   46.6427938375073     
   47.4233269727821     
   48.2131239466286     
   49.0122496121090     
   49.8207812921141     
   50.6387798387249     
   51.4663034711557     
   52.3034288679132     
   53.1502183061827     
   54.0067335010800     
   54.8730467781437     
   55.7492236957426     
   56.6353282003872     
   57.5314306899975     
   58.4375965008877     
   59.3538942780235     
   60.2803923712653     
   61.2171557762818     
   62.1642545064404     
   63.1217559829862     
   64.0897279051568     
   65.0682387172418     
   66.0573561686227     
   67.0571461657011     
   68.0676772004167     
   69.0890180263489     
   70.1212358838434     
   71.1643998019034     
   72.2185799637160     
   73.2838432100425     
   74.3602588865602     
   75.4478975488770     
   76.5468284702101     
   77.6571209204844     
   78.7788455905156     
   79.9120738314933     
   81.0568757910120     
   82.2133209118973     
   83.3814824317666     
   84.5614296379745     
   85.7532347742714     
   86.9569660958869     
   88.1726944006738     
   89.4004892038428     
   90.6404245216225     
   91.8925756070983     
   93.1570102542050     
   94.4337977741906     
   95.7230107887254     
   97.0247286690838     
   98.3390179717937     
   99.6659513253239     
   101.005602022712     
   102.358046953001     
   103.723355310114     
   105.101599503461     
   106.492854269023     
   107.897195265187     
   109.314692610889     
   110.745420711444     
   112.189452658614     
   113.646865514407     
   115.117729917583     
   116.602121249292     
   118.100109826739     
   119.611776197141     
   121.137194993507     
   122.680366103193     
   124.254613298872     
   125.843236948422     
   127.446315624302     
   129.063928138744     
   130.684400784837     
   132.308774133169     
   133.947508621946     
   135.600686068520     
   137.268276630931     
   138.950602592559     
   140.647658193911     
   142.359534021535     
   144.086179282434     
   145.827840016857     
   147.584533034846     
   149.356353702566     
   151.143274391487     
   152.945492710596     
   154.763060419365     
   156.596056044574     
   158.444485898361     
   160.308503040342     
   162.188181725066     
   164.083590784409     
   165.994765495312     
   167.921821772402     
   169.864849261039     
   171.823919623926     
   173.799088861715     
   175.790442532607     
   177.798077536701     
   179.822075436620     
   181.862493514974     
   183.919414329236     
   185.992927260206     
   188.083118733323     
   190.190058004430     
   192.313817757715     
   194.454486426500     
   196.612148956088     
   198.786882742431     
   200.978763420363     
   203.187870177600     
   205.414293848513     
   207.658113392843     
   209.919404289024     
   212.198235284719     
   214.494697546833     
   216.808887258277     
   219.140875622221     
   221.490737414285     
   223.858551085830     
   226.244410717095     
   228.648399475027     
   231.070596248153     
   233.511072896349     
   235.969917641978     
   238.447215712562     
   240.943056856172     
   243.457511726501     
   245.990661927761     
   248.542586608578     
   251.113376524275     
   253.703118628882     
   256.311897789448     
   258.939780735579     
   261.586859996062     
   264.253227413048     
   266.938968511292     
   269.644161771582     
   272.368877019450     
   275.113209973378     
   277.877250977747     
   280.661088541985     
   283.464789229064     
   286.288437500434     
   289.132126293437     
   291.995945043604     
   294.879976697786     
   297.784299796835     
   300.718058269900     
   303.701772817265     
   306.706573598921     
   309.732549722328     
   312.779790575950     
   315.827361477072     
   318.877046054014     
   321.947572855685     
   325.039166908404     
   328.151918026137     
   331.285965903453     
   334.441409315486     
   337.618193682958     
   340.816475470217     
   344.036352337968     
   347.277950181375     
   350.541371190113     
   353.826582496292     
   357.133727035618     
   360.462896834276     
   363.814220034283     
   367.187788560118     
   370.583613416445     
   374.001804598863     
   377.442461575316     
   380.905700827808     
   384.391623571514     
   387.900257716220     
   391.431700648462     
   394.986049644560     
   398.563414235234     
   402.163897196178     
   405.787552021717     
   409.434461046589     
   413.104718689067     
   416.798431703828     
   420.515701137732     
   424.256601769928     
   428.021203901512     
   431.809597420653     
   435.621890802357     
   439.458178838155     
   443.318545293870     
   447.203073320589     
   451.111849703745     
   455.044964588568     
   459.002518903893     
   462.984606637005     
   466.991321924745     
   471.022738701996     
   475.078946343985     
   479.160048278877     
   483.266136505139     
   487.397309074125     
   491.553648415560     
   495.735227919855     
   499.942150914297     
   504.174522153643     
   508.432429517367     
   512.715965933476     
   517.025215746186     
   521.360264314339     
   525.721211094845     
   530.108153893961     
   534.521194992587     
   538.960418171353     
   543.425911418125     
   547.917761212596     
   552.436067107913     
   556.980928749753     
   561.552445390138     
   566.150705206048     
   570.775788280930     
   575.427797098198     
   580.106821056488     
   584.812966702586     
   589.546320089983     
   594.306978032681     
   599.095027926420     
   603.910557560957     
   608.753672066219     
   613.624462664216     
   618.529603023495     
   623.520595202145     
   628.540287680489     
   633.588779175301     
   638.666168665610     
   643.741443464420     
   648.810280228775     
   653.907106316639     
   659.032151059333     
   664.185809928839     
   669.368177028294     
   674.579454150150     
   679.820218473110     
   685.089694459675     
   690.388003472732     
   695.715493404466     
   701.072267130988     
   706.458516172486     
   711.874745080416     
   717.320337390736     
   722.795361580595     
   728.300120096188     
   733.834728454156     
   739.399380599180     
   744.994483012038     
   750.619649267548     
   756.274853121865     
   761.960330931992     
   767.676228721322     
   773.422721255528     
   779.200139856746     
   785.008326343214     
   790.847195274028     
   796.716902847224     
   802.617601277844     
   808.549423675950     
   814.512658189067     
   820.507304089657     
   826.533274010502     
   832.590673412075     
   838.679671028488     
   844.800333127568     
   850.952898800733     
   857.137426772709     
   863.353902560125     
   869.602451448267     
   875.883163895320     
   882.196174556092     
   888.541643842370     
   894.919527623516     
   901.329937944715     
   907.773027172232     
   914.248822689387     
   920.757554070257     
   927.299363122821     
   933.874036489329     
   940.481523629114     
   947.122184662859     
   953.796290370376     
