   9.09940089630215     
   9.16130701887115     
   9.22179852159387     
   9.27876871305222     
   9.33137048786991     
   9.37976465507227     
   9.42373740733432     
   9.46371530909707     
   9.50006490236423     
   9.53288556324436     
   9.56256019873711     
   9.58937476087229     
   9.61357580582163     
   9.63564405268098     
   9.65573734606698     
   9.67396217826354     
   9.69056167251358     
   9.70572436694415     
   9.71963580346872     
   9.73241058494456     
   9.74416538897220     
   9.75499625952331     
   9.76499162284879     
   9.77424899639956     
   9.78366157587319     
   9.79184918106491     
   9.79934606494793     
   9.80629186034913     
   9.81274327965904     
   9.81875447791991     
   9.82434519514292     
   9.82960707836880     
   9.83450579462078     
   9.83912969370506     
   9.84347983709750     
   9.84740851162592     
   9.85103715551076     
   9.85438899890505     
   9.85749034296764     
   9.86057762321832     
   9.86339771365236     
   9.86593942142745     
   9.86825538218258     
   9.87047251066948     
   9.87244561593752     
   9.87425075366975     
   9.87589504284107     
   9.87739338604085     
   9.87876568249281     
   9.88001371919176     
   9.88112914943719     
   9.88214567632467     
   9.88307793749008     
   9.88401542376793     
   9.88480463376463     
   9.88551219401417     
   9.88615536045842     
   9.88675726277767     
   9.88732689421262     
   9.88782782054151     
   9.88827672032495     
   9.88868175027052     
   9.88904766123525     
   9.88937793163760     
   9.88967577141368     
   9.88994421951130     
   9.89018579867018     
   9.89040298648991     
   9.89059806469892     
   9.89077291326023     
   9.89092943133111     
   9.89106949365297     
   9.89119379726526     
   9.89131869002718     
   9.89142855430664     
   9.89152300588856     
   9.89160509469305     
   9.89167709304812     
   9.89174011102665     
   9.89179506719682     
   9.89184290218925     
   9.89188694488341     
   9.89192456882958     
   9.89195606585569     
   9.89198263560030     
   9.89200498499196     
   9.89202345275343     
   9.89203862299300     
   9.89205059527735     
   9.89205974251482     
   9.89206708601781     
   9.89207192968142     
   9.89208448564645     
   9.89208873586902     
   9.89208982263096     
   9.89208940435559     
   9.89208761398852     
   9.89208478337584     
   9.89208226634199     
  0.511741219758089     
   5.40249401588827     
   5.40297352020033     
   5.40395617051677     
   5.40487165244287     
   5.40559394848574     
   5.40650272944589     
   5.40745010341128     
   5.40863361184554     
   5.41008333617116     
   5.41164211289887     
   5.41335620226364     
   5.41514215330081     
   5.41696413565536     
   5.41895994663942     
   5.42106692888918     
   5.42317499789433     
   5.42530865622603     
   5.42747156233909     
   5.42966980890907     
   5.43188750258935     
   5.43411588099209     
   5.43634285975091     
   5.43856421548281     
   5.44077865691721     
   5.44338775419832     
   5.44568687310284     
   5.44789889665802     
   5.45006903158334     
   5.45219971016779     
   5.45429879044298     
   5.45634729258696     
   5.45837141549527     
   5.46035966695835     
   5.46231452812793     
   5.46424378313166     
   5.46602080657668     
   5.46771207432375     
   5.46932959024343     
   5.47087717893721     
   5.47250327437109     
   5.47401873454124     
   5.47543051595672     
   5.47674644074117     
   5.47805057933738     
   5.47924176590200     
   5.48035850529446     
   5.48139738066643     
   5.48236419312032     
   5.48326878268267     
   5.48411089762280     
   5.48488168970255     
   5.48560003001063     
   5.48627315744021     
   5.48697081310336     
   5.48757448376241     
   5.48812720516629     
   5.48864046164690     
   5.48912281651837     
   5.48958907092269     
   5.49001282567534     
   5.49040171512458     
   5.49076038252325     
   5.49109144459630     
   5.49139685215109     
   5.49167847041628     
   5.49193813399759     
   5.49217737773465     
   5.49239772697964     
   5.49260062559146     
   5.49278725710903     
   5.49295884280778     
   5.49311663391578     
   5.49326104735143     
   5.49340493095109     
   5.49353630863561     
   5.49365394357520     
   5.49376018997230     
   5.49385677461809     
   5.49394453870724     
   5.49402421261698     
   5.49409652971164     
   5.49416228861746     
   5.49422179074868     
   5.49427565641366     
   5.49432436127572     
   5.49436844215911     
   5.49440817868500     
   5.49444403885060     
   5.49447617429940     
   5.49450494187116     
   5.49453107650378     
   5.49455424447135     
   5.49457939854637     
   5.49459912889638     
   5.49461577825985     
   5.49463053272889     
   5.49464353798143     
   5.49465507835696     
   5.49466614446977     
   1.28058570082837     
   7.49757422369414     
   7.49827722673005     
   7.49846128991229     
   7.49829161643918     
   7.49768106100017     
   7.49680147247523     
   7.49573443179386     
   7.49470356703649     
   7.49389463845355     
   7.49322548880582     
   7.49266733332606     
   7.49230342880336     
   7.49218426947944     
   7.49235939679603     
   7.49267158672239     
   7.49314229666335     
   7.49376557372630     
   7.49452483435751     
   7.49543154295315     
   7.49643431754656     
   7.49753284867486     
   7.49870021503879     
   7.49991782850620     
   7.50121162007827     
   7.50357891154838     
   7.50517178504990     
   7.50665254297763     
   7.50808960005202     
   7.50948739164941     
   7.51084486018770     
   7.51217696919919     
   7.51355972314247     
   7.51479758420513     
   7.51609207015817     
   7.51733938689417     
   7.51849657985519     
   7.51961742180197     
   7.52066771099621     
   7.52166041722496     
   7.52266892406829     
   7.52364288135658     
   7.52447341847909     
   7.52525472673367     
   7.52601469251246     
   7.52667200066189     
   7.52728913525412     
   7.52787428071375     
   7.52843033012476     
   7.52896236032963     
   7.52946094820650     
   7.52991912023613     
   7.53035253822168     
   7.53076615357445     
   7.53115488889768     
   7.53149247982352     
   7.53181053453227     
   7.53211029658585     
   7.53242453403954     
   7.53271474191299     
   7.53296710579021     
   7.53319988159857     
   7.53341664273049     
   7.53361895714474     
   7.53380765173780     
   7.53398368242182     
   7.53414773808903     
   7.53430035040118     
   7.53444214186239     
   7.53457366566808     
   7.53469540406791     
   7.53480793824834     
   7.53491181314254     
   7.53500722984443     
   7.53509548557703     
   7.53517324192794     
   7.53524439987329     
   7.53530949324293     
   7.53536911299518     
   7.53542369389498     
   7.53547362520356     
   7.53551937660881     
   7.53556848053115     
   7.53561210073801     
   7.53564935300718     
   7.53568250625605     
   7.53571213358854     
   7.53573862982994     
   7.53576250421619     
   7.53578383728519     
   7.53580288970799     
   7.53582028846769     
   7.53583561849248     
   7.53586191774193     
   7.53587794802273     
   7.53589131660785     
   7.53590295165801     
   7.53591303729014     
   7.53592180108737     
   7.53592981862602     
   24.0929238127008     
   43.4499427384158     
   43.9413679455979     
   44.3985337934990     
   44.8160855350168     
   45.1899260823302     
   45.5190940368231     
   45.8056168878161     
   46.0516495161237     
   46.2612003859412     
   46.4383755439692     
   46.5873013600419     
   46.7117465826378     
   46.8149385451241     
   46.9003280771354     
   46.9705934048673     
   47.0282139085274     
   47.0751673678560     
   47.1129775176148     
   47.1435968570912     
   47.1681596480656     
   47.1876578908313     
   47.2029772521029     
   47.2148534939630     
   47.2239011004824     
   47.2304711081419     
   47.2352831567916     
   47.2385455123167     
   47.2405663303282     
   47.2416122007031     
   47.2420004215812     
   47.2418497081366     
   47.2412232053240     
   47.2402316794611     
   47.2389650834618     
   47.2375114374847     
   47.2359480318498     
   47.2343111046778     
   47.2326491216388     
   47.2309780184530     
   47.2293473262444     
   47.2277667000769     
   47.2262271523008     
   47.2247512199681     
   47.2233589854969     
   47.2220515583736     
   47.2208228248090     
   47.2196721937783     
   47.2185972498702     
   47.2175996977364     
   47.2166738298004     
   47.2157157669028     
   47.2148279883213     
   47.2140061829490     
   47.2132421416440     
   47.2125457231501     
   47.2119061710755     
   47.2113182718668     
   47.2107811888847     
   47.2102842087933     
   47.2098242066197     
   47.2094099236057     
   47.2090348443360     
   47.2086986013500     
   47.2083997579297     
   47.2081318087680     
   47.2078909822182     
   47.2076733666510     
   47.2074762281761     
   47.2072972659437     
   47.2071345271041     
   47.2069864350956     
   47.2068517451142     
   47.2067288958372     
   47.2066168709791     
   47.2065145352695     
   47.2064212541577     
   47.2063362721615     
   47.2062591980948     
   47.2061895812153     
   47.2061272277370     
   47.2060717408592     
   47.2060218294309     
   47.2059766459734     
   47.2059349100488     
   47.2058961292553     
   47.2058610785963     
   47.2058280448002     
   47.2057972177761     
   47.2057660180891     
   47.2057347178661     
   47.2057066751730     
   47.2056770565207     
   47.2056480653493     
   47.2056198755427     
   47.2055904639865     
   47.2055601558125     
   47.2055280379535     
   47.2054943352027     
   47.2054590066980     
   119.794680069639     
