  0.385227393191403     
  0.385609498953819     
  0.385986543695259     
  0.386353923676860     
  0.386708191046653     
  0.387048864955884     
  0.387375374470424     
  0.387687050902142     
  0.387984271513612     
  0.388266330190516     
  0.388532961470893     
  0.388784976837986     
  0.389023563514775     
  0.389247932822805     
  0.389458945548493     
  0.389656392068928     
  0.389841790007945     
  0.390015085179786     
  0.390177104411794     
  0.390328686528094     
  0.390469887996224     
  0.390601314554349     
  0.390723593832465     
  0.390837348616463     
  0.390943249287462     
  0.391041523799902     
  0.391132601352538     
  0.391217184548730     
  0.391295602598407     
  0.391368362608892     
  0.391435853991232     
  0.391498571543021     
  0.391556989862876     
  0.391610782672784     
  0.391660671588442     
  0.391706919747627     
  0.391749849100508     
  0.391789691577606     
  0.391826583010070     
  0.391861772595924     
  0.391893768964321     
  0.391923319879167     
  0.391951087572801     
  0.391976739464995     
  0.392000501552355     
  0.392022579695328     
  0.392043098317832     
  0.392062151966132     
  0.392079840515274     
  0.392096288002224     
  0.392111300747862     
  0.392125297180993     
  0.392138291333332     
  0.392150519907987     
  0.392161796290891     
  0.392172297874131     
  0.392182180623364     
  0.392191316341981     
  0.392199716238329     
  0.392207505944972     
  0.392214742078059     
  0.392221461337342     
  0.392227697068005     
  0.392233480612364     
  0.392238834979388     
  0.392243796353222     
  0.392248385382750     
  0.392252635497603     
  0.392256561411164     
  0.392260190467975     
  0.392263531294817     
  0.392266621652541     
  0.392269516999698     
  0.392272145677127     
  0.392274563655460     
  0.392276776515590     
  0.392278813916755     
  0.392280687387720     
  0.392282395857708     
  0.392283970933114     
  0.392285411362399     
  0.392286740124429     
  0.392287945997326     
  0.392289048166442     
  0.392290048568096     
  0.392290966616915     
  0.392291803961172     
  0.392292714041928     
  0.392293411196055     
  0.392294062571963     
  0.392294629630803     
  0.392295167999548     
  0.392295647150574     
  0.392296080024173     
  0.392296476381348     
  0.392296827065685     
  0.392297146968666     
  0.392297435999151     
  0.392297699590129     
  0.392298974614449     
