  0.355634166960450     
  0.353292298168563     
  0.351251437431224     
  0.349491390051314     
  0.347965518540257     
  0.346633715152407     
  0.345469728656084     
  0.344446465040952     
  0.343542200497595     
  0.342740697850824     
  0.342026702340242     
  0.341388404790468     
  0.340816464535991     
  0.340301272190228     
  0.339835069558195     
  0.339414541378203     
  0.339033996449028     
  0.338688805073920     
  0.338375417174755     
  0.338090494447565     
  0.337831559649290     
  0.337595910442140     
  0.337381320527872     
  0.337185900499373     
  0.337003874113929     
  0.336840460920536     
  0.336692177455217     
  0.336556933709918     
  0.336433575532279     
  0.336321062007601     
  0.336218619828707     
  0.336125341242108     
  0.336039443428339     
  0.335960649287950     
  0.335888356744509     
  0.335823982137241     
  0.335766064321345     
  0.335713615306215     
  0.335666272563675     
  0.335620318040014     
  0.335579847135809     
  0.335543275656198     
  0.335510580441305     
  0.335479735448518     
  0.335452485336977     
  0.335428217638168     
  0.335406679483785     
  0.335387621168921     
  0.335370763850179     
  0.335356011717392     
  0.335343284656551     
  0.335332225471650     
  0.335322595612289     
  0.335312964776085     
  0.335305207285461     
  0.335298604328091     
  0.335292901928463     
  0.335288006432001     
  0.335283321456205     
  0.335279390446464     
  0.335276094825845     
  0.335273327198435     
  0.335271021722863     
  0.335269138846618     
  0.335267650709312     
  0.335266508093096     
  0.335265664426666     
  0.335265077251874     
  0.335264708821373     
  0.335264526684901     
  0.335264500597957     
  0.335264603333362     
  0.335264819359322     
  0.335264927167853     
  0.335265089533181     
  0.335265343913032     
  0.335265654034070     
  0.335265999243495     
  0.335266371816111     
  0.335266775462940     
  0.335267207761065     
  0.335267708173872     
  0.335268221518467     
  0.335268726854805     
  0.335269235087101     
  0.335269740446488     
  0.335270241798775     
  0.335270736790391     
  0.335271223723898     
  0.335271704046061     
  0.335272170611055     
  0.335272628921893     
  0.335273038569456     
  0.335273469004455     
  0.335273901020952     
  0.335274320702176     
  0.335274728147019     
  0.335275122318308     
  0.335275489721159     
  0.000000000000000E+000
