  0.456192323458191     
  0.460176214331400     
  0.463650650303057     
  0.466646576886705     
  0.469239201440795     
  0.471488196150895     
  0.473437906037080     
  0.475135852265010     
  0.476622765111974     
  0.477928629342934     
  0.479079670688568     
  0.480098925228750     
  0.481004446981231     
  0.481812403974097     
  0.482534496721395     
  0.483179902995086     
  0.483758177084184     
  0.484277395641425     
  0.484744057812105     
  0.485163654828701     
  0.485540864557842     
  0.485880297958998     
  0.486185631843309     
  0.486460727133497     
  0.486720030501778     
  0.486946715011163     
  0.487149498235524     
  0.487331720770136     
  0.487495361291907     
  0.487641576442461     
  0.487771881681254     
  0.487889054242508     
  0.487993345725989     
  0.488087752948322     
  0.488172024520948     
  0.488245551222798     
  0.488310562516749     
  0.488367472221551     
  0.488417159783211     
  0.488463495550429     
  0.488503578262373     
  0.488537338321053     
  0.488566166862454     
  0.488592201802823     
  0.488613354561428     
  0.488630886811613     
  0.488645275876260     
  0.488656892986094     
  0.488666134220454     
  0.488673163894402     
  0.488678190420801     
  0.488681656873445     
  0.488683872664109     
  0.488685929407486     
  0.488686224549806     
  0.488685625540323     
  0.488684365412624     
  0.488682835024246     
  0.488681244413223     
  0.488679031005178     
  0.488676447454291     
  0.488673614385307     
  0.488670579504976     
  0.488667365871860     
  0.488664032703080     
  0.488660628815880     
  0.488657191404881     
  0.488653755257533     
  0.488650348010126     
  0.488646991474731     
  0.488643704744741     
  0.488640502474247     
  0.488637388498700     
  0.488634529901053     
  0.488631763350002     
  0.488629083129409     
  0.488626507989797     
  0.488624047746905     
  0.488621699892045     
  0.488619453824000     
  0.488617309961547     
  0.488615344916571     
  0.488613466870105     
  0.488611657916533     
  0.488609939764634     
  0.488608304514846     
  0.488606753276609     
  0.488605284015748     
  0.488603897007143     
  0.488602583706938     
  0.488601347880826     
  0.488600178452463     
  0.488599211597334     
  0.488598224118723     
  0.488597280754226     
  0.488596392628488     
  0.488595556826358     
  0.488594765481258     
  0.488594030030925     
  0.000000000000000E+000
