   8.12152814068377     
   8.12998680378459     
   8.13828311987317     
   8.14700626857710     
   8.15588332030769     
   8.16487644849968     
   8.17407806481858     
   8.18342733564702     
   8.19276962280323     
   8.20204060100331     
   8.21122568348194     
   8.22023240985766     
   8.22902459473498     
   8.23754560217074     
   8.24568884157311     
   8.25353904130715     
   8.26101435999736     
   8.26811254498047     
   8.27488897272512     
   8.28127629657186     
   8.28729214635211     
   8.29293547565912     
   8.29822560261003     
   8.30317460527336     
   8.30763412410139     
   8.31187857853242     
   8.31587118361717     
   8.31959996323017     
   8.32306762355970     
   8.32629659523483     
   8.32929663756962     
   8.33207230782099     
   8.33465097414637     
   8.33702665410414     
   8.33923313173716     
   8.34129805410573     
   8.34321897553503     
   8.34500556406661     
   8.34665148076128     
   8.34817041964834     
   8.34957902681927     
   8.35088550471421     
   8.35209551215723     
   8.35323455736883     
   8.35430439948193     
   8.35530522265934     
   8.35623978692666     
   8.35711106297239     
   8.35792473943212     
   8.35869016399690     
   8.35934332005567     
   8.35995087891783     
   8.36051476291339     
   8.36103234432294     
   8.36152213205660     
   8.36198136549532     
   8.36241112749369     
   8.36281242440716     
   8.36318020032899     
   8.36352004057995     
   8.36384029077298     
   8.36413989339717     
   8.36442030197867     
   8.36468220052735     
   8.36492632210605     
   8.36515425487799     
   8.36536669591986     
   8.36556468409863     
   8.36574907719756     
   8.36592070138921     
   8.36608030543807     
   8.36622890938191     
   8.36636729665388     
   8.36649463954405     
   8.36661255193805     
   8.36672187814215     
   8.36682308190015     
   8.36691700629018     
   8.36700395143205     
   8.36708419740354     
   8.36715843726206     
   8.36722713842802     
   8.36729019249916     
   8.36734825142725     
   8.36740148958117     
   8.36745073909180     
   8.36749580249514     
   8.36753505577111     
   8.36757236588902     
   8.36760546782229     
   8.36763710487272     
   8.36766474482883     
   8.36768941275091     
   8.36771270629079     
   8.36773339045700     
   8.36775181091434     
   8.36776783247471     
   8.36778113662386     
   8.36779153105069     
   8.36794943929282     
