  0.805662684584091     
  0.805357648215209     
  0.804880650689487     
  0.804311878958001     
  0.803704979933758     
  0.803096304602401     
  0.802508818519209     
  0.801956752124874     
  0.801445920578008     
  0.800978969504010     
  0.800556052251851     
  0.800175056640110     
  0.799833763536242     
  0.799528354694082     
  0.799254897260798     
  0.799010727945314     
  0.798792392455285     
  0.798597386295793     
  0.798423001993515     
  0.798266589366167     
  0.798126221148204     
  0.798000019802083     
  0.797886523647657     
  0.797784354344490     
  0.797691358154451     
  0.797607944995037     
  0.797533071820652     
  0.797465637804753     
  0.797404725241084     
  0.797349566418495     
  0.797299560703632     
  0.797254279550892     
  0.797213329514232     
  0.797176292377662     
  0.797142874239745     
  0.797112831363001     
  0.797085796835042     
  0.797061464178330     
  0.797039447262867     
  0.797019619745236     
  0.797001811893928     
  0.796985819791906     
  0.796971552732197     
  0.796958893322136     
  0.796947674759019     
  0.796937750076090     
  0.796928982475748     
  0.796921249874382     
  0.796914467194474     
  0.796908592385199     
  0.796903019693034     
  0.796898168022773     
  0.796893963299996     
  0.796890317623741     
  0.796887244323778     
  0.796884665289497     
  0.796882516059171     
  0.796880762176333     
  0.796879310437247     
  0.796878121632356     
  0.796877217953545     
  0.796876548446852     
  0.796876080174890     
  0.796875775974150     
  0.796875614854416     
  0.796875582327183     
  0.796875659470285     
  0.796875831344233     
  0.796876084550524     
  0.796876405444702     
  0.796876783448892     
  0.796877208820619     
  0.796877670055547     
  0.796878159342226     
  0.796878667016241     
  0.796879188582869     
  0.796879717832924     
  0.796880252567361     
  0.796880787154755     
  0.796881313404559     
  0.796881831374828     
  0.796882339252845     
  0.796882835786026     
  0.796883317338798     
  0.796883783390475     
  0.796884235061268     
  0.796884669421369     
  0.796885087911967     
  0.796885486687228     
  0.796885862197757     
  0.796886234610888     
  0.796886581176764     
  0.796886914513554     
  0.796887238225501     
  0.796887544496172     
  0.796887836421574     
  0.796888111713446     
  0.796888366131085     
  0.796888598122595     
  0.796891794778537     
