  0.776290324617917     
  0.776222731665310     
  0.776191242737457     
  0.776198557871562     
  0.776233938992016     
  0.776293115984724     
  0.776373719468458     
  0.776468203069657     
  0.776568156645427     
  0.776670365045735     
  0.776772978615374     
  0.776872977518865     
  0.776968136584912     
  0.777056753644590     
  0.777139331253011     
  0.777215984361234     
  0.777286065225251     
  0.777349994963121     
  0.777407862533892     
  0.777459818982710     
  0.777506241488273     
  0.777547407027006     
  0.777583852587151     
  0.777615539686643     
  0.777632516657806     
  0.777652774088267     
  0.777671001405472     
  0.777686687853608     
  0.777699954880137     
  0.777711509534693     
  0.777721429256473     
  0.777728717886307     
  0.777735669735630     
  0.777740134988720     
  0.777743605006348     
  0.777746532698423     
  0.777748370017194     
  0.777749860285204     
  0.777750745050513     
  0.777750580263808     
  0.777749952194950     
  0.777749846034857     
  0.777749577831979     
  0.777748864847479     
  0.777748744557014     
  0.777748614438444     
  0.777748380620768     
  0.777748035946945     
  0.777747581630813     
  0.777747137954801     
  0.777746006066785     
  0.777744805281930     
  0.777743512387376     
  0.777742161687835     
  0.777741156045813     
  0.777740179592440     
  0.777739228383681     
  0.777738037322281     
  0.777736843118958     
  0.777735823754349     
  0.777734911074768     
  0.777734058000123     
  0.777733275460296     
  0.777732564377271     
  0.777731893633501     
  0.777731263150479     
  0.777730671176953     
  0.777730116872541     
  0.777729600833547     
  0.777729121996559     
  0.777728680757612     
  0.777728277950029     
  0.777727912270317     
  0.777727572361941     
  0.777727293328991     
  0.777727044461354     
  0.777726824599380     
  0.777726633903901     
  0.777726470122901     
  0.777726326310194     
  0.777726199666820     
  0.777725989018133     
  0.777725817397973     
  0.777725694026251     
  0.777725587158425     
  0.777725503300142     
  0.777725433058750     
  0.777725374018741     
  0.777725318825145     
  0.777725262865466     
  0.777725229764826     
  0.777725190050709     
  0.777725044514771     
  0.777724976690229     
  0.777724915392062     
  0.777724858195076     
  0.777724799893890     
  0.777724738752727     
  0.777724667679213     
  0.777724659694570     
