  8.203748161251372E-002
  4.278354244916768E-002
  2.102076101678479E-007
  4.311983395587976E-006
  4.451347069441286E-006
  1.020077474366038E-004
  3.202289908817078E-005
  1.768812320896769E-005
  2.491135936098316E-004
  8.482968865217757E-005
  5.218449251758459E-005
  3.114241377610699E-004
  8.226193063518222E-005
  5.051754167039511E-004
  4.171574643815904E-004
  2.812132442853509E-004
  6.119716553230266E-004
  5.533901454935715E-004
  4.816017056470211E-004
  2.348916548173983E-004
  2.867354611475306E-004
  4.936226808707858E-004
  5.821319271502979E-004
  5.941737466605138E-004
  5.364504145104754E-004
  4.731910089437328E-004
  4.112265684986024E-004
  4.502700538673684E-004
  5.559459161873113E-004
  6.010009017356113E-004
  6.094108272857805E-004
  5.132424690950919E-004
  5.001608647561236E-004
  5.226173159443222E-004
  5.504155153965857E-004
  5.650515836484925E-004
  5.350264617034212E-004
  5.387141190638425E-004
  5.459165715714196E-004
  5.973643534858854E-004
  5.694622901599704E-004
  5.799766600744564E-004
  5.666867987524352E-004
  5.719258334003056E-004
  5.477484991836844E-004
  5.643442333135655E-004
  5.917925801140562E-004
  5.935375571668298E-004
  5.828306763845921E-004
  5.954807872102772E-004
  6.166148515415210E-004
  6.105889798096479E-004
  6.177770647970304E-004
  6.312364885623030E-004
  6.238355141852704E-004
  6.384096856729048E-004
  6.522827348783896E-004
  6.467296777098018E-004
  6.550947641635433E-004
  6.383342956903391E-004
  6.310610132433685E-004
  6.409023349458298E-004
  6.464082461458569E-004
  6.453487841846012E-004
  6.514706949287334E-004
  6.562077393516557E-004
  6.575037655473141E-004
  6.639108706967866E-004
  6.679421885979243E-004
  6.698294070947412E-004
  6.730811080668747E-004
  6.759307326455614E-004
  6.799372140855823E-004
  6.835143134281478E-004
  6.861613118355778E-004
  6.898103135432429E-004
  6.941577065695092E-004
  6.932391079389437E-004
  6.967191345133503E-004
  7.045967905783613E-004
  6.952072015617180E-004
  7.061608429791359E-004
  7.165655855056021E-004
  6.778965719111597E-004
  7.498650217883352E-004
  6.781623959407877E-004
  6.667565464702620E-004
  6.643925700674830E-004
  6.626827344732145E-004
  6.620974880282627E-004
  6.606639119947474E-004
  6.597893440319776E-004
  6.590420723733071E-004
  6.561826792490723E-004
  6.583157694777845E-004
  6.544288022380187E-004
  6.483785285174855E-004
  6.674449583153913E-004
  6.200172652394934E-004
  6.872167789490286E-004
  6.143684803528925E-004
  6.040649207342125E-004
  5.975890254668369E-004
  5.955292916576241E-004
  5.898870474444144E-004
  5.806040516602222E-004
  5.960699985142826E-004
  5.505796626331099E-004
  6.081066745259594E-004
  5.433666541264867E-004
  5.309655526390218E-004
  5.214452772320224E-004
  5.234568067905916E-004
  5.025420249426730E-004
  5.167146321598606E-004
  5.007047850060320E-004
  4.676732889374319E-004
  4.639895710577092E-004
  4.435801210694787E-004
  4.564196573639532E-004
  4.335330020151047E-004
  4.141447552040225E-004
  3.907813202390933E-004
  4.026342169439908E-004
  3.827930144097198E-004
  3.513068844609843E-004
  3.549291924929653E-004
  3.410289840232795E-004
  3.137495111963279E-004
  3.136169717228665E-004
  2.915246003578517E-004
  2.806807340080372E-004
  2.647891072705449E-004
  2.525415705698742E-004
  2.374085674436461E-004
  2.242058744736863E-004
  2.104322763674179E-004
  1.972021936863064E-004
  1.841372229288731E-004
  1.715117331896000E-004
  1.589849509431644E-004
  1.469307890766930E-004
  1.350215516153268E-004
  1.237993693392179E-004
  1.132342641408441E-004
  1.027470880028778E-004
  9.385340121273086E-005
  8.517218088268172E-005
  7.656151649118153E-005
  7.027667802862920E-005
  6.613437545366967E-005
  6.333071045925832E-005
  6.089391319416287E-005
  5.856682481776539E-005
  5.637944691866047E-005
  5.434068859858024E-005
  5.239611374725182E-005
  5.056429365880478E-005
  4.883522762479700E-005
  4.718806399357517E-005
  4.560954715110882E-005
  4.410857518894461E-005
  4.266741583724980E-005
  4.128329936606200E-005
  3.995724917279247E-005
  3.867471596794756E-005
  3.744718462286211E-005
  3.626295861307133E-005
  3.511256661495652E-005
  3.402184443030948E-005
  3.295224821428659E-005
  3.191517052045724E-005
  3.094349059839515E-005
  2.996897173377516E-005
  2.903034965694559E-005
  2.816315105815178E-005
  2.726393970321351E-005
  2.641549169714037E-005
  2.564504427719482E-005
  2.480525064052909E-005
  2.404279290862649E-005
  2.335283846437867E-005
  2.255677070749008E-005
  2.188183256280388E-005
  2.125471936527008E-005
  2.049824457151756E-005
  1.990238802674095E-005
  1.933846172341938E-005
  1.862145912112454E-005
  1.809686034846979E-005
  1.758818777000864E-005
  1.690531586403472E-005
  1.643996780342878E-005
  1.600176448408736E-005
  1.550803307636701E-005
  1.508690053622442E-005
  1.469314782837056E-005
  1.423470024244578E-005
  1.378608991623649E-005
  1.335019935937008E-005
  1.293257899602617E-005
  1.252401563909001E-005
  1.212690383570726E-005
  1.174714074484909E-005
  1.137582948562704E-005
  1.101420830664631E-005
  1.066935719577411E-005
  1.033225284415701E-005
  1.000264587406520E-005
  9.689986430219959E-006
  9.384451438784607E-006
  9.083624444383462E-006
  8.799931360766647E-006
  8.526317276578714E-006
  8.253009976739885E-006
  7.994239453231106E-006
  7.744842219324166E-006
  7.495671820833682E-006
  7.258649732332156E-006
  7.033311555411782E-006
  6.808551929554206E-006
  6.592796866658281E-006
  6.384609941765073E-006
  6.181223998287676E-006
  5.984046685723484E-006
  5.792715281234474E-006
  5.607350638008597E-006
  5.427781596057390E-006
  5.253749926375448E-006
  5.085243819570189E-006
  4.922082628381979E-006
  4.763941153351238E-006
  4.610688628999864E-006
  4.462352018938111E-006
  4.318653727451165E-006
  4.179342612330835E-006
  4.044504343829687E-006
  3.914027143795563E-006
  3.787487903709184E-006
  3.664891328855327E-006
  3.546366442855666E-006
  3.431599950862763E-006
  3.320195023411126E-006
  3.212470376674560E-006
  3.108337186136257E-006
  3.007414655374727E-006
  2.909484834975904E-006
  2.815026728592793E-006
  2.723496186015692E-006
  2.634796638717063E-006
  2.548890953160494E-006
  2.466113123235940E-006
  2.385552125781539E-006
  2.307781590898189E-006
  2.232794067335414E-006
  2.160053864675700E-006
  2.089487922401830E-006
  2.022577786287321E-006
  1.958369684366345E-006
  1.893228475256601E-006
  1.830243344288082E-006
  1.770398761390677E-006
  1.714763158875219E-006
  1.656565826029986E-006
  1.601525230435006E-006
  1.548894731489086E-006
  1.500835155444974E-006
  1.448586866270763E-006
  1.400702519514719E-006
  1.354932534434646E-006
  1.313631472539501E-006
  1.266344629132515E-006
  1.224787954265819E-006
  1.184596892559824E-006
  1.149180858731214E-006
  1.106138613733965E-006
  1.069790504123942E-006
  1.034658855348209E-006
  1.006890826178965E-006
  9.784992330428731E-007
  9.458313699933661E-007
  9.142077036310414E-007
  8.845005343300667E-007
  8.552202212749960E-007
  8.266162440866547E-007
  7.987023179070558E-007
  7.725285207180220E-007
  7.469633047749614E-007
  7.219383374125805E-007
  6.975562281766797E-007
  6.747687243112627E-007
  6.523052808886635E-007
  6.302655747108274E-007
  6.095130802673031E-007
  5.893241624863757E-007
  5.694299672157189E-007
  5.499960554947865E-007
  5.321455292801178E-007
  5.143741837880909E-007
  4.969956310999736E-007
  4.803749826718333E-007
  4.644739174360159E-007
  4.487872396150391E-007
  4.334992895173327E-007
  4.190400256345541E-007
  4.051906403540671E-007
  3.914860216771938E-007
  3.779759338532500E-007
  3.653431240825673E-007
  3.533385047558133E-007
  3.414056216957246E-007
  3.297596998852149E-007
  3.186732762600299E-007
  3.080108413718624E-007
  2.975676010010903E-007
  2.874290505637630E-007
  2.776981604754835E-007
  2.683314966951550E-007
  2.592326053764960E-007
  2.503824423883312E-007
  2.418596779364818E-007
  2.336728264040391E-007
  2.257434889803394E-007
  2.180099618340085E-007
  2.105381591910040E-007
  2.033869425937849E-007
  1.964716139345573E-007
  1.897344835989906E-007
  1.831914375433844E-007
  1.769427479539756E-007
  1.709304392873040E-007
  1.650522213316400E-007
  1.593296808607877E-007
  1.538492377974743E-007
  1.486662764709734E-007
  1.435468517441824E-007
  1.385175240906308E-007
  1.337008912319303E-007
  1.292478984850738E-007
  1.249475541453479E-007
  1.204170262354702E-007
  1.160942297628964E-007
  1.120850796566497E-007
  1.084089492049841E-007
  1.047849983019813E-007
  1.008198002138437E-007
  9.721959603366136E-008
  9.387376296372168E-008
  9.086045988717503E-008
  8.780797107721391E-008
  8.431301081103393E-008
  8.135429878010657E-008
  7.855667310151724E-008
  7.614209610040657E-008
  7.357096144854977E-008
  7.047889024570297E-008
  6.802739279746923E-008
  6.566312665230332E-008
  6.371844006713456E-008
  6.178015339799733E-008
  5.960269582287969E-008
  5.744025473657747E-008
  5.543392001732642E-008
  5.348841056709492E-008
  5.159349358035969E-008
  4.976732134779893E-008
  4.793544888955184E-008
  4.625206449486418E-008
  4.462613481354391E-008
  4.303782203141779E-008
  4.151091453242598E-008
  3.996829555289363E-008
  3.855827649734990E-008
  3.718648995759620E-008
  3.586625226690817E-008
  3.458319168842010E-008
  3.331805592965450E-008
  3.210006233541410E-008
  3.094823511402375E-008
  2.984864094296135E-008
  2.877824657595158E-008
  2.771582275649869E-008
  2.668867416719219E-008
  2.572234062227255E-008
  2.480599998116097E-008
  2.392023294885498E-008
  2.303133651569099E-008
  2.216612835637197E-008
  2.135721290476604E-008
  2.059025093577297E-008
  1.985946496864209E-008
  1.911879137733762E-008
  1.838800788317251E-008
  1.771101365643541E-008
  1.707258330014924E-008
  1.646308537842782E-008
  1.586116117769428E-008
  1.523603818539393E-008
  1.465800817279391E-008
  1.412606774063412E-008
  1.362432303478049E-008
  1.313810523272495E-008
  1.263683681628583E-008
  1.213034195267283E-008
  1.167091866264911E-008
  1.125430932293043E-008
  1.085922737970255E-008
  1.046465123204000E-008
  1.003432267935582E-008
  9.626299185019103E-009
  9.269870962318957E-009
  8.960321959431328E-009
  8.653568783867003E-009
  8.312368287167696E-009
  7.954527460830898E-009
  7.625763062174793E-009
  7.353703439807211E-009
  7.122393001270867E-009
  6.873419421476227E-009
  6.582458212843670E-009
  6.280461907467614E-009
  6.021683274897427E-009
  5.824943726226363E-009
  5.655662687003592E-009
  5.448199196210370E-009
  5.197731881641972E-009
  4.945057580586098E-009
  4.744994471073564E-009
  4.608238861817067E-009
  4.487407476827380E-009
  4.313046074088878E-009
  4.094483164793475E-009
  3.878811913711206E-009
  3.725438734396799E-009
  3.636703129337708E-009
  3.554122406951100E-009
  3.406679248129612E-009
  3.218041563129757E-009
  3.031990367505944E-009
  2.914076372736285E-009
  2.859036040175663E-009
  2.809873427759662E-009
  2.718369077013483E-009
  2.556438376627067E-009
  2.390550879932522E-009
  2.280365616067697E-009
  2.235410758891620E-009
  2.213240100602271E-009
  2.143914690531624E-009
  2.003157066773875E-009
  1.854546215087357E-009
  1.760254856712784E-009
  1.732847409973907E-009
  1.735041171798642E-009
  1.692644769864036E-009
  1.570169248673748E-009
  1.430022107247859E-009
  1.343012347194989E-009
  1.326198436718409E-009
  1.351352898518757E-009
  1.340197908055497E-009
  1.236595625913016E-009
  1.100504400452719E-009
  1.011451144501003E-009
  9.910816973704741E-010
  1.033355145597271E-009
  1.063248105558968E-009
  9.865284505072812E-010
  8.473361046415809E-010
  7.497377148114685E-010
  7.166232264400528E-010
  7.575135315237902E-010
  8.356075859247396E-010
  8.070908659715687E-010
  6.653532431449867E-010
  5.476945310018230E-010
  5.034494002375894E-010
  5.145409092307546E-010
  6.185526539791525E-010
  6.808169137022513E-010
  5.533928535037692E-010
  3.998713743341200E-010
  3.347592563202519E-010
  3.323992083511118E-010
  3.705502212304629E-010
  5.555892217121456E-010
  5.188496197477319E-010
  3.080900376156821E-010
  2.047843956860445E-010
  1.889868205181604E-010
  2.105114045449731E-010
  2.697826669908864E-010
  5.621106745175526E-010
  2.953841213152736E-010
  1.078438059353154E-010
  7.504079945062980E-011
  8.932686072290728E-011
  1.222772058144791E-010
  1.767352617458144E-010
  5.936326104198289E-010
