  2.110720462752046E-002
  2.105050117033566E-002
  2.099499774058267E-002
  2.093680045756383E-002
  2.087771390301432E-002
  2.081799023617983E-002
  2.075701735450222E-002
  2.069519679611830E-002
  2.063354785303036E-002
  2.057248585170735E-002
  2.051211893954499E-002
  2.045303036280656E-002
  2.039545164280393E-002
  2.033973924598460E-002
  2.028656749898684E-002
  2.023541338548063E-002
  2.018676326986571E-002
  2.014062898528127E-002
  2.009664820227887E-002
  2.005523740987994E-002
  2.001627526730894E-002
  1.997976401477021E-002
  1.994557203362808E-002
  1.991361167337798E-002
  1.988480894792004E-002
  1.985743894169634E-002
  1.983172269087129E-002
  1.980771728963618E-002
  1.978541519492387E-002
  1.976465101596288E-002
  1.974537606208732E-002
  1.972754952344298E-002
  1.971103763246934E-002
  1.969577432049677E-002
  1.968160926772816E-002
  1.966837243384058E-002
  1.965606329153329E-002
  1.964462864672700E-002
  1.963413459490503E-002
  1.962440945498489E-002
  1.961537860411025E-002
  1.960704175697385E-002
  1.959927494246522E-002
  1.959198062848266E-002
  1.958514076028604E-002
  1.957874314933172E-002
  1.957276952909152E-002
  1.956720179137185E-002
  1.956199371532850E-002
  1.955708355909430E-002
  1.955302411943553E-002
  1.954925338066975E-002
  1.954575299547054E-002
  1.954252781222715E-002
  1.953948067887859E-002
  1.953662190502058E-002
  1.953395035568213E-002
  1.953143835151133E-002
  1.952912552890339E-002
  1.952700263738538E-002
  1.952499579447517E-002
  1.952311485081928E-002
  1.952135004905492E-002
  1.951969851266826E-002
  1.951815603367409E-002
  1.951671241909449E-002
  1.951536399699719E-002
  1.951410484370741E-002
  1.951292924874283E-002
  1.951183301495531E-002
  1.951081061179606E-002
  1.950985670614266E-002
  1.950896932312719E-002
  1.950814394585394E-002
  1.950737899498539E-002
  1.950666890610438E-002
  1.950601067717138E-002
  1.950539842194712E-002
  1.950482980924637E-002
  1.950430475147290E-002
  1.950381758462941E-002
  1.950336613632782E-002
  1.950294770494694E-002
  1.950256290544514E-002
  1.950220936078029E-002
  1.950188162754184E-002
  1.950158150597710E-002
  1.950130533859874E-002
  1.950105707165121E-002
  1.950083841624146E-002
  1.950062571542983E-002
  1.950044276823197E-002
  1.950027491770188E-002
  1.950011758675907E-002
  1.949997871137939E-002
  1.949985447270772E-002
  1.949974721275161E-002
  1.949965943881553E-002
  1.949959211219250E-002
  1.949854461847075E-002
