  0.151275315397717     
  0.151179355327463     
  0.150991858741133     
  0.150804091905130     
  0.150635600798413     
  0.150483355255273     
  0.150339769534882     
  0.150208293555638     
  0.150084265972690     
  0.149964249542722     
  0.149850972277154     
  0.149742681584461     
  0.149638630080132     
  0.149539927133073     
  0.149442633307965     
  0.149347718199461     
  0.149257320814666     
  0.149170264867292     
  0.149086430674939     
  0.149005161747559     
  0.148926380695586     
  0.148850200853480     
  0.148776540895784     
  0.148705489394706     
  0.148636691617643     
  0.148556558969065     
  0.148488751449973     
  0.148425448867946     
  0.148365096889744     
  0.148307451873330     
  0.148252266468103     
  0.148199689867341     
  0.148148680769517     
  0.148100011477585     
  0.148052784111300     
  0.148007392008960     
  0.147966461827570     
  0.147928263026973     
  0.147892657354593     
  0.147859332737209     
  0.147824593485550     
  0.147792801472342     
  0.147764285453532     
  0.147738334285966     
  0.147713030349360     
  0.147690763466915     
  0.147670405488136     
  0.147651878705491     
  0.147635003998776     
  0.147619537301908     
  0.147605527500553     
  0.147592812059817     
  0.147581265026209     
  0.147570694004782     
  0.147559713358588     
  0.147550804950064     
  0.147542933278827     
  0.147535839978386     
  0.147529192290682     
  0.147522815817286     
  0.147517313758464     
  0.147512481185382     
  0.147508188310941     
  0.147504371955682     
  0.147500983636284     
  0.147497980128454     
  0.147495323922540     
  0.147492981651474     
  0.147490921546646     
  0.147489114693649     
  0.147487537166432     
  0.147486165700474     
  0.147484976885030     
  0.147483963169364     
  0.147482877647316     
  0.147481960165060     
  0.147481223963557     
  0.147480625491382     
  0.147480134804980     
  0.147479737329335     
  0.147479420241577     
  0.147479173298740     
  0.147478943217725     
  0.147478775494938     
  0.147478669173847     
  0.147478606905273     
  0.147478582077725     
  0.147478588647143     
  0.147478620914208     
  0.147478675968015     
  0.147478750169462     
  0.147478840277955     
  0.147478943541691     
  0.147478910334746     
  0.147478989663188     
  0.147479097982991     
  0.147479212001064     
  0.147479327833514     
  0.147479438482067     
   549.250014613815     
  0.674812861421364     
  0.674788297569579     
  0.674665385191784     
  0.674494612709686     
  0.674315038381141     
  0.674132871652101     
  0.673936516608450     
  0.673735352178524     
  0.673524380325896     
  0.673306738944215     
  0.673087588546443     
  0.672864949791437     
  0.672643850193862     
  0.672428712850117     
  0.672216077473547     
  0.672004712015777     
  0.671801198976626     
  0.671604535072884     
  0.671414259283686     
  0.671231421933070     
  0.671055365530626     
  0.670886500691087     
  0.670724719140934     
  0.670569740772390     
  0.670422267119111     
  0.670285970186390     
  0.670151662167592     
  0.670024012057088     
  0.669902103615390     
  0.669785705596318     
  0.669674354954595     
  0.669568824081155     
  0.669469444003397     
  0.669371649681662     
  0.669279993851410     
  0.669191566122900     
  0.669110886224424     
  0.669036124431010     
  0.668965583065739     
  0.668899178886588     
  0.668831217454664     
  0.668770153838109     
  0.668711899348686     
  0.668658423356977     
  0.668606414656649     
  0.668558424829186     
  0.668514052627513     
  0.668473434686500     
  0.668436282727549     
  0.668402205175092     
  0.668370945096721     
  0.668342344680578     
  0.668316170145583     
  0.668292153939112     
  0.668267031019630     
  0.668245398381086     
  0.668225987825993     
  0.668208266536428     
  0.668192563817888     
  0.668177292264458     
  0.668163276532570     
  0.668150596537923     
  0.668139084655521     
  0.668128638466378     
  0.668119168116384     
  0.668110594317716     
  0.668102836296847     
  0.668095820720101     
  0.668089480917233     
  0.668083753385768     
  0.668078585370440     
  0.668073925884942     
  0.668069722803153     
  0.668065951672366     
  0.668062083265259     
  0.668058533027632     
  0.668055438531146     
  0.668052704896249     
  0.668050267239342     
  0.668048094712918     
  0.668046162341385     
  0.668044449316526     
  0.668043109054727     
  0.668041919051556     
  0.668040811482292     
  0.668039824311941     
  0.668038946795314     
  0.668038173359952     
  0.668037495342170     
  0.668036905004551     
  0.668036392800431     
  0.668035952040115     
  0.668035574166190     
  0.668035339219563     
  0.668035105842226     
  0.668034935382671     
  0.668034798270847     
  0.668034690352010     
  0.668034603126345     
  -62.1640930776601     
  0.241749873102028     
  0.241335106704322     
  0.240910966492164     
  0.240517216855101     
  0.240146634595892     
  0.239800773904443     
  0.239490801574069     
  0.239212593908231     
  0.238967892262239     
  0.238752807348959     
  0.238563849324203     
  0.238401940625212     
  0.238261027364177     
  0.238136322468660     
  0.238029052642237     
  0.237940044772103     
  0.237863150949999     
  0.237797836176273     
  0.237743006324531     
  0.237697316180716     
  0.237660440127109     
  0.237631017826298     
  0.237608327725010     
  0.237591884290008     
  0.237579996510769     
  0.237559831723288     
  0.237554495545989     
  0.237553814583389     
  0.237557111843062     
  0.237563881493308     
  0.237574107156497     
  0.237586522773512     
  0.237599514871450     
  0.237617643389593     
  0.237635353308653     
  0.237655395466992     
  0.237674527239028     
  0.237693143968674     
  0.237712558938775     
  0.237732378292508     
  0.237755693466156     
  0.237776523650280     
  0.237798896143461     
  0.237820164429991     
  0.237842245137727     
  0.237863924840674     
  0.237884719062737     
  0.237904295729056     
  0.237922692626092     
  0.237940020964494     
  0.237956432226582     
  0.237971867086796     
  0.237986376099196     
  0.238000013503305     
  0.238015082258035     
  0.238028486874140     
  0.238040771077052     
  0.238052248988149     
  0.238062330396146     
  0.238072450830251     
  0.238082126652840     
  0.238091112326823     
  0.238099462842386     
  0.238107218816334     
  0.238114421524207     
  0.238121095242063     
  0.238127274450796     
  0.238132992489713     
  0.238138279992551     
  0.238143168429807     
  0.238147684107690     
  0.238151853104406     
  0.238155704380485     
  0.238159250621020     
  0.238162857956054     
  0.238166258831554     
  0.238169319376524     
  0.238172103541151     
  0.238174653973736     
  0.238176990839576     
  0.238179131424703     
  0.238181088129984     
  0.238182671353582     
  0.238184131277064     
  0.238185533969400     
  0.238186829740729     
  0.238188026382183     
  0.238189124244117     
  0.238190129099438     
  0.238191043513790     
  0.238191876342450     
  0.238192632952762     
  0.238193320352367     
  0.238193763851061     
  0.238194263972403     
  0.238194706930419     
  0.238195108326311     
  0.238195470577663     
  0.238195800942582     
  -42.3522897650358     
  8.343726547661973E-002
  8.387659572610201E-002
  8.442364831608240E-002
  8.498817043521606E-002
  8.553832702297147E-002
  8.606635444346697E-002
  8.657268181749989E-002
  8.705205391325525E-002
  8.750772741186899E-002
  8.794045370683262E-002
  8.834856212936826E-002
  8.873310958336744E-002
  8.909512244197167E-002
  8.943496468121323E-002
  8.975486988421873E-002
  9.005524321212580E-002
  9.033565007339160E-002
  9.059762875086172E-002
  9.084273439179043E-002
  9.107126188624479E-002
  9.128419434227091E-002
  9.148248148264201E-002
  9.166695313405578E-002
  9.183837493763046E-002
  9.199773637013293E-002
  9.215419809034218E-002
  9.229384228642178E-002
  9.242217335953340E-002
  9.254078454153232E-002
  9.265041291037618E-002
  9.275153788891426E-002
  9.284465314533019E-002
  9.293104112516080E-002
  9.301070692876516E-002
  9.308465283995691E-002
  9.315303841012036E-002
  9.321458653656015E-002
  9.327073160033146E-002
  9.332185799548069E-002
  9.336844282091718E-002
  9.341308907917754E-002
  9.345332251161019E-002
  9.348920450783361E-002
  9.352141221305366E-002
  9.355134020561830E-002
  9.357765033015446E-002
  9.360122830976127E-002
  9.362226958445223E-002
  9.364102464636312E-002
  9.365777386041621E-002
  9.367262267670219E-002
  9.368578823265145E-002
  9.369745375522801E-002
  9.370783255760302E-002
  9.371788672234406E-002
  9.372611474477106E-002
  9.373324109697231E-002
  9.373948447544242E-002
  9.374510578597754E-002
  9.375025690530539E-002
  9.375459681461232E-002
  9.375829113527098E-002
  9.376145250208896E-002
  9.376414271730214E-002
  9.376641035941942E-002
  9.376831044023408E-002
  9.376988925235916E-002
  9.377118679020052E-002
  9.377223909022878E-002
  9.377307818442752E-002
  9.377373052187445E-002
  9.377422101067939E-002
  9.377457281636890E-002
  9.377479770661182E-002
  9.377505877870386E-002
  9.377520814082962E-002
  9.377524209233519E-002
  9.377519156262630E-002
  9.377507878694342E-002
  9.377491444751790E-002
  9.377470623393866E-002
  9.377446255349857E-002
  9.377421959169713E-002
  9.377394967137724E-002
  9.377365454832810E-002
  9.377334594734994E-002
  9.377302682250802E-002
  9.377270239594224E-002
  9.377237555841697E-002
  9.377205148167256E-002
  9.377173085713225E-002
  9.377141500713618E-002
  9.377110548145104E-002
  9.377089692939794E-002
  9.377063018538054E-002
  9.377035768690645E-002
  9.377009340285464E-002
  9.376983907033058E-002
  9.376959593108095E-002
  -19.2850370455707     
