  9.885327696915819E-002
  9.917122551905343E-002
  9.944203790013281E-002
  9.966885849248705E-002
  9.985982083044309E-002
  0.100021230521616     
  0.100157235575178     
  0.100272207153375     
  0.100369721736298     
  0.100452944128637     
  0.100523472864119     
  0.100583817383313     
  0.100635481519632     
  0.100679055023007     
  0.100716983806222     
  0.100748896285388     
  0.100776474043492     
  0.100800666219865     
  0.100820486453955     
  0.100837457805067     
  0.100851904073218     
  0.100864231660539     
  0.100874728146926     
  0.100883598370573     
  0.100890759183815     
  0.100897121576830     
  0.100902228318467     
  0.100906404634884     
  0.100909792914622     
  0.100912495657327     
  0.100914592209300     
  0.100916161149383     
  0.100917202543174     
  0.100918039892252     
  0.100918513951781     
  0.100918736726162     
  0.100918732925666     
  0.100918560309337     
  0.100918216660115     
  0.100917627480188     
  0.100917016150872     
  0.100916365680403     
  0.100916186031093     
  0.100915365578562     
  0.100914542580137     
  0.100913695781699     
  0.100912828791394     
  0.100911956033557     
  0.100911101036865     
  0.100910263352445     
  0.100909407466749     
  0.100908580852399     
  0.100907804050167     
  0.100907046952350     
  0.100906345669485     
  0.100905676397848     
  0.100905010796152     
  0.100904384343078     
  0.100903820230440     
  0.100903285904783     
  0.100902781608354     
  0.100902305122375     
  0.100901857056042     
  0.100901434582699     
  0.100901040117272     
  0.100900668899944     
  0.100900323944580     
  0.100899999640996     
  0.100899698807804     
  0.100899417818257     
  0.100899159583469     
  0.100898918388676     
  0.100898684670656     
  0.100898477422685     
  0.100898284915519     
  0.100898106852778     
  0.100897942072444     
  0.100897788580577     
  0.100897648841498     
  0.100897518204875     
  0.100897397768623     
  0.100897268509289     
  0.100897167030827     
  0.100897071204511     
  0.100896984370227     
  0.100896903285045     
  0.100896826301309     
  0.100896869940580     
  0.100896803714883     
  0.100896745588022     
  0.100896694103915     
  0.100896642282716     
  0.100896596823069     
  0.100896552766002     
  0.100896510023443     
  0.100896471586695     
  0.100896432034764     
  0.100896390380927     
  0.100896345996936     
  9.885327322135762E-002
