  -62.1686198508440     
  -62.1686148855425     
  -62.1685636757750     
  -62.1683876632697     
  -62.1679844182950     
  -62.1672326103160     
  -62.1659949254842     
  -62.1641202458753     
  -62.1614455386446     
  -62.1577976735650     
  -62.1529952961017     
  -62.1468508367794     
  -62.1391727084106     
  -62.1297677204552     
  -62.1184437200241     
  -62.1050124499223     
  -62.0892925950146     
  -62.0711129691829     
  -62.0503157768319     
  -62.0267284818492     
  -62.0000620665566     
  -61.9701265913566     
  -61.9367712895308     
  -61.8998156040589     
  -61.8591515382443     
  -61.8146773036427     
  -61.7662187006507     
  -61.7134703570708     
  -61.6563558416420     
  -61.5947868315302     
  -61.5286648823475     
  -61.4579039318601     
  -61.3822763164563     
  -61.3016403570765     
  -61.2159886337354     
  -61.1253125297769     
  -61.0295353248269     
  -60.9284009461227     
  -60.8218553938665     
  -60.7099181731066     
  -60.5926055073225     
  -60.4697160988367     
  -60.3411274110862     
  -60.2069408121337     
  -60.0671998937897     
  -59.9216835682021     
  -59.7704372135731     
  -59.6134878990501     
  -59.4507562504409     
  -59.2821346632413     
  -59.1077647924407     
  -58.9276274756923     
  -58.7415472341405     
  -58.5495909284447     
  -58.3519575193288     
  -58.1485754331197     
  -57.9393128520349     
  -57.7243221306478     
  -57.5036375469369     
  -57.2772985782792     
  -57.0454645122794     
  -56.8081814187503     
  -56.5654404181092     
  -56.3174681858965     
  -56.0642728925110     
  -55.8059922868875     
  -55.5427904571213     
  -55.2746241062798     
  -55.0016955144444     
  -54.7241839666017     
  -54.4420806816805     
  -54.1556811721063     
  -53.8651433485614     
  -53.5705519196499     
  -53.2720920952222     
  -52.9699331300478     
  -52.6642228769686     
  -52.3551097535731     
  -52.0427956793488     
  -51.7274546785733     
  -51.4092699151219     
  -51.0884334299574     
  -50.7650802583117     
  -50.4393932510033     
  -50.1115604384622     
  -49.7817561897808     
  -49.4501679516479     
  -49.1169580544121     
  -48.7822622668967     
  -48.4462868135176     
  -48.1092354770490     
  -47.7712591966306     
  -47.4325058011377     
  -47.0931290923114     
  -46.7532780758417     
  -46.4130985363303     
  -46.0727306452844     
  -45.7323125906022     
  -45.3919847471375     
  -45.0518731777565     
  -44.7121122459777     
  -44.3728131531613     
  -44.0340600169834     
  -43.6959138469042     
  -43.3585183671734     
  -43.0220460353085     
  -42.6866059226581     
  -42.3522964157627     
  -42.0192086630291     
  -41.6874379137252     
  -41.3570464529284     
  -41.0281140578803     
  -40.7007116463732     
  -40.3749096630530     
  -40.0507772461335     
  -39.7283510104149     
  -39.4076858450104     
  -39.0888433550295     
  -38.7718760354079     
  -38.4568349246854     
  -38.1437638614745     
  -37.8327040518875     
  -37.5236754629194     
  -37.2166867735104     
  -36.9117757906447     
  -36.6089971438156     
  -36.3084065495869     
  -36.0100564921208     
  -35.7139855440046     
  -35.4202227027753     
  -35.1287935741636     
  -34.8397174726914     
  -34.5530090769901     
  -34.2686812445229     
  -33.9867444217919     
  -33.7072062374815     
  -33.4300724015530     
  -33.1553471657188     
  -32.8830345498398     
  -32.6131408490412     
  -32.3456619942772     
  -32.0805891975163     
  -31.8179233356528     
  -31.5576621449403     
  -31.2997998491338     
  -31.0443325545226     
  -30.7912534321775     
  -30.5405547524221     
  -30.2922286648799     
  -30.0462665365826     
  -29.8026599804742     
  -29.5613981620394     
  -29.3224669890993     
  -29.0858511880415     
  -28.8515346120842     
  -28.6195013550956     
  -28.3897355928175     
  -28.1622209130225     
  -27.9369408894607     
  -27.7138790879548     
  -27.4930189637756     
  -27.2743434102613     
  -27.0578338373807     
  -26.8434730542338     
  -26.6312449974657     
  -26.4211333707047     
  -26.2131226143014     
  -26.0071973004467     
  -25.8033414795387     
  -25.6015396130736     
  -25.4017759133815     
  -25.2040340708465     
  -25.0082978191342     
  -24.8145502988646     
  -24.6227741407202     
  -24.4329521753114     
  -24.2450669966678     
  -24.0591010404347     
  -23.8750369879083     
  -23.6928571806599     
  -23.5125437612574     
  -23.3340792001111     
  -23.1574455832982     
  -22.9826246638926     
  -22.8095984765014     
  -22.6383488754790     
  -22.4688575968169     
  -22.3011066073981     
  -22.1350778211032     
  -21.9707530999685     
  -21.8081145587676     
  -21.6471442842124     
  -21.4878243709926     
  -21.3301372296562     
  -21.1740691422692     
  -21.0196050618133     
  -20.8667275730964     
  -20.7154224947326     
  -20.5656744988570     
  -20.4174656949032     
  -20.2707763776671     
  -20.1255897510960     
  -19.9818882934285     
  -19.8396530921282     
  -19.6988674646933     
  -19.5595143626366     
  -19.4215757050025     
  -19.2850350409588     
  -19.1498758578813     
  -19.0160809736609     
  -18.8836343226311     
  -18.7525199571867     
  -18.6227214670220     
  -18.4942231496018     
  -18.3670095688991     
  -18.2410650020358     
  -18.1163740246156     
  -17.9929217274113     
  -17.8706930825548     
  -17.7496732834837     
  -17.6298479057569     
  -17.5112025571972     
  -17.3937230101851     
  -17.2773952990201     
  -17.1622055792802     
  -17.0481401735914     
  -16.9351855851318     
  -16.8233284499599     
  -16.7125556237699     
  -16.6028541185146     
  -16.4942110772370     
  -16.3866138309960     
  -16.2800498709248     
  -16.1745068694743     
  -16.0699727114002     
  -15.9664354531053     
  -15.8638833148730     
  -15.7623046996917     
  -15.6616881708490     
  -15.5620224298254     
  -15.4632963380417     
  -15.3654989182493     
  -15.2686193273764     
  -15.1726468579083     
  -15.0775709459724     
  -14.9833811561263     
  -14.8900671713851     
  -14.7976188035534     
  -14.7060259912645     
  -14.6152787885025     
  -14.5253673670250     
  -14.4362820279559     
  -14.3480132082065     
  -14.2605514941004     
  -14.1738876245107     
  -14.0880124464748     
  -14.0029168821750     
  -13.9185919377230     
  -13.8350288091592     
  -13.7522188194856     
  -13.6701533781626     
  -13.5888239339047     
  -13.5082221063089     
  -13.4283396316856     
  -13.3491683291333     
  -13.2707000799113     
  -13.1929269158856     
  -13.1158409779835     
  -13.0394344892816     
  -12.9636997470253     
  -12.8886291837565     
  -12.8142153351968     
  -12.7404508182407     
  -12.6673283265666     
  -12.5948406671317     
  -12.5229807441486     
  -12.4517415996534     
  -12.3811162954765     
  -12.3110980268136     
  -12.2416822402511     
  -12.1728633865532     
  -12.1046347573279     
  -12.0369898460649     
  -11.9699235880176     
  -11.9034280534971     
  -11.8374964500184     
  -11.7721218828600     
  -11.7072990318465     
  -11.6430207367495     
  -11.5792806130031     
  -11.5160722899701     
  -11.4533905683423     
  -11.3912290230040     
  -11.3295816462546     
  -11.2684424802304     
  -11.2078063813549     
  -11.1476675343793     
  -11.0880202626420     
  -11.0288589862892     
  -10.9701786639273     
  -10.9119739700002     
  -10.8542395597967     
  -10.7969702252239     
  -10.7401610900346     
  -10.6838072121679     
  -10.6279035933906     
  -10.5724453175047     
  -10.5174276767264     
  -10.4628460265097     
  -10.4086956906889     
  -10.3549720232808     
  -10.3016705120811     
  -10.2487867508983     
  -10.1963163495241     
  -10.1442549293652     
  -10.0925981916408     
  -10.0413419402192     
  -9.99048203217854     
  -9.94001434306494     
  -9.88993479379217     
  -9.84023938699545     
  -9.79092419420558     
  -9.74198531255642     
  -9.69341886697007     
  -9.64522105349384     
  -9.59738816190899     
  -9.54991653430298     
  -9.50280251028174     
  -9.45604245453524     
  -9.40963280939982     
  -9.36357009612177     
  -9.31785086535041     
  -9.27247167719373     
  -9.22742913351096     
  -9.18271990738577     
  -9.13834072833705     
  -9.09428834872175     
  -9.05055954175780     
  -9.00715112762507     
  -8.96405998674723     
  -8.92128305053273     
  -8.87881728600645     
  -8.83665967283781     
  -8.79480722074240     
  -8.75325698817490     
  -8.71200609095887     
  -8.67105166473925     
  -8.63039085078672     
  -8.59002082301128     
  -8.54993881734513     
  -8.51014212900540     
  -8.47062805832573     
  -8.43139391154690     
  -8.39243702896918     
  -8.35375481411367     
  -8.31534471870141     
  -8.27720420022841     
  -8.23933072485521     
  -8.20172179657393     
  -8.16437500937011     
  -8.12728888094025     
  -8.09046138331748     
  -8.05389009707865     
  -8.01757265038664     
  -7.98150656059544     
  -7.94568931742488     
  -7.91011882557145     
  -7.87479281923292     
  -7.83970905003125     
  -7.80486518095975     
  -7.77025887031316     
  -7.73588810340290     
  -7.70175075735126     
  -7.66784470850233     
  -7.63416777638645     
  -7.60071777686249     
  -7.56749275911657     
  -7.53449073086001     
  -7.50170969292054     
  -7.46914761205367     
  -7.43680244549148     
  -7.40467230130503     
  -7.37275530177540     
  -7.34104956048300     
  -7.30955317296749     
  -7.27826422713472     
  -7.24718090185529     
  -7.21630141850099     
  -7.18562399902875     
  -7.15514685623932     
  -7.12486819806789     
  -7.09478628289719     
  -7.06489941814012     
  -7.03520592537956     
  -7.00570412411424     
  -6.97639233174037     
  -6.94726889222263     
  -6.91833219204514     
  -6.88958064426005     
  -6.86101266817846     
  -6.83262668567647     
  -6.80442113270575     
  -6.77639447239460     
  -6.74854519434548     
  -6.72087180588196     
  -6.69337282186948     
  -6.66604676116842     
  -6.63889215682658     
  -6.61190756799902     
  -6.58509157886278     
  -6.55844278411184     
  -6.53195978447768     
  -6.50564118939533     
  -6.47948562292401     
  -6.45349173793958     
  -6.42765820983887     
  -6.40198371735192     
  -6.37646694193235     
  -6.35110657871536     
  -6.32590134048557     
  -6.30084996361371     
  -6.27595120037011     
  -6.25120380614562     
  -6.22660654191921     
  -6.20215817960955     
  -6.17785750554306     
  -6.15370333142406     
  -6.12969448099800     
  -6.10582978158319     
  -6.08210806795006     
  -6.05852818597061     
  -6.03508899477079     
  -6.01178937211823     
  -5.98862821022623     
  -5.96560440412988     
  -5.94271685770577     
  -5.91996448633112     
  -5.89734621694468     
  -5.87486099348970     
  -5.85250777478797     
  -5.83028552044750     
  -5.80819320785119     
  -5.78623021773841     
  -5.76439581303500     
  -5.74268898987443     
  -5.72110875441953     
  -5.69965403780471     
  -5.67832337657212     
  -5.65711605014548     
  -5.63603132754154     
  -5.61506827040752     
  -5.59422594728346     
  -5.57350336308638     
  -5.55289922400619     
  -5.53241278351009     
  -5.51204332209003     
  -5.49178997253790     
  -5.47165185733284     
  -5.45162805156695     
  -5.43171741622467     
  -5.41191916460217     
  -5.39223259675224     
  -5.37265692210287     
  -5.35319131734918     
  -5.33383492699405     
  -5.31458674859900     
  -5.29544596539075     
  -5.27641188547547     
  -5.25748378328151     
  -5.23866089612042     
  -5.21994243290899     
  -5.20132750620369     
  -5.18281529890282     
  -5.16440510958899     
  -5.14609625172479     
  -5.12788801479622     
  -5.10977967460201     
  -5.09177044844039     
  -5.07385955465444     
  -5.05604629360679     
  -5.03833000356145     
  -5.02071001068476     
  -5.00318563859268     
  -4.98575618727245     
  -4.96842094557219     
  -4.95117924404988     
  -4.93403043827743     
  -4.91697388222485     
  -4.90000892938958     
  -4.88313492189421     
  -4.86635122038549     
  -4.84965722031566     
  -4.83305230983038     
  -4.81653588180234     
  -4.80010732995214     
  -4.78376601613916     
  -4.76751134106207     
  -4.75134280859574     
  -4.73525992846766     
  -4.71926212751097     
