  0.424747680386107     
  0.426839310594618     
  0.428687875253646     
  0.430305062218043     
  0.431695216865091     
  0.432879250088244     
  0.433880670074330     
  0.434722715015801     
  0.435423292886829     
  0.436003096415270     
  0.436478366029018     
  0.436863573114748     
  0.437173586279394     
  0.437417627505968     
  0.437607549703614     
  0.437751995998023     
  0.437858464073086     
  0.437934354031916     
  0.437982577870899     
  0.438008547352655     
  0.438016485984768     
  0.438009441946094     
  0.437990437660866     
  0.437961538566203     
  0.437919078472153     
  0.437874995159044     
  0.437826992910664     
  0.437775762855260     
  0.437722503899086     
  0.437667838254590     
  0.437612582105923     
  0.437556856294985     
  0.437501609390733     
  0.437446363061114     
  0.437392250054387     
  0.437340435348760     
  0.437290331138714     
  0.437242319892852     
  0.437196561675722     
  0.437150648574584     
  0.437107150385056     
  0.437066707842457     
  0.437028634602194     
  0.436991618107706     
  0.436957286505661     
  0.436925059287835     
  0.436894786305961     
  0.436866383000662     
  0.436839676154915     
  0.436814647752681     
  0.436792235171395     
  0.436771468218958     
  0.436752209947521     
  0.436733817717736     
  0.436717267582660     
  0.436702040678397     
  0.436688002160783     
  0.436674868301036     
  0.436662554326903     
  0.436651443959447     
  0.436641258475712     
  0.436631919172745     
  0.436623353138178     
  0.436615505719661     
  0.436608327383640     
  0.436601761008036     
  0.436595764965420     
  0.436590294382403     
  0.436585308526511     
  0.436580770937894     
  0.436576645815927     
  0.436572898461222     
  0.436569506599205     
  0.436566339399951     
  0.436563479819139     
  0.436560910211608     
  0.436558597282876     
  0.436556510526054     
  0.436554630296419     
  0.436552942766004     
  0.436551424681222     
  0.436550009373689     
  0.436548739820579     
  0.436547620765726     
  0.436546624507751     
  0.436545733826348     
  0.436544943308543     
  0.436544239341750     
  0.436543626537701     
  0.436543109397611     
  0.436542634308439     
  0.436542240237470     
  0.436541809147949     
  0.436541467474042     
  0.436541179146197     
  0.436540924361044     
  0.436540701998073     
  0.436540509874319     
  0.436540331974469     
  0.436542973334013     
