  0.596375579386219     
  0.597292341887183     
  0.598112785177780     
  0.598839159268218     
  0.599486286607856     
  0.600066028201867     
  0.600585777401029     
  0.601053969196819     
  0.601476836089900     
  0.601861129901043     
  0.602209535961964     
  0.602527283972081     
  0.602817309958409     
  0.603080555899196     
  0.603323254520444     
  0.603544028385830     
  0.603747077828102     
  0.603934918426587     
  0.604105062611838     
  0.604261416230657     
  0.604405053545642     
  0.604537236011571     
  0.604658929899438     
  0.604770885435207     
  0.604872410228029     
  0.604967305240293     
  0.605054210595234     
  0.605134150801178     
  0.605207810132135     
  0.605275680134934     
  0.605338153090200     
  0.605395578742158     
  0.605447984605000     
  0.605496983079388     
  0.605541945934585     
  0.605583476946030     
  0.605621753737855     
  0.605657093633603     
  0.605689648346370     
  0.605718921486920     
  0.605746331210580     
  0.605771731276964     
  0.605796535861616     
  0.605817952408957     
  0.605837786739443     
  0.605856021967422     
  0.605872782789714     
  0.605888186806459     
  0.605902408843205     
  0.605915523392518     
  0.605927408396661     
  0.605938330942452     
  0.605948459301814     
  0.605957696508527     
  0.605966300662822     
  0.605974203513140     
  0.605981305324253     
  0.605987868455215     
  0.605994025892214     
  0.605999649388462     
  0.606004814838374     
  0.606009548280073     
  0.606013888124305     
  0.606017861819350     
  0.606021504405806     
  0.606024833478952     
  0.606027885842653     
  0.606030667738870     
  0.606033214225958     
  0.606035536215486     
  0.606037668730521     
  0.606039605243539     
  0.606041305047471     
  0.606042905836374     
  0.606044354426654     
  0.606045673927789     
  0.606046862729799     
  0.606047937318007     
  0.606048921325170     
  0.606049800860377     
  0.606050596932329     
  0.606051245915409     
  0.606051890061837     
  0.606052458975907     
  0.606052975300264     
  0.606053431954415     
  0.606053831402640     
  0.606054478686402     
  0.606054788154932     
  0.606055067387766     
  0.606055327942072     
  0.606055533526400     
  0.606055720450123     
  0.606055878999280     
  0.606056000885556     
  0.606056108840084     
  0.606056182548159     
  0.606056220725640     
  0.606056219836426     
  0.606056734679212     
