   1.82883542498899     
   1.83390524273765     
   1.83981791916160     
   1.84639113548137     
   1.85344538132645     
   1.86083060710624     
   1.86842014148303     
   1.87610310455603     
   1.88377694511240     
   1.89137411071698     
   1.89884285462366     
   1.90614006769132     
   1.91323099656598     
   1.92009095080400     
   1.92670347804299     
   1.93305718938931     
   1.93914441815663     
   1.94496035821835     
   1.95050600547261     
   1.95578745926788     
   1.96080940621245     
   1.96557635057520     
   1.97009270967879     
   1.97436446229158     
   1.97840015076590     
   1.98220769431418     
   1.98579882383732     
   1.98917925820017     
   1.99235961984718     
   1.99534793012190     
   1.99815413061298     
   2.00078822088350     
   2.00325628644501     
   2.00556771034404     
   2.00773182069560     
   2.00975634916237     
   2.01165134683239     
   2.01342203845444     
   2.01507474649591     
   2.01661640894294     
   2.01805466528615     
   2.01939511627479     
   2.02064344841019     
   2.02180847146940     
   2.02289230630839     
   2.02390069442779     
   2.02483837954912     
   2.02571042728566     
   2.02651963653774     
   2.02727130574478     
   2.02796880685536     
   2.02861527080800     
   2.02921469390678     
   2.02977060408612     
   2.03028781070272     
   2.03076677936944     
   2.03121060358688     
   2.03162172633255     
   2.03200241415225     
   2.03235491223217     
   2.03268126626611     
   2.03298339057810     
   2.03326305982725     
   2.03352180464035     
   2.03376159385327     
   2.03398351269924     
   2.03418898334375     
   2.03437914119193     
   2.03455515246842     
   2.03471809747063     
   2.03486911429961     
   2.03500890750904     
   2.03513832954890     
   2.03525817190892     
   2.03536916229316     
   2.03547196877211     
   2.03556717797877     
   2.03565541768856     
   2.03573719721405     
   2.03581299322840     
   2.03588329774641     
   2.03594835578854     
   2.03600863240581     
   2.03606461191595     
   2.03611657800771     
   2.03616486565011     
   2.03620974392628     
   2.03625152986644     
   2.03629050766063     
   2.03632690447069     
   2.03636107729673     
   2.03638728947213     
   2.03641285149646     
   2.03643387144604     
   2.03644865236478     
   2.03645994121731     
   2.03646766095416     
   2.03647114367211     
   2.03646941356903     
   2.03621387078225     
