   10.4279555488120     
   10.6212099771730     
   10.7990511695413     
   10.9629369913524     
   11.1136762687983     
   11.2512013975520     
   11.3782724817256     
   11.4949759699545     
   11.6024739402128     
   11.7007027981236     
   11.7904970958813     
   11.8730481053360     
   11.9484698848099     
   12.0175212831839     
   12.0806473531327     
   12.1387336835868     
   12.1922350583407     
   12.2412046792351     
   12.2864162575255     
   12.3279778045280     
   12.3663019494750     
   12.4016883650895     
   12.4345634861846     
   12.4653220053005     
   12.4937945376272     
   12.5199802942967     
   12.5443166469029     
   12.5667957859488     
   12.5876881723208     
   12.6069663065705     
   12.6247924271628     
   12.6412869155101     
   12.6565958759748     
   12.6707240731250     
   12.6837864860725     
   12.6959806355643     
   12.7071188913968     
   12.7178108152153     
   12.7274153647080     
   12.7362368123792     
   12.7443296290449     
   12.7517561381775     
   12.7589651967325     
   12.7653183497533     
   12.7713213242482     
   12.7766788130394     
   12.7815333635252     
   12.7859904540045     
   12.7904131178300     
   12.7942278584113     
   12.7976658746975     
   12.8008379287846     
   12.8038225165297     
   12.8065459753169     
   12.8090528504790     
   12.8113297435248     
   12.8134078117436     
   12.8152967932711     
   12.8170214894871     
   12.8185964745805     
   12.8200368230511     
   12.8213542318887     
   12.8225635057193     
   12.8236687704356     
   12.8246832700990     
   12.8256140978641     
   12.8264704857404     
   12.8272570028652     
   12.8279791086453     
   12.8286426063194     
   12.8292529779744     
   12.8298145521752     
   12.8303314879779     
   12.8308074888985     
   12.8312460741052     
   12.8316501557839     
   12.8320220747653     
   12.8323655001946     
   12.8326824632982     
   12.8329748533195     
   12.8332444925095     
   12.8334959739149     
   12.8337958735770     
   12.8340472879753     
   12.8342625584156     
   12.8344563788474     
   12.8346322699687     
   12.8347922255831     
   12.8349376183125     
   12.8350691561196     
   12.8351891033344     
   12.8353353281056     
   12.8367972453806     
   12.8369818284509     
   12.8380010895912     
   12.8392363064665     
   12.8401354216310     
   12.8407724776819     
   12.8413743992875     
   5.87611930746775     
   4.60275098020878     
   4.33546218621398     
   4.14808311383156     
   4.01859656476621     
   3.93082996896802     
   3.87166275967868     
   3.83438566630794     
   3.81202378090083     
   3.79981289141398     
   3.79476969027339     
   3.79465761777821     
   3.79799037257404     
   3.80350544098481     
   3.81050599854670     
   3.81850015203201     
   3.82697404613095     
   3.83574878045349     
   3.84471042040470     
   3.85392670419042     
   3.86297902616108     
   3.87174395209911     
   3.88034452209635     
   3.88885812981382     
   3.89738162584071     
   3.90565062249139     
   3.91355465181104     
   3.92120133176382     
   3.92844386590102     
   3.93546499648389     
   3.94211383151679     
   3.94843549087618     
   3.95447166453621     
   3.96027416636580     
   3.96576563468645     
   3.97097485735126     
   3.97587062105051     
   3.98049716786925     
   3.98497720553809     
   3.98908659353039     
   3.99298182015424     
   3.99661134265411     
   4.00000020757466     
   4.00349781919679     
   4.00656863427983     
   4.00949795417202     
   4.01213601794548     
   4.01455563134197     
   4.01679780951691     
   4.01893427522778     
   4.02086623975017     
   4.02265785579754     
   4.02435717031525     
   4.02600702495794     
   4.02751708954036     
   4.02890296115024     
   4.03017006379461     
   4.03133771638652     
   4.03241071484542     
   4.03340187624983     
   4.03431758357279     
   4.03516437693678     
   4.03594669409751     
   4.03667280835754     
   4.03734088083570     
   4.03796009681949     
   4.03853236691729     
   4.03906212732890     
   4.03955204503303     
   4.04000431286482     
   4.04042192030848     
   4.04080775963185     
   4.04116411888978     
   4.04149321520986     
   4.04179708983784     
   4.04207768899150     
   4.04233669842666     
   4.04257601739870     
   4.04279688559185     
   4.04300076334920     
   4.04318888193736     
   4.04336244759683     
   4.04352527433301     
   4.04370830140606     
   4.04386503612219     
   4.04399806175538     
   4.04411793928582     
   4.04422723999687     
   4.04432708808232     
   4.04441842795689     
   4.04450180804612     
   4.04457819763296     
   4.04468106863752     
   4.04476741020964     
   4.04527967444897     
   4.04525073218162     
   4.04565010387803     
   4.04594642782506     
   4.04612025813984     
   4.04629171140053     
   52.5028293404889     
                     NaN
                     NaN
                     NaN
                     NaN
                     NaN
                     NaN
                     NaN
                     NaN
                     NaN
                     NaN
                     NaN
                     NaN
                     NaN
                     NaN
                     NaN
                     NaN
                     NaN
                     NaN
                     NaN
                     NaN
                     NaN
                     NaN
                     NaN
                     NaN
                     NaN
                     NaN
                     NaN
                     NaN
                     NaN
                     NaN
                     NaN
                     NaN
                     NaN
                     NaN
                     NaN
                     NaN
                     NaN
                     NaN
                     NaN
                     NaN
                     NaN
                     NaN
                     NaN
                     NaN
                     NaN
                     NaN
                     NaN
                     NaN
                     NaN
                     NaN
                     NaN
                     NaN
                     NaN
                     NaN
                     NaN
                     NaN
                     NaN
                     NaN
                     NaN
                     NaN
                     NaN
                     NaN
                     NaN
                     NaN
                     NaN
                     NaN
                     NaN
                     NaN
                     NaN
                     NaN
                     NaN
                     NaN
                     NaN
                     NaN
                     NaN
                     NaN
                     NaN
                     NaN
                     NaN
                     NaN
                     NaN
                     NaN
                     NaN
                     NaN
                     NaN
                     NaN
                     NaN
                     NaN
                     NaN
                     NaN
                     NaN
                     NaN
                     NaN
                     NaN
                     NaN
                     NaN
                     NaN
                     NaN
                     NaN
   199.864209557866     
   15.4604890637733     
   15.2028292196568     
   15.1398776990020     
   15.1651305639033     
   15.2318677943349     
   15.3183802786194     
   15.4129338989425     
   15.5092355848408     
   15.6050307452379     
   15.6967756108095     
   15.7837479591970     
   15.8660135513329     
   15.9428033453714     
   16.0144013826604     
   16.0807202901091     
   16.1426649446302     
   16.2004518217283     
   16.2535583456763     
   16.3025399676829     
   16.3478255808132     
   16.3898456890504     
   16.4287325153823     
   16.4648044580481     
   16.4983351001125     
   16.5293393673862     
   16.5579147408388     
   16.5843887277099     
   16.6089257237817     
   16.6316037732736     
   16.6525900889314     
   16.6719937668931     
   16.6899262466740     
   16.7064726679595     
   16.7217383052780     
   16.7358358140790     
   16.7491596292052     
   16.7612418189160     
   16.7728972173151     
   16.7833419412126     
   16.7928365188801     
   16.8015701357378     
   16.8095995073955     
   16.8170130936422     
   16.8237151145384     
   16.8300680212435     
   16.8357937315319     
   16.8410140005362     
   16.8458344567180     
   16.8507919525351     
   16.8549842493471     
   16.8587241620681     
   16.8621151148524     
   16.8652193632248     
   16.8680730006154     
   16.8707388294501     
   16.8731770099575     
   16.8754033940564     
   16.8774341588055     
   16.8792862039248     
   16.8809755454263     
   16.8825178818167     
   16.8839273316045     
   16.8852161877415     
   16.8863972354875     
   16.8874774201337     
   16.8884669019520     
   16.8893752101990     
   16.8902082947715     
   16.8909727148055     
   16.8916745562339     
   16.8923197810374     
   16.8929129328412     
   16.8934584667315     
   16.8939603515423     
   16.8944223833921     
   16.8948476245284     
   16.8952377326595     
   16.8955981014948     
   16.8959306017471     
   16.8962371976472     
   16.8965199288306     
   16.8967817623304     
   16.8970835863988     
   16.8973375978974     
   16.8975640268980     
   16.8977698499695     
   16.8979571229462     
   16.8981283551937     
   16.8982854819421     
   16.8984305814063     
   16.8985686214470     
   16.8987537268709     
   16.9013578590828     
   16.9007285305680     
   16.9027758590732     
   16.9042971149733     
   16.9053632865019     
   16.9061437042575     
   16.9067989007995     
   524.585677635960     
