  0.391416456912732     
  0.392524663632744     
  0.393655902026078     
  0.394788659711530     
  0.395906970315029     
  0.397000109283413     
  0.398060612351506     
  0.399084829065610     
  0.400070781498826     
  0.401013026498068     
  0.401910870667757     
  0.402764418239407     
  0.403574459149948     
  0.404341334893527     
  0.405066426582042     
  0.405750856056258     
  0.406396086297863     
  0.407003762399112     
  0.407575573888661     
  0.408112657737746     
  0.408617447374334     
  0.409091713500939     
  0.409537644685168     
  0.409956522517924     
  0.410348873402245     
  0.410717000882948     
  0.411059881515593     
  0.411382879400978     
  0.411684278852304     
  0.411967421248302     
  0.412232249250845     
  0.412478908786888     
  0.412711039320383     
  0.412927958923360     
  0.413129890341776     
  0.413318737156635     
  0.413493681815103     
  0.413657440427365     
  0.413812238286567     
  0.413957104176805     
  0.414091906589701     
  0.414218070593811     
  0.414335685476528     
  0.414443553999866     
  0.414546039097024     
  0.414641618762871     
  0.414730794058742     
  0.414813386192142     
  0.414891006871298     
  0.414963215222307     
  0.415030896695031     
  0.415093703271767     
  0.415151894911317     
  0.415206084914664     
  0.415254948994604     
  0.415301987639672     
  0.415345796187895     
  0.415386554464242     
  0.415424510516770     
  0.415459832935603     
  0.415492701589398     
  0.415523303558799     
  0.415551795585560     
  0.415578302172946     
  0.415602707296107     
  0.415625683912605     
  0.415647079237255     
  0.415667005355623     
  0.415685559854838     
  0.415702834447625     
  0.415718771849155     
  0.415733761706595     
  0.415747721948330     
  0.415760723969820     
  0.415772839480916     
  0.415784121184736     
  0.415794634505462     
  0.415804426051799     
  0.415813548632901     
  0.415822047197518     
  0.415829967905914     
  0.415837441745457     
  0.415844283482228     
  0.415850656159231     
  0.415856587655145     
  0.415862116941607     
  0.415867262140011     
  0.415872052343743     
  0.415876504945042     
  0.415880651409121     
  0.415884487519890     
  0.415892197588213     
  0.415890576153170     
  0.415897318627647     
  0.415899283952024     
  0.415900561868144     
  0.415901593660071     
  0.415902488108076     
  0.415903077461138     
  0.415889466989385     
