  0.795160423097480     
  0.796814965629698     
  0.798319831010187     
  0.799664532797121     
  0.800863585450829     
  0.801928985076660     
  0.802875737045484     
  0.803712653386562     
  0.804445911631890     
  0.805096922394165     
  0.805676075864989     
  0.806190761434089     
  0.806646757244143     
  0.807052487870647     
  0.807414625904405     
  0.807738080513687     
  0.808026105674490     
  0.808282191122869     
  0.808512440842539     
  0.808720928284562     
  0.808908583164763     
  0.809076464242008     
  0.809226163851719     
  0.809360049713710     
  0.809480004826879     
  0.809587564957969     
  0.809684576198419     
  0.809771227287638     
  0.809848906521768     
  0.809919066632806     
  0.809982650663958     
  0.810039650869326     
  0.810090642350942     
  0.810136825264144     
  0.810178564090122     
  0.810216427784407     
  0.810250844653211     
  0.810281339868134     
  0.810309639485991     
  0.810335596233245     
  0.810359678613852     
  0.810381490045253     
  0.810401472501817     
  0.810419950674756     
  0.810436665019899     
  0.810452078341512     
  0.810466277548074     
  0.810479313731986     
  0.810491165250593     
  0.810502351818173     
  0.810512560735544     
  0.810522073877541     
  0.810530979429193     
  0.810539253004287     
  0.810546928542816     
  0.810554036008007     
  0.810560697610984     
  0.810566986630026     
  0.810572881698183     
  0.810578444478320     
  0.810583702210486     
  0.810588657803144     
  0.810593335055366     
  0.810597686000689     
  0.810601859753281     
  0.810605845739727     
  0.810609622185411     
  0.810613203062880     
  0.810616600799398     
  0.810619831288380     
  0.810622896169472     
  0.810625801844724     
  0.810628561126094     
  0.810631183004435     
  0.810633669954995     
  0.810636038054932     
  0.810638284089957     
  0.810640419583867     
  0.810642447344980     
  0.810644375314636     
  0.810646209156952     
  0.810647910277918     
  0.810649546888544     
  0.810651097736077     
  0.810652568929639     
  0.810653961258416     
  0.810655285540559     
  0.810656548707806     
  0.810657762702544     
  0.810658937006509     
  0.810660092733581     
  0.810658990169166     
  0.810661431612019     
  0.810660017859292     
  0.810659817536400     
  0.810659180914068     
  0.810658090602906     
  0.810656380618248     
  0.810654209733358     
  0.810651099336128     
