  0.115678534470296     
  9.851277038183716E-002
  8.765975942302641E-002
  8.037530901774567E-002
  7.526547836921420E-002
  7.157339013130851E-002
  6.881144905416867E-002
  6.670205543036108E-002
  6.506193203462098E-002
  6.376564939211724E-002
  6.272624165316383E-002
  6.187894097915005E-002
  6.118223146977457E-002
  6.060366534190968E-002
  6.011808689520497E-002
  5.970733340179325E-002
  5.935772492275285E-002
  5.905755442780370E-002
  5.879600423134350E-002
  5.856942994303246E-002
  5.837214340105158E-002
  5.819921520288517E-002
  5.804591314607772E-002
  5.790785421839587E-002
  5.778573241885566E-002
  5.767825808533251E-002
  5.758211918260800E-002
  5.749720702992712E-002
  5.742083296477262E-002
  5.735352226210363E-002
  5.729379138367834E-002
  5.724060951832138E-002
  5.719283215718740E-002
  5.715041364220694E-002
  5.711272609143592E-002
  5.707978015623805E-002
  5.705046021328607E-002
  5.702300328332371E-002
  5.699951935561626E-002
  5.697820827075205E-002
  5.695973144525809E-002
  5.694351759787421E-002
  5.692480233227173E-002
  5.691061884408995E-002
  5.689798498308641E-002
  5.688774657581481E-002
  5.687908644497579E-002
  5.687153419328322E-002
  5.686464277884985E-002
  5.685889829215599E-002
  5.685382942988669E-002
  5.684895680513705E-002
  5.684373389038336E-002
  5.683915523491281E-002
  5.683535441520383E-002
  5.683221728258832E-002
  5.682939707657961E-002
  5.682703169163883E-002
  5.682491343718141E-002
  5.682301703703436E-002
  5.682129727848068E-002
  5.681973689152957E-002
  5.681829400278163E-002
  5.681704746620062E-002
  5.681583103408418E-002
  5.681468590605357E-002
  5.681358602540481E-002
  5.681256331095584E-002
  5.681160003925821E-002
  5.681068971433639E-002
  5.680982545818108E-002
  5.680900359488055E-002
  5.680821994458937E-002
  5.680747157654299E-002
  5.680675487229556E-002
  5.680606804307056E-002
  5.680540536074110E-002
  5.680477088891388E-002
  5.680416270780930E-002
  5.680358106012035E-002
  5.680302730777117E-002
  5.680248172905013E-002
  5.680165820612312E-002
  5.680101365418719E-002
  5.680050512894017E-002
  5.680004913981868E-002
  5.679963076583767E-002
  5.679925153217850E-002
  5.679891475705666E-002
  5.679863505463225E-002
  5.679843941673759E-002
  5.679824736994919E-002
  5.679848106162726E-002
  5.679429605572001E-002
  5.679564294603390E-002
  5.679272834855838E-002
  5.679049921081926E-002
  5.678901618664658E-002
  5.678689335309138E-002
  0.000000000000000E+000
