  0.884321465529704     
  0.901487229618163     
  0.912340240576973     
  0.919624690982254     
  0.924734521630786     
  0.928426609868692     
  0.931188550945831     
  0.933297944569639     
  0.934938067965379     
  0.936234350607883     
  0.937273758346836     
  0.938121059020850     
  0.938817768530225     
  0.939396334658090     
  0.939881913104795     
  0.940292666598206     
  0.940642275077247     
  0.940942445572196     
  0.941203995768657     
  0.941430570056967     
  0.941627856598948     
  0.941800784797115     
  0.941954086853922     
  0.942092145781604     
  0.942214267581144     
  0.942321741914668     
  0.942417880817392     
  0.942502792970073     
  0.942579167035228     
  0.942646477737896     
  0.942706208616322     
  0.942759390481679     
  0.942807167842812     
  0.942849586357793     
  0.942887273908564     
  0.942920219843762     
  0.942949539786714     
  0.942976996716676     
  0.943000480644383     
  0.943021791729248     
  0.943040268554742     
  0.943056482402126     
  0.943075197667728     
  0.943089381155910     
  0.943102015016914     
  0.943112253424185     
  0.943120913555024     
  0.943128465806717     
  0.943135357221150     
  0.943141101707844     
  0.943146170570114     
  0.943151043194863     
  0.943156266109617     
  0.943160844765087     
  0.943164645584797     
  0.943167782717412     
  0.943170602923420     
  0.943172968308361     
  0.943175086562819     
  0.943176982962966     
  0.943178702721519     
  0.943180263108470     
  0.943181705997218     
  0.943182952533799     
  0.943184168965916     
  0.943185314093946     
  0.943186413974595     
  0.943187436689044     
  0.943188399960742     
  0.943189310285664     
  0.943190174541819     
  0.943190996405120     
  0.943191780055411     
  0.943192528423457     
  0.943193245127705     
  0.943193931956929     
  0.943194594639259     
  0.943195229111086     
  0.943195837292191     
  0.943196418939880     
  0.943196972692229     
  0.943197518270950     
  0.943198341793877     
  0.943198986345813     
  0.943199494871060     
  0.943199950860181     
  0.943200369234163     
  0.943200748467822     
  0.943201085242943     
  0.943201364945368     
  0.943201560583263     
  0.943201752630051     
  0.943201518938373     
  0.943205703944280     
  0.943204357053966     
  0.943207271651442     
  0.943209500789181     
  0.943210983813354     
  0.943213106646908     
  0.000000000000000E+000
