   8.22204116030138     
   8.24507784239673     
   8.27496738747474     
   8.30898570948600     
   8.34546149542751     
   8.38338753157576     
   8.42159565281340     
   8.45975954725039     
   8.49756917561445     
   8.53451357616607     
   8.57037907601723     
   8.60497173664967     
   8.63839339948712     
   8.67049311457475     
   8.70125324504545     
   8.73059261553895     
   8.75857605624698     
   8.78530161484169     
   8.81064126781412     
   8.83462376880095     
   8.85734905674038     
   8.87888077866521     
   8.89928187820795     
   8.91853570985311     
   8.93670467439182     
   8.95388065654400     
   8.97004126506133     
   8.98527877338673     
   8.99961583658944     
   9.01308801361740     
   9.02573430128955     
   9.03763153511097     
   9.04880229662519     
   9.05928476441325     
   9.06912212244797     
   9.07830477564378     
   9.08694997029932     
   9.09500703976608     
   9.10256510210258     
   9.10965747792136     
   9.11626653130996     
   9.12246709678665     
   9.12820374779887     
   9.13361608189560     
   9.13866509411960     
   9.14341191805955     
   9.14784532585461     
   9.15198088408497     
   9.15577409564793     
   9.15936459900676     
   9.16273588431251     
   9.16586897000407     
   9.16876630332523     
   9.17146954521587     
   9.17399960684349     
   9.17636028444049     
   9.17857583269583     
   9.18062477866406     
   9.18253579841723     
   9.18431519533836     
   9.18597212626576     
   9.18751614229194     
   9.18895472290571     
   9.19028583227265     
   9.19153237711829     
   9.19269347707568     
   9.19377841879712     
   9.19478682800595     
   9.19572645485284     
   9.19660141213442     
   9.19741736447678     
   9.19817748140969     
   9.19888552619711     
   9.19954497528574     
   9.20015941302032     
   9.20073155529685     
   9.20126504660327     
   9.20176194417855     
   9.20222503731882     
   9.20265647462080     
   9.20305883908627     
   9.20343742984442     
   9.20377594866039     
   9.20409543060537     
   9.20439496566116     
   9.20467494253450     
   9.20493623729660     
   9.20518037646326     
   9.20540858104383     
   9.20562225740191     
   9.20581942502248     
   9.20618477179396     
   9.20584302330949     
   9.20618703247923     
   9.20606986849478     
   9.20591148546034     
   9.20579152221721     
   9.20569363833917     
   9.20556384624378     
   9.19129266552289     
