  0.768563436273953     
  0.767821674492632     
  0.767535590551510     
  0.767486535747065     
  0.767560191846004     
  0.767690888426777     
  0.767838736370226     
  0.767985520189597     
  0.768120165706001     
  0.768239176335642     
  0.768340377954325     
  0.768422093854415     
  0.768488511374399     
  0.768540360743892     
  0.768580211108118     
  0.768607671274725     
  0.768625352657337     
  0.768636613357566     
  0.768641047195567     
  0.768639500115860     
  0.768633038465800     
  0.768623089434673     
  0.768610769508931     
  0.768596124725293     
  0.768580029638167     
  0.768563646801015     
  0.768546222496944     
  0.768528635329396     
  0.768511088821521     
  0.768493797735227     
  0.768476897282329     
  0.768460751522455     
  0.768445439251845     
  0.768431139438874     
  0.768417777931737     
  0.768404549609218     
  0.768392925964002     
  0.768381078721585     
  0.768370836382555     
  0.768361992196668     
  0.768353742747370     
  0.768346555136461     
  0.768339646164391     
  0.768334064839066     
  0.768328963806142     
  0.768325046904228     
  0.768321744721512     
  0.768318851369443     
  0.768315339367359     
  0.768313435220714     
  0.768312239919998     
  0.768311469497187     
  0.768310856300292     
  0.768310573839736     
  0.768310556533588     
  0.768310860717514     
  0.768311704035710     
  0.768312504666066     
  0.768313549143771     
  0.768314769311468     
  0.768316144556084     
  0.768317660668105     
  0.768319294253659     
  0.768320834789887     
  0.768322579330543     
  0.768324399834542     
  0.768326318003501     
  0.768328221069133     
  0.768330144290031     
  0.768332064734302     
  0.768333975499858     
  0.768335870255928     
  0.768337741261488     
  0.768339580041719     
  0.768341381744939     
  0.768343140275213     
  0.768344862468225     
  0.768346532901548     
  0.768348153100213     
  0.768349721044735     
  0.768351237527590     
  0.768352729639094     
  0.768353984027498     
  0.768355235718941     
  0.768356457548065     
  0.768357631584420     
  0.768358758894378     
  0.768359839048212     
  0.768360877545126     
  0.768361883516299     
  0.768362790311292     
  0.768365073337080     
  0.768358720751716     
  0.768361334580248     
  0.768357376618534     
  0.768353184673574     
  0.768349673424357     
  0.768346505655477     
  0.768343059419261     
  0.768304946760886     
