  0.800591526993183     
  0.797183529125040     
  0.795192270709855     
  0.793934305796910     
  0.793091428612519     
  0.792497702721441     
  0.792059913171161     
  0.791725224257537     
  0.791459736094960     
  0.791244873279918     
  0.791067084291031     
  0.790915882473408     
  0.790787632688048     
  0.790677259342697     
  0.790583439189331     
  0.790500831785620     
  0.790428329089331     
  0.790366526686520     
  0.790312625219906     
  0.790265526310751     
  0.790224339852383     
  0.790188516962611     
  0.790157447018091     
  0.790130059712611     
  0.790106072898984     
  0.790086396960443     
  0.790069197571191     
  0.790054379921305     
  0.790041609111471     
  0.790030588611147     
  0.790021165234306     
  0.790013551167346     
  0.790007268459787     
  0.790002283686738     
  0.789998399398260     
  0.789994708562937     
  0.789992817885772     
  0.789990615831553     
  0.789989705333793     
  0.789989750885974     
  0.789990104395505     
  0.789991116467108     
  0.789992102771385     
  0.789993963411447     
  0.789995830891886     
  0.789998345237161     
  0.790001067913795     
  0.790003901859130     
  0.790005565465508     
  0.790008364059157     
  0.790011512410517     
  0.790014685986388     
  0.790017702660169     
  0.790020725227597     
  0.790023733512319     
  0.790026748903085     
  0.790029930064852     
  0.790032905985002     
  0.790035870388101     
  0.790038796456421     
  0.790041674067044     
  0.790044502410186     
  0.790047272276326     
  0.790049817047282     
  0.790052405508628     
  0.790054925170317     
  0.790057400641828     
  0.790059763724561     
  0.790062046384870     
  0.790064239624911     
  0.790066349940084     
  0.790068371538200     
  0.790070304616921     
  0.790072149331521     
  0.790073908746641     
  0.790075582995864     
  0.790077182440779     
  0.790078699814252     
  0.790080141395205     
  0.790081509298654     
  0.790082809673110     
  0.790084065402860     
  0.790085083136927     
  0.790086091066914     
  0.790087060060519     
  0.790087981239646     
  0.790088856622351     
  0.790089690930198     
  0.790090489534921     
  0.790091260130707     
  0.790091977724775     
  0.790093787010307     
  0.790087578118079     
  0.790089832025346     
  0.790085574978884     
  0.790081223817594     
  0.790077514038651     
  0.790074074894549     
  0.790070399402771     
  0.790054667353723     
