  2.044163880253203E-002
  2.029081265102626E-002
  2.009627704479045E-002
  1.987633649105885E-002
  1.964219884032077E-002
  1.940057115909557E-002
  1.915899589516628E-002
  1.891953033812229E-002
  1.868406502516493E-002
  1.845567221763313E-002
  1.823552776251514E-002
  1.802465217778227E-002
  1.782225776470946E-002
  1.762909839013515E-002
  1.744511780078977E-002
  1.727064968103190E-002
  1.710514992994661E-002
  1.694791508517171E-002
  1.679956903386840E-002
  1.665982426039964E-002
  1.652799022364758E-002
  1.640360068084960E-002
  1.628620760065444E-002
  1.617582750382950E-002
  1.607203170202109E-002
  1.597423213424067E-002
  1.588250050616654E-002
  1.579626078812920E-002
  1.571533989758424E-002
  1.563949618068340E-002
  1.556847424329976E-002
  1.550181136836630E-002
  1.543935138733015E-002
  1.538085684205560E-002
  1.532606503360909E-002
  1.527500890034489E-002
  1.522702062057133E-002
  1.518236520633762E-002
  1.514053445306081E-002
  1.510133421225890E-002
  1.506485062325634E-002
  1.503066340451247E-002
  1.499906676434834E-002
  1.496928706698946E-002
  1.494153229177242E-002
  1.491546161799990E-002
  1.489113125367502E-002
  1.486847234041996E-002
  1.484767230338357E-002
  1.482799966257932E-002
  1.480954942803747E-002
  1.479241105404203E-002
  1.477657436454093E-002
  1.476180694615009E-002
  1.474799289962148E-002
  1.473511010815906E-002
  1.472302527712226E-002
  1.471185330511721E-002
  1.470143734231653E-002
  1.469174204204764E-002
  1.468271678928450E-002
  1.467430897521465E-002
  1.466647724278925E-002
  1.465923248145000E-002
  1.465244948310940E-002
  1.464613250245701E-002
  1.464023104947649E-002
  1.463474687616177E-002
  1.462963735646745E-002
  1.462488019213777E-002
  1.462044448116018E-002
  1.461631275829874E-002
  1.461246439590140E-002
  1.460888046525308E-002
  1.460554160265085E-002
  1.460243284119433E-002
  1.459953429064649E-002
  1.459683470410770E-002
  1.459431895415631E-002
  1.459197532956114E-002
  1.458978983867193E-002
  1.458773375337141E-002
  1.458589496633189E-002
  1.458416003333746E-002
  1.458253319097635E-002
  1.458101281777193E-002
  1.457959384376186E-002
  1.457826823948791E-002
  1.457702880813747E-002
  1.457586749064109E-002
  1.457480011645457E-002
  1.457282486482794E-002
  1.457469074414980E-002
  1.457282337180161E-002
  1.457345963874056E-002
  1.457431689520067E-002
  1.457496548521895E-002
  1.457549522391174E-002
  1.457619843231426E-002
  1.465374883255655E-002
