  0.148343139180485     
  0.149794473807276     
  0.149924660150762     
  0.149713376513295     
  0.149416710899499     
  0.149129386236580     
  0.148892082298305     
  0.148679438316568     
  0.148500383512480     
  0.148345456928575     
  0.148220271388717     
  0.148118863267123     
  0.148029825490527     
  0.147958585408120     
  0.147900100285960     
  0.147852052328558     
  0.147808688326747     
  0.147769070500932     
  0.147736505061634     
  0.147704704960606     
  0.147675661252697     
  0.147647740585488     
  0.147621230489623     
  0.147594269992369     
  0.147564294012374     
  0.147535806698811     
  0.147510071869639     
  0.147484226599467     
  0.147460565649669     
  0.147437645227971     
  0.147417238928998     
  0.147398610134141     
  0.147381452666379     
  0.147365389877836     
  0.147351451182998     
  0.147339209638368     
  0.147326762274890     
  0.147317295351436     
  0.147303933031444     
  0.147295463410679     
  0.147289099656475     
  0.147284233494329     
  0.147280987781653     
  0.147273911703646     
  0.147271840494201     
  0.147268754282509     
  0.147268852863893     
  0.147270446725867     
  0.147272722505604     
  0.147271117211496     
  0.147273556949913     
  0.147277313289836     
  0.147281184020140     
  0.147284351242074     
  0.147287971664024     
  0.147291816942553     
  0.147296116478991     
  0.147300947926809     
  0.147305808057041     
  0.147310829281010     
  0.147315914663700     
  0.147321015998100     
  0.147326115236535     
  0.147331153020235     
  0.147336037208501     
  0.147340903260764     
  0.147345679205534     
  0.147350378143320     
  0.147354917668487     
  0.147359334889874     
  0.147363613586992     
  0.147367752824041     
  0.147371750125926     
  0.147375604164680     
  0.147379314050300     
  0.147382880580815     
  0.147386304580417     
  0.147389598888494     
  0.147392748795305     
  0.147395761822619     
  0.147398642800007     
  0.147401397639582     
  0.147404031824513     
  0.147405674629113     
  0.147407578278538     
  0.147409611296007     
  0.147411613165068     
  0.147413558397203     
  0.147415441296352     
  0.147417262265509     
  0.147419029569392     
  0.147420584163205     
  0.147423162442512     
  0.147405980411121     
  0.147407220995300     
  0.147396495721055     
  0.147382507526608     
  0.147372290453749     
  0.147364668426419     
  1.102229021504885E-002
  0.533843678828502     
  0.463284017238494     
  0.421360484840280     
  0.394663111895343     
  0.376731478757418     
  0.364142706628574     
  0.355055400334658     
  0.348211622149072     
  0.342943041420962     
  0.338823291858932     
  0.335533188057650     
  0.332871492341517     
  0.330681362723326     
  0.328863590792798     
  0.327342556089516     
  0.326057022622950     
  0.324965375646141     
  0.324034397675533     
  0.323225786980061     
  0.322506430860304     
  0.321878491502077     
  0.321327102036071     
  0.320838064987709     
  0.320395668223353     
  0.319985909743426     
  0.319615631606717     
  0.319287129109742     
  0.318985956684271     
  0.318717246312760     
  0.318468570486234     
  0.318247050044003     
  0.318046848113582     
  0.317865441105153     
  0.317697129784314     
  0.317545244205637     
  0.317407396341249     
  0.317288369884505     
  0.317179038619739     
  0.317078058680162     
  0.316988333445739     
  0.316903780633809     
  0.316828946743533     
  0.316762544716943     
  0.316682847584047     
  0.316621481724165     
  0.316565260949639     
  0.316518824053717     
  0.316479268358360     
  0.316444866487482     
  0.316417686585079     
  0.316392195375520     
  0.316368457789027     
  0.316344517333751     
  0.316318626189896     
  0.316296234181423     
  0.316277617568544     
  0.316261857080224     
  0.316247841010379     
  0.316235750044004     
  0.316224895101926     
  0.316215149336407     
  0.316206340127470     
  0.316198424384791     
  0.316191090468079     
  0.316184649430892     
  0.316178692834232     
  0.316173250698713     
  0.316168223868949     
  0.316163630675157     
  0.316159454043609     
  0.316155641249264     
  0.316152156205808     
  0.316148960171899     
  0.316146021257066     
  0.316143313755818     
  0.316140813686334     
  0.316138500534889     
  0.316136327279864     
  0.316134326743799     
  0.316132477706875     
  0.316130770776928     
  0.316129215688306     
  0.316127677463126     
  0.316124973321935     
  0.316122854204652     
  0.316121496808007     
  0.316120388800033     
  0.316119437978904     
  0.316118658989552     
  0.316118087520202     
  0.316117853009177     
  0.316118571109338     
  0.316119468086926     
  0.316146663898426     
  0.316111879092587     
  0.316140576806865     
  0.316134594975682     
  0.316127204510068     
  0.316120204764003     
  5.773460260648073E-004
  0.000000000000000E+000
  0.000000000000000E+000
  0.000000000000000E+000
  0.000000000000000E+000
  0.000000000000000E+000
  0.000000000000000E+000
  0.000000000000000E+000
  0.000000000000000E+000
  0.000000000000000E+000
  0.000000000000000E+000
  0.000000000000000E+000
  0.000000000000000E+000
  0.000000000000000E+000
  0.000000000000000E+000
  0.000000000000000E+000
  0.000000000000000E+000
  0.000000000000000E+000
  0.000000000000000E+000
  0.000000000000000E+000
  0.000000000000000E+000
  0.000000000000000E+000
  0.000000000000000E+000
  0.000000000000000E+000
  0.000000000000000E+000
  0.000000000000000E+000
  0.000000000000000E+000
  0.000000000000000E+000
  0.000000000000000E+000
  0.000000000000000E+000
  0.000000000000000E+000
  0.000000000000000E+000
  0.000000000000000E+000
  0.000000000000000E+000
  0.000000000000000E+000
  0.000000000000000E+000
  0.000000000000000E+000
  0.000000000000000E+000
  0.000000000000000E+000
  0.000000000000000E+000
  0.000000000000000E+000
  0.000000000000000E+000
  0.000000000000000E+000
  0.000000000000000E+000
  0.000000000000000E+000
  0.000000000000000E+000
  0.000000000000000E+000
  0.000000000000000E+000
  0.000000000000000E+000
  0.000000000000000E+000
  0.000000000000000E+000
  0.000000000000000E+000
  0.000000000000000E+000
  0.000000000000000E+000
  0.000000000000000E+000
  0.000000000000000E+000
  0.000000000000000E+000
  0.000000000000000E+000
  0.000000000000000E+000
  0.000000000000000E+000
  0.000000000000000E+000
  0.000000000000000E+000
  0.000000000000000E+000
  0.000000000000000E+000
  0.000000000000000E+000
  0.000000000000000E+000
  0.000000000000000E+000
  0.000000000000000E+000
  0.000000000000000E+000
  0.000000000000000E+000
  0.000000000000000E+000
  0.000000000000000E+000
  0.000000000000000E+000
  0.000000000000000E+000
  0.000000000000000E+000
  0.000000000000000E+000
  0.000000000000000E+000
  0.000000000000000E+000
  0.000000000000000E+000
  0.000000000000000E+000
  0.000000000000000E+000
  0.000000000000000E+000
  0.000000000000000E+000
  0.000000000000000E+000
  0.000000000000000E+000
  0.000000000000000E+000
  0.000000000000000E+000
  0.000000000000000E+000
  0.000000000000000E+000
  0.000000000000000E+000
  0.000000000000000E+000
  0.000000000000000E+000
  0.000000000000000E+000
  0.000000000000000E+000
  0.000000000000000E+000
  0.000000000000000E+000
  0.000000000000000E+000
  0.000000000000000E+000
  0.000000000000000E+000
  0.000000000000000E+000
  2.421532680035407E-005
  0.466156321171498     
  0.536715982761506     
  0.578639515159720     
  0.605336888104657     
  0.623268521242582     
  0.635857293371426     
  0.644944599665341     
  0.651788377850928     
  0.657056958579038     
  0.661176708141068     
  0.664466811942350     
  0.667128507658483     
  0.669318637276674     
  0.671136409207202     
  0.672657443910485     
  0.673942977377050     
  0.675034624353859     
  0.675965602324467     
  0.676774213019938     
  0.677493569139696     
  0.678121508497923     
  0.678672897963929     
  0.679161935012292     
  0.679604331776647     
  0.680014090256574     
  0.680384368393282     
  0.680712870890258     
  0.681014043315729     
  0.681282753687240     
  0.681531429513766     
  0.681752949955998     
  0.681953151886417     
  0.682134558894847     
  0.682302870215687     
  0.682454755794363     
  0.682592603658751     
  0.682711630115495     
  0.682820961380261     
  0.682921941319838     
  0.683011666554260     
  0.683096219366191     
  0.683171053256467     
  0.683237455283057     
  0.683317152415953     
  0.683378518275835     
  0.683434739050361     
  0.683481175946283     
  0.683520731641640     
  0.683555133512519     
  0.683582313414921     
  0.683607804624480     
  0.683631542210973     
  0.683655482666248     
  0.683681373810105     
  0.683703765818577     
  0.683722382431456     
  0.683738142919776     
  0.683752158989621     
  0.683764249955996     
  0.683775104898074     
  0.683784850663593     
  0.683793659872529     
  0.683801575615209     
  0.683808909531921     
  0.683815350569108     
  0.683821307165768     
  0.683826749301287     
  0.683831776131051     
  0.683836369324843     
  0.683840545956391     
  0.683844358750736     
  0.683847843794191     
  0.683851039828100     
  0.683853978742935     
  0.683856686244181     
  0.683859186313666     
  0.683861499465112     
  0.683863672720136     
  0.683865673256201     
  0.683867522293125     
  0.683869229223072     
  0.683870784311694     
  0.683872322536873     
  0.683875026678065     
  0.683877145795348     
  0.683878503191993     
  0.683879611199967     
  0.683880562021096     
  0.683881341010447     
  0.683881912479798     
  0.683882146990824     
  0.683881428890662     
  0.683880531913073     
  0.683853336101574     
  0.683888120907413     
  0.683859423193135     
  0.683865405024318     
  0.683872795489932     
  0.683879795235997     
  7.340523956801011E-007
