  0.124032934989642     
  0.123730160535109     
  0.123448675594330     
  0.123185641829609     
  0.122938521635649     
  0.122704352623155     
  0.122484410190129     
  0.122276469872706     
  0.122080190874789     
  0.121895037841260     
  0.121720855799372     
  0.121557596794996     
  0.121403494243878     
  0.121258622632352     
  0.121122238378435     
  0.120994483075833     
  0.120874662798129     
  0.120761548049592     
  0.120655730464859     
  0.120556602370538     
  0.120463638746992     
  0.120376203773419     
  0.120294117478927     
  0.120217404653768     
  0.120145263520718     
  0.120077561163329     
  0.120014141569071     
  0.119954712895089     
  0.119899022165596     
  0.119846942776353     
  0.119798164944985     
  0.119752411491095     
  0.119709560193629     
  0.119669388559601     
  0.119631834303306     
  0.119597015890091     
  0.119564142200257     
  0.119533957679122     
  0.119505353376285     
  0.119478668108706     
  0.119453695455833     
  0.119430445721326     
  0.119408954666451     
  0.119388536484443     
  0.119369595355106     
  0.119351721047582     
  0.119335029683658     
  0.119319503798977     
  0.119305414259759     
  0.119291878567786     
  0.119279356435850     
  0.119267630497879     
  0.119256695199783     
  0.119246536665424     
  0.119237029500129     
  0.119228144431648     
  0.119219786033724     
  0.119212034015636     
  0.119204791980881     
  0.119198027948082     
  0.119191709775635     
  0.119185805155651     
  0.119180288673046     
  0.119175174557424     
  0.119170365443862     
  0.119165872570169     
  0.119161659362903     
  0.119157733753315     
  0.119154065315354     
  0.119150638202276     
  0.119147433849778     
  0.119144439262041     
  0.119141641644924     
  0.119139027780514     
  0.119136585271103     
  0.119134301349307     
  0.119132167793749     
  0.119130172934523     
  0.119128308010061     
  0.119126564296669     
  0.119124932624778     
  0.119123447531954     
  0.119122072717704     
  0.119120776968916     
  0.119119559928189     
  0.119118419341024     
  0.119117347055359     
  0.119116338217747     
  0.119115383330883     
  0.119114480741651     
  0.119113650996194     
  0.119114773588825     
  0.119114167228118     
  0.119115465310086     
  0.119116675824228     
  0.119118130716265     
  0.119119469403712     
  0.119120758291907     
  0.119122101526793     
  0.119112596238910     
