  9.885362766416639E-002
  9.960775435401445E-002
  0.100295488736650     
  0.100911491050555     
  0.101461884098396     
  0.101951796407237     
  0.102387816862383     
  0.102773786357472     
  0.103112385705019     
  0.103413354428137     
  0.103681369476749     
  0.103919776941902     
  0.104131193665761     
  0.104319462995490     
  0.104487641252172     
  0.104637963905197     
  0.104771911980389     
  0.104891101875730     
  0.104998326488267     
  0.105095471360977     
  0.105182962080930     
  0.105261290205373     
  0.105331181066433     
  0.105393723414330     
  0.105449799886868     
  0.105500113047274     
  0.105545521532279     
  0.105586109056242     
  0.105622523169659     
  0.105655432882824     
  0.105685279263039     
  0.105712058686774     
  0.105736038438545     
  0.105757773239113     
  0.105777430522868     
  0.105795271351929     
  0.105811503960654     
  0.105825892593652     
  0.105839259210411     
  0.105851519370845     
  0.105862902741259     
  0.105873215877420     
  0.105882668634515     
  0.105891419036218     
  0.105899337155930     
  0.105906643779039     
  0.105913377329016     
  0.105919575583482     
  0.105925183473899     
  0.105930484974617     
  0.105935333425684     
  0.105939860180274     
  0.105944099560850     
  0.105948038291102     
  0.105951694330261     
  0.105955079901372     
  0.105958253205689     
  0.105961248986464     
  0.105964057133162     
  0.105966707599919     
  0.105969212765279     
  0.105971573875874     
  0.105973802574586     
  0.105975876859844     
  0.105977865752037     
  0.105979764404675     
  0.105981563409123     
  0.105983268284900     
  0.105984886207174     
  0.105986423966970     
  0.105987882828904     
  0.105989265514142     
  0.105990578450827     
  0.105991825887173     
  0.105993008942835     
  0.105994135106765     
  0.105995202854364     
  0.105996218276472     
  0.105997182271546     
  0.105998098734383     
  0.105998969865124     
  0.105999776998866     
  0.106000554462774     
  0.106001290589426     
  0.106001989224360     
  0.106002649979284     
  0.106003278447889     
  0.106003877553001     
  0.106004453317977     
  0.106005011287734     
  0.106005564223003     
  0.106004981484655     
  0.106006179145381     
  0.106005441388490     
  0.106005332799514     
  0.106005012779747     
  0.106004475213244     
  0.106003644440228     
  0.106002596322501     
  9.883342771282148E-002
