  0.133816428725314     
  0.134570372729767     
  0.135257992790212     
  0.135873915416854     
  0.136424251084135     
  0.136914120424991     
  0.137350108135620     
  0.137736053881794     
  0.138074634868052     
  0.138375584718833     
  0.138643584183769     
  0.138881980154213     
  0.139093387400629     
  0.139281649001564     
  0.139449820947183     
  0.139600145013890     
  0.139734085475240     
  0.139853272836310     
  0.139960493456932     
  0.140057634944950     
  0.140145124987507     
  0.140223453615904     
  0.140293345443797     
  0.140355888474385     
  0.140411965559412     
  0.140462279582961     
  0.140507690051277     
  0.140548278546034     
  0.140584693569243     
  0.140617603109485     
  0.140647449103735     
  0.140674229295543     
  0.140698209413268     
  0.140719943398006     
  0.140739600082445     
  0.140757439704125     
  0.140773672164416     
  0.140788060719008     
  0.140801424330804     
  0.140813682379228     
  0.140825063064918     
  0.140835374742408     
  0.140844823418786     
  0.140853570397283     
  0.140861483612985     
  0.140868784361113     
  0.140875510362810     
  0.140881728283248     
  0.140887302982438     
  0.140892578695820     
  0.140897420885371     
  0.140901948138819     
  0.140906186871558     
  0.140910126646578     
  0.140913784904467     
  0.140917172965131     
  0.140920350440338     
  0.140923349717512     
  0.140926161194864     
  0.140928814971858     
  0.140931323010964     
  0.140933686800298     
  0.140935918070255     
  0.140937994564063     
  0.140939985208094     
  0.140941885262728     
  0.140943685798121     
  0.140945391616024     
  0.140947010294624     
  0.140948548329973     
  0.140950007871291     
  0.140951390767577     
  0.140952703642371     
  0.140953950960007     
  0.140955133825164     
  0.140956259614739     
  0.140957326923534     
  0.140958341895124     
  0.140959305278909     
  0.140960221177239     
  0.140961091570385     
  0.140961898670153     
  0.140962675430269     
  0.140963410726497     
  0.140964108711601     
  0.140964768841240     
  0.140965396616668     
  0.140965995036855     
  0.140966569642000     
  0.140967126222355     
  0.140967685960321     
  0.140967131156152     
  0.140968287636253     
  0.140967561996902     
  0.140967456928974     
  0.140967136346666     
  0.140966596364459     
  0.140965764751909     
  0.140964715531721     
  0.133779371505277     
