  3.496280106114774E-002
  3.496261837575295E-002
  3.496250405356145E-002
  3.496242436629952E-002
  3.496236698573976E-002
  3.496232401775373E-002
  3.496229127323713E-002
  3.496226752432195E-002
  3.496224916303255E-002
  3.496223029069610E-002
  3.496221470701982E-002
  3.496220321231167E-002
  3.496219373486794E-002
  3.496218600607408E-002
  3.496217969501084E-002
  3.496218110869231E-002
  3.496217349485121E-002
  3.496217096057939E-002
  3.496216696866575E-002
  3.496216358397375E-002
  3.496216290657640E-002
  3.496216341053133E-002
  3.496216437736460E-002
  3.496216506005424E-002
  3.496216567254473E-002
  3.496216653568715E-002
  3.496216851899724E-002
  3.496216948979151E-002
  3.496217039958392E-002
  3.496217022666116E-002
  3.496216984069594E-002
  3.496217060876840E-002
  3.496217097472260E-002
  3.496217015889340E-002
  3.496216955957648E-002
  3.496216835219615E-002
  3.496216820376195E-002
  3.496216812535627E-002
  3.496216512039237E-002
  3.496216300838224E-002
  3.496216032365820E-002
  3.496215886498827E-002
  3.496215478427093E-002
  3.496215136106478E-002
  3.496214645705521E-002
  3.496214058207397E-002
  3.496213303379444E-002
  3.496215269976653E-002
  3.496211950853910E-002
  3.496209372120321E-002
  3.496208745968780E-002
  3.496208795854522E-002
  3.496208731070748E-002
  3.496208835547603E-002
  3.496209057420580E-002
  3.496209306375858E-002
  3.496209723464920E-002
  3.496210073104759E-002
  3.496210406170151E-002
  3.496210737193883E-002
  3.496211024568561E-002
  3.496211292442431E-002
  3.496211549566973E-002
  3.496211770421924E-002
  3.496211945605695E-002
  3.496212085805276E-002
  3.496212238899769E-002
  3.496212333112431E-002
  3.496212408745005E-002
  3.496212436300308E-002
  3.496212504238767E-002
  3.496212525343440E-002
  3.496212519154460E-002
  3.496212507283462E-002
  3.496212488232870E-002
  3.496212450797414E-002
  3.496212406916941E-002
  3.496212361865209E-002
  3.496212300736269E-002
  3.496212244285537E-002
  3.496212170526045E-002
  3.496212167128675E-002
  3.496212096749476E-002
  3.496212013707085E-002
  3.496211948724159E-002
  3.496211886195597E-002
  3.496211816877880E-002
  3.496211748385381E-002
  3.496211632402339E-002
  3.496211493462126E-002
  3.496212173731819E-002
  3.496214967149612E-002
  3.496210849087276E-002
  3.496212060841211E-002
  3.496212412946037E-002
  3.496212356691915E-002
  3.496212115121477E-002
  3.496212031168104E-002
  3.496211920922025E-002
  3.494594379245559E-002
