   1.34281580548138     
   1.34405762798079     
   1.34566448193994     
   1.34748820964374     
   1.34943791294208     
   1.35145897733252     
   1.35348880088824     
   1.35551004322669     
   1.35750646655930     
   1.35945146242676     
   1.36133423053586     
   1.36314515711591     
   1.36489013380884     
   1.36656181766019     
   1.36815984731272     
   1.36968049603029     
   1.37112772096217     
   1.37250697413103     
   1.37381211746067     
   1.37504503348394     
   1.37621123497842     
   1.37731433524289     
   1.37835785146056     
   1.37934121731750     
   1.38026786650114     
   1.38114271197510     
   1.38196480698498     
   1.38273903760587     
   1.38346671421618     
   1.38414978920358     
   1.38479036505375     
   1.38539244280266     
   1.38595728176549     
   1.38648689374130     
   1.38698353766578     
   1.38744680622527     
   1.38788266573060     
   1.38828862698925     
   1.38866923592160     
   1.38902619754475     
   1.38935867098424     
   1.38967043665820     
   1.38995876649352     
   1.39023068213338     
   1.39048425357925     
   1.39072256654146     
   1.39094508296203     
   1.39115240996967     
   1.39134281088839     
   1.39152296444674     
   1.39169198798657     
   1.39184904925410     
   1.39199422924834     
   1.39212964824678     
   1.39225636085645     
   1.39237456280939     
   1.39248547097785     
   1.39258802522762     
   1.39268366023406     
   1.39277269630561     
   1.39285559454955     
   1.39293283498443     
   1.39300479478229     
   1.39307137138318     
   1.39313371329850     
   1.39319177969158     
   1.39324603313458     
   1.39329645616725     
   1.39334343950557     
   1.39338718716239     
   1.39342798243210     
   1.39346598517663     
   1.39350138445457     
   1.39353435379981     
   1.39356507083855     
   1.39359367282563     
   1.39362034238152     
   1.39364518266115     
   1.39366833257390     
   1.39368989963883     
   1.39371001239914     
   1.39372893506131     
   1.39374585853326     
   1.39376182674442     
   1.39377680060005     
   1.39379079492817     
   1.39380385630801     
   1.39381605857270     
   1.39382746790344     
   1.39383815842997     
   1.39384798437901     
   1.39386616854818     
   1.39384899124179     
   1.39386618229326     
   1.39386032474028     
   1.39385243284811     
   1.39384646202655     
   1.39384158538980     
   1.39383511191586     
   1.39312177044234     
