  0.475395133880377     
  0.483094358243728     
  0.489214360437073     
  0.494364097277120     
  0.498829869701691     
  0.502752186886055     
  0.506203771737612     
  0.509247894604829     
  0.511927653835022     
  0.514294375723974     
  0.516383093493003     
  0.518221276969400     
  0.519841504654857     
  0.521269337127780     
  0.522524967776205     
  0.523629155981597     
  0.524600011129189     
  0.525454314125359     
  0.526205483592734     
  0.526866208527120     
  0.527445802758996     
  0.527954758465590     
  0.528402273378534     
  0.528795057920671     
  0.529141561599551     
  0.529445263995637     
  0.529712302702231     
  0.529947788769525     
  0.530156033369319     
  0.530341120736852     
  0.530505846124461     
  0.530651608443068     
  0.530781589652109     
  0.530898556982833     
  0.531003654108131     
  0.531097381241418     
  0.531181829802716     
  0.531255478043565     
  0.531323971188163     
  0.531387292171688     
  0.531445245295033     
  0.531498369290838     
  0.531545964120750     
  0.531591195254740     
  0.531632636304696     
  0.531672283412207     
  0.531709199299879     
  0.531743920116710     
  0.531774092227942     
  0.531804414405950     
  0.531833285541422     
  0.531860837409149     
  0.531886921572304     
  0.531911687802431     
  0.531935227568898     
  0.531957801483374     
  0.531980141979182     
  0.532000976113630     
  0.532021063916333     
  0.532040352223521     
  0.532058906192346     
  0.532076759039098     
  0.532093940274117     
  0.532110115414838     
  0.532125929262383     
  0.532141230327232     
  0.532156100102750     
  0.532170312146977     
  0.532183982982014     
  0.532197116671521     
  0.532209716633259     
  0.532221815033801     
  0.532233428285426     
  0.532244568674774     
  0.532255248290208     
  0.532265484299626     
  0.532275292764342     
  0.532284675719256     
  0.532293645752510     
  0.532302220025855     
  0.532310410675415     
  0.532318174525411     
  0.532325392398155     
  0.532332333241527     
  0.532338973128840     
  0.532345289475107     
  0.532351298253296     
  0.532357012303281     
  0.532362447702136     
  0.532367623378462     
  0.532372568946820     
  0.532374632676084     
  0.532374224216922     
  0.532374930048084     
  0.532372193860483     
  0.532367616789535     
  0.532363240463656     
  0.532358686863762     
  0.532352954318317     
  0.532181114778343     
