  0.608927115176190     
  0.611544729466225     
  0.613931105254841     
  0.616104024971013     
  0.618092932635313     
  0.619917280632064     
  0.621594202006540     
  0.623133436252158     
  0.624538518710665     
  0.625833810406455     
  0.627029496663127     
  0.628132584459995     
  0.629149289116631     
  0.630088350989831     
  0.630957522534628     
  0.631761818891793     
  0.632505046409212     
  0.633191903794906     
  0.633829277239593     
  0.634422874801721     
  0.634974146066864     
  0.635485073691575     
  0.635957597850750     
  0.636394855695429     
  0.636800383282916     
  0.637176076829590     
  0.637525188906036     
  0.637848166750543     
  0.638147513564150     
  0.638425360882275     
  0.638683623668007     
  0.638922873414422     
  0.639144277393085     
  0.639349880471097     
  0.639540571079054     
  0.639717370532334     
  0.639881870367754     
  0.640033092266909     
  0.640174535427915     
  0.640305809788145     
  0.640428355835917     
  0.640541659630193     
  0.640646815752627     
  0.640745015063494     
  0.640835679895065     
  0.640920024737168     
  0.640998326607215     
  0.641071038290318     
  0.641137804739220     
  0.641200358680442     
  0.641258040978366     
  0.641311762676242     
  0.641361849231044     
  0.641408290653860     
  0.641451488030374     
  0.641491531921840     
  0.641528781783090     
  0.641563462345037     
  0.641595694443919     
  0.641625709611774     
  0.641653666418666     
  0.641679687587788     
  0.641703914221209     
  0.641726379560983     
  0.641747403920787     
  0.641767033566844     
  0.641785341841417     
  0.641802404320775     
  0.641818318241648     
  0.641833171366908     
  0.641847039280184     
  0.641859974744970     
  0.641872048076425     
  0.641883322845139     
  0.641893848126467     
  0.641903688621804     
  0.641912874334109     
  0.641921465571780     
  0.641929495355657     
  0.641937006575893     
  0.641944035283000     
  0.641950473637916     
  0.641956573064063     
  0.641962280019907     
  0.641967621922620     
  0.641972618968101     
  0.641977309602843     
  0.641981721543455     
  0.641985893714645     
  0.641989849509028     
  0.641993654904790     
  0.641990715005280     
  0.641997513267181     
  0.641993905220449     
  0.641993356008922     
  0.641992092372506     
  0.641990074577009     
  0.641987000527592     
  0.641983111936913     
  0.641930254438722     
