   1.82249947250488     
   1.82070161841159     
   1.81912878115634     
   1.81771427737362     
   1.81646521086840     
   1.81535654497900     
   1.81436690142225     
   1.81347255814041     
   1.81265963492035     
   1.81191641070297     
   1.81123718852683     
   1.81061360766609     
   1.81003842128216     
   1.80950702717176     
   1.80901620986813     
   1.80856370531650     
   1.80814573445909     
   1.80776122651589     
   1.80740746646578     
   1.80708209030497     
   1.80677978650861     
   1.80650186024180     
   1.80624637343893     
   1.80601206130167     
   1.80579757558103     
   1.80560114270540     
   1.80542152564965     
   1.80525736370421     
   1.80510740576737     
   1.80497056882910     
   1.80484579802508     
   1.80473216852119     
   1.80462871609705     
   1.80453459789557     
   1.80444900444654     
   1.80437118773083     
   1.80430046249625     
   1.80423620501583     
   1.80417782110194     
   1.80412479286606     
   1.80407387550159     
   1.80402750929778     
   1.80398522343900     
   1.80394664864770     
   1.80391144316976     
   1.80387932380652     
   1.80385000532820     
   1.80382321329221     
   1.80379865977371     
   1.80377614456176     
   1.80375549093089     
   1.80373652468684     
   1.80371907406032     
   1.80370301561829     
   1.80368820031205     
   1.80367453699730     
   1.80366190860330     
   1.80365021161035     
   1.80363941482704     
   1.80362940464724     
   1.80362012739789     
   1.80361153191369     
   1.80360353191629     
   1.80359610949183     
   1.80358919209066     
   1.80358275240257     
   1.80357676338250     
   1.80357119631734     
   1.80356599670951     
   1.80356114216417     
   1.80355663994853     
   1.80355242490238     
   1.80354849234879     
   1.80354481546489     
   1.80354138565620     
   1.80353817969999     
   1.80353519911625     
   1.80353241549369     
   1.80352980637735     
   1.80352738048473     
   1.80352509926690     
   1.80352298279886     
   1.80352099755570     
   1.80351914616858     
   1.80351741003644     
   1.80351578857465     
   1.80351428873562     
   1.80351290387360     
   1.80351158229576     
   1.80351035281939     
   1.80350920446117     
   1.80350813071337     
   1.80350714170399     
   1.80350620843896     
   1.80350533987570     
   1.80350453378053     
   1.80350380752337     
   1.80350312205623     
   1.80350248465163     
   1.80349060823658     
