   9.11310995532895     
   9.11511435676570     
   9.11369771574824     
   9.11001411899205     
   9.10532148835376     
   9.10076076079390     
   9.09631388617573     
   9.09244460374351     
   9.08891615559783     
   9.08574470643574     
   9.08288623828559     
   9.08015052679326     
   9.07778408141268     
   9.07568346096170     
   9.07380040677064     
   9.07212365314003     
   9.07064618314489     
   9.06934875807516     
   9.06821787466008     
   9.06724548041035     
   9.06641276541087     
   9.06569233412577     
   9.06508144546377     
   9.06456392453378     
   9.06402603406626     
   9.06363022986825     
   9.06330341160750     
   9.06305351394447     
   9.06285833421521     
   9.06270314226485     
   9.06258464614050     
   9.06249432495010     
   9.06242640382941     
   9.06237643880700     
   9.06234055238004     
   9.06231524818476     
   9.06229801894283     
   9.06228662234413     
   9.06227919158772     
   9.06227360555181     
   9.06226199590819     
   9.06224799024363     
   9.06223190331891     
   9.06221641655871     
   9.06220035080899     
   9.06218412258663     
   9.06216834022971     
   9.06215218158012     
   9.06213508865472     
   9.06211742634423     
   9.06210060288193     
   9.06208267058599     
   9.06206365828921     
   9.06204372508228     
   9.06202301564200     
   9.06200167347804     
   9.06197983171528     
   9.06195762399117     
   9.06193473228738     
   9.06191006340073     
   9.06188589309830     
   9.06186243868902     
   9.06183951903946     
   9.06181709487275     
   9.06179520220322     
   9.06177378255968     
   9.06175299160310     
   9.06173282268199     
   9.06171333126079     
   9.06169454177753     
   9.06167647932226     
   9.06165910235328     
   9.06164248614679     
   9.06162660859817     
   9.06161145946536     
   9.06159704095272     
   9.06158331489040     
   9.06157045845076     
   9.06155836971309     
   9.06154702199365     
   9.06153636768603     
   9.06152640973817     
   9.06151706905434     
   9.06150836162810     
   9.06150022579449     
   9.06149269649820     
   9.06148570004630     
   9.06147916022223     
   9.06147314966539     
   9.06146756460354     
   9.06146241669432     
   9.06145767885123     
   9.06145330756641     
   9.06144929444957     
   9.06144560794806     
   9.06144221109986     
   9.06143909528945     
   9.06143622876450     
   9.06143333014057     
   5.87611930746775     
   5.29356947666698     
   5.25332990311431     
   5.22334465341514     
   5.20046440352003     
   5.18239071725322     
   5.16820702288476     
   5.15668432870402     
   5.14761144379232     
   5.14023860000602     
   5.13423768779228     
   5.12928185237682     
   5.12498744600547     
   5.12137572276333     
   5.11826913557491     
   5.11555367236727     
   5.11316860442923     
   5.11107068996756     
   5.10922249432474     
   5.10759322445906     
   5.10616240846811     
   5.10490596922131     
   5.10380268776525     
   5.10284125378768     
   5.10200202546838     
   5.10118608002678     
   5.10051065472608     
   5.09994117436567     
   5.09945318867989     
   5.09903446690386     
   5.09867363156502     
   5.09836646353308     
   5.09810397786147     
   5.09787948836405     
   5.09768756713771     
   5.09752331595249     
   5.09738253025143     
   5.09726172961682     
   5.09715781231857     
   5.09706800585258     
   5.09698953722014     
   5.09691480714724     
   5.09684822309575     
   5.09678894620690     
   5.09673663058392     
   5.09668938671402     
   5.09664679445907     
   5.09660905916724     
   5.09657508966619     
   5.09654413722377     
   5.09651610247757     
   5.09649175419091     
   5.09646907113292     
   5.09644765482935     
   5.09642730245624     
   5.09640784493677     
   5.09638914758352     
   5.09637110838495     
   5.09635364528837     
   5.09633635503504     
   5.09631814179066     
   5.09630068941179     
   5.09628417352926     
   5.09626834087806     
   5.09625307163653     
   5.09623833364669     
   5.09622401404317     
   5.09621018943849     
   5.09619681383471     
   5.09618387861146     
   5.09617137997437     
   5.09615931730378     
   5.09614764239152     
   5.09613639035237     
   5.09612554678128     
   5.09611510124506     
   5.09610505661339     
   5.09609536888728     
   5.09608618009205     
   5.09607748096908     
   5.09606925823099     
   5.09606149492528     
   5.09605420032156     
   5.09604734222706     
   5.09604093797217     
   5.09603496297053     
   5.09602945111027     
   5.09602436850805     
   5.09601966506019     
   5.09601541880059     
   5.09601156091241     
   5.09600812888967     
   5.09600512278289     
   5.09600253001930     
   5.09600036028648     
   5.09599862090513     
   5.09599731097220     
   5.09599644774779     
   5.09599606692812     
   5.09599604375123     
   52.5028293404889     
   7.34401064055371     
   7.29293713610298     
   7.25634975224116     
   7.22971922445484     
   7.20950825581247     
   7.19428333455941     
   7.18241469425978     
   7.17346106530011     
   7.16637859798577     
   7.16073924828483     
   7.15618413868885     
   7.15238101987712     
   7.14921583104367     
   7.14646481162288     
   7.14403415745701     
   7.14186605118001     
   7.13991590886505     
   7.13815301497561     
   7.13655448493691     
   7.13509939284837     
   7.13374755112248     
   7.13252539516148     
   7.13141394450434     
   7.13040772267723     
   7.12948256395055     
   7.12867164778039     
   7.12787104156947     
   7.12718003173224     
   7.12656236224911     
   7.12600164618992     
   7.12549059627020     
   7.12502397288447     
   7.12459754477398     
   7.12420779167519     
   7.12385171368730     
   7.12352594653041     
   7.12322782895950     
   7.12295461543245     
   7.12270375633713     
   7.12247228409385     
   7.12225337646004     
   7.12205067137258     
   7.12186388908209     
   7.12169241742568     
   7.12153466219398     
   7.12138855827576     
   7.12125459456590     
   7.12113137755245     
   7.12101795107398     
   7.12091377318962     
   7.12081939176935     
   7.12073229591347     
   7.12065167896905     
   7.12057695067324     
   7.12050763058979     
   7.12044325069033     
   7.12038340678248     
   7.12032777023258     
   7.12027596447341     
   7.12022777634687     
   7.12018338268522     
   7.12014205018933     
   7.12010356719383     
   7.12006771572656     
   7.12003428999430     
   7.12000305967829     
   7.11997392192053     
   7.11994673278353     
   7.11992133722978     
   7.11989762041224     
   7.11987548298389     
   7.11985473618894     
   7.11983533016604     
   7.11981715456024     
   7.11980013151225     
   7.11978425018305     
   7.11976956970429     
   7.11975573514458     
   7.11974283118060     
   7.11973082128993     
   7.11971962412325     
   7.11970920977353     
   7.11969946130659     
   7.11969037777567     
   7.11968186857929     
   7.11967392992151     
   7.11966650299623     
   7.11965950003350     
   7.11965295821480     
   7.11964683346298     
   7.11964112687182     
   7.11963586461174     
   7.11963103016861     
   7.11962666238262     
   7.11962281772832     
   7.11961953190041     
   7.11961683386445     
   7.11961456814765     
   7.11961226891085     
   199.864209557866     
   41.8258559667037     
   41.6440182043487     
   41.5183853739908     
   41.4288494433032     
   41.3565178270348     
   41.2943303295045     
   41.2414981816646     
   41.1966302590310     
   41.1599830564312     
   41.1295860015027     
   41.1039879330940     
   41.0817504397357     
   41.0620075218697     
   41.0442921563506     
   41.0283322626243     
   41.0139606125093     
   41.0009698683527     
   40.9892834003612     
   40.9787671430596     
   40.9692735043321     
   40.9606217221607     
   40.9530242765575     
   40.9463784091807     
   40.9404787231047     
   40.9351494012178     
   40.9303734407454     
   40.9260614591768     
   40.9221967306241     
   40.9187421910840     
   40.9156576191405     
   40.9129040872093     
   40.9104496292171     
   40.9082646384958     
   40.9063229396539     
   40.9045990543222     
   40.9030701047592     
   40.9017144016821     
   40.9005111435421     
   40.8994390689143     
   40.8984689196936     
   40.8975904744991     
   40.8968113288874     
   40.8961911008956     
   40.8956133851005     
   40.8950765213661     
   40.8945867749916     
   40.8941372424281     
   40.8937277599912     
   40.8933541231383     
   40.8930137459006     
   40.8927112097068     
   40.8924320738488     
   40.8921725918644     
   40.8919308635959     
   40.8917051482299     
   40.8914939625780     
   40.8912960168443     
   40.8911103254311     
   40.8909357556662     
   40.8907717903756     
   40.8906176488698     
   40.8904725345693     
   40.8903358064247     
   40.8902068531054     
   40.8900852573602     
   40.8899702049587     
   40.8898617721522     
   40.8897598173408     
   40.8896637132413     
   40.8895733577117     
   40.8894887385079     
   40.8894090191069     
   40.8893344072008     
   40.8892647234806     
   40.8891999187148     
   40.8891405321359     
   40.8890877553970     
   40.8890352594178     
   40.8889855433483     
   40.8889389363503     
   40.8888953955347     
   40.8888548895368     
   40.8888171143705     
   40.8887820558795     
   40.8887494347654     
   40.8887192431686     
   40.8886913521349     
   40.8886651248522     
   40.8886409448289     
   40.8886185069105     
   40.8885977463952     
   40.8885786665469     
   40.8885609812355     
   40.8885445369772     
   40.8885291704051     
   40.8885144503522     
   40.8884996760346     
   40.8884834131165     
   40.8884621220515     
   524.585677635960     
