  0.385372275288304     
  0.385231336219933     
  0.385107999779163     
  0.384977036658374     
  0.384856857805316     
  0.384747990091634     
  0.384653561284833     
  0.384567742900371     
  0.384489962533964     
  0.384417105398492     
  0.384350682020638     
  0.384289907216888     
  0.384234036887019     
  0.384182126492073     
  0.384133596623592     
  0.384088371584648     
  0.384047367190764     
  0.384008401739993     
  0.383972371361594     
  0.383939097039527     
  0.383909752068516     
  0.383880997279638     
  0.383854341207906     
  0.383829784742342     
  0.383806673634981     
  0.383785493914633     
  0.383765859777824     
  0.383747807981175     
  0.383731180833864     
  0.383715864345964     
  0.383701773890695     
  0.383688835990657     
  0.383676972266684     
  0.383666104528456     
  0.383656157242090     
  0.383647052960395     
  0.383638730080865     
  0.383631125535385     
  0.383624183232434     
  0.383617848860283     
  0.383614064457053     
  0.383608660739745     
  0.383603690214650     
  0.383599150294025     
  0.383594983687157     
  0.383591174842150     
  0.383587700076971     
  0.383584536639892     
  0.383581636439450     
  0.383578976225215     
  0.383576567780065     
  0.383574359456846     
  0.383572335586591     
  0.383570475230056     
  0.383568765128202     
  0.383567191720700     
  0.383565749417884     
  0.383564421832698     
  0.383563185685369     
  0.383562056288459     
  0.383561016092985     
  0.383560057224054     
  0.383559169082151     
  0.383558350353567     
  0.383557592008078     
  0.383556891853750     
  0.383556240826811     
  0.383555639931575     
  0.383555081585778     
  0.383554565939923     
  0.383554086221419     
  0.383553640034948     
  0.383553227666147     
  0.383552844078639     
  0.383552486100262     
  0.383552152997247     
  0.383551845299637     
  0.383551555758737     
  0.383551289232690     
  0.383551039108774     
  0.383550806814745     
  0.383550591407479     
  0.383550390574214     
  0.383550203381306     
  0.383550028288067     
  0.383549866373635     
  0.383549712983383     
  0.383549573887219     
  0.383549440610864     
  0.383549318646165     
  0.383549203658541     
  0.383549098070234     
  0.383548999055243     
  0.383548904549018     
  0.383548820042416     
  0.383548738911415     
  0.383548664269127     
  0.383548597193449     
  0.383548535858915     
  0.383547608833804     
