 -3.128344669883537E-003
 -3.090623707177325E-003
 -3.067602347643122E-003
 -3.063762306604168E-003
 -3.070832360358208E-003
 -3.077104310264819E-003
 -3.066114025643123E-003
 -3.041874372828152E-003
 -3.012043133577132E-003
 -2.997007017913117E-003
 -2.996498735989968E-003
 -3.006501215898394E-003
 -3.029459003990624E-003
 -3.052910963114218E-003
 -3.059881715450813E-003
 -3.051877570936321E-003
 -3.035088096783292E-003
 -3.030059581688762E-003
 -3.046258096424095E-003
 -3.069785626164266E-003
 -3.083515056853299E-003
 -3.091904753753543E-003
 -3.102900958436519E-003
 -3.113747893564359E-003
 -3.118638431697092E-003
 -3.119623115086434E-003
 -3.125074922805464E-003
 -3.134609463414161E-003
 -3.148814412668735E-003
 -3.163929463635186E-003
 -3.173547134854638E-003
 -3.164378904857944E-003
 -3.132687299331488E-003
 -3.142740446574592E-003
 -3.157910968625202E-003
 -3.209208622445565E-003
 -3.244685367746418E-003
 -3.257269279795831E-003
 -3.326820263431042E-003
 -3.553749519604239E-003
 -3.623947178657402E-003
 -3.710136599473924E-003
 -3.863814941083249E-003
 -3.950756394453589E-003
 -4.092505208491858E-003
 -4.151014670445275E-003
 -4.238136774329546E-003
 -4.365554796376552E-003
 -4.420361369236371E-003
 -4.491373988028497E-003
 -4.555504907614170E-003
 -4.622228664854622E-003
