 -4.119088059441976E-007
  2.155117749157497E-004
  4.015723106505212E-004
  5.665344048022627E-004
  7.327660013335338E-004
  9.149777116679571E-004
  1.129474650041922E-003
  1.357545953827002E-003
  1.577566666462717E-003
  1.760132222643667E-003
  1.905044673090024E-003
  2.014278896466870E-003
  2.086582305400702E-003
  2.135841566041526E-003
  2.185915452088434E-003
  2.242696340824066E-003
  2.299714660590476E-003
  2.330314865538673E-003
  2.328583118947563E-003
  2.313428604848346E-003
  2.312607194566356E-003
  2.314395564771324E-003
  2.305955060319230E-003
  2.292299517099962E-003
  2.283413521392504E-003
  2.274872791137498E-003
  2.258124007780534E-003
  2.233503101037707E-003
  2.197287135483067E-003
  2.154229402561708E-003
  2.101224591287981E-003
  2.043440563126690E-003
  1.985880502087454E-003
  1.929022046242773E-003
  1.871394295455605E-003
  1.783459119748701E-003
  1.719367156463525E-003
  1.664256395377208E-003
  1.598111355073113E-003
  1.485927027666608E-003
  1.403696669775510E-003
  1.355753242485558E-003
  1.289138360326656E-003
  1.184140604968600E-003
  1.093828932741701E-003
  9.811802395653180E-004
  8.654007357913327E-004
  7.547290367576195E-004
  6.482187169843425E-004
  5.379763579587146E-004
  4.165848945101814E-004
  2.909383786578812E-004
