  3.137748720563000E-003
  3.316385180754848E-003
  3.479849452644018E-003
  3.641453258641517E-003
  3.815314553086305E-003
  4.004403990712640E-003
  4.208492393238767E-003
  4.412843642643008E-003
  4.603475667314172E-003
  4.771439277557170E-003
  4.916275020966096E-003
  5.035920613813864E-003
  5.131587242568087E-003
  5.204641837279858E-003
  5.261897952873814E-003
  5.310781767520822E-003
  5.351043646249868E-003
  5.376666065757525E-003
  5.391264398194621E-003
  5.399790430059106E-003
  5.412812741006475E-003
  5.423067928031475E-003
  5.425691401806596E-003
  5.422933057047644E-003
  5.418951704133618E-003
  5.411377364133538E-003
  5.400074568200360E-003
  5.384992412628908E-003
  5.362988603962940E-003
  5.335038551860755E-003
  5.291564756313916E-003
  5.224351295014144E-003
  5.134653063858565E-003
  5.087751976736794E-003
  5.045237675475512E-003
  5.008741839693816E-003
  4.980211744385228E-003
  4.937608796621925E-003
  4.941370670580166E-003
  5.057650169129718E-003
  5.045930032337304E-003
  5.084754977500865E-003
  5.172940586537504E-003
  5.155264192395393E-003
  5.207646461501237E-003
  5.153587527442431E-003
  5.125259059016864E-003
  5.142734723372282E-003
  5.091084519558487E-003
  5.052040951302347E-003
  4.994843837739941E-003
  4.935982282306997E-003
