  0.798112756021944     
  0.798383265357869     
  0.798513484332033     
  0.798615492790523     
  0.798679915618924     
  0.798725902283786     
  0.798752710181416     
  0.798769864761755     
  0.798777576881981     
  0.798781203029928     
  0.798782754745427     
  0.798779333649526     
  0.798774657943460     
  0.798769849090309     
  0.798765450916319     
  0.798762070355744     
  0.798758208274486     
  0.798754843564349     
  0.798751707269176     
  0.798748757165065     
  0.798742830197764     
  0.798740225815586     
  0.798737655633587     
  0.798736732560267     
  0.798734648274189     
  0.798733235865567     
  0.798731394139431     
  0.798729640946443     
  0.798728000286068     
  0.798726461426685     
  0.798725028352004     
  0.798723687603454     
  0.798722430530437     
  0.798721252722637     
  0.798720136081608     
  0.798719088375679     
  0.798718099230090     
  0.798717164931763     
  0.798716288202693     
  0.798715450668115     
  0.798714131897341     
  0.798713370138276     
  0.798712628034470     
  0.798711913683669     
  0.798711267170301     
  0.798710658997274     
  0.798710074503305     
  0.798709497367566     
  0.798708953337984     
  0.798708432412894     
  0.798707952696605     
  0.798707493924656     
  0.798707056437061     
  0.798706643714040     
  0.798706255769057     
  0.798705891443189     
  0.798705546693588     
  0.798705223304836     
  0.798704925548735     
  0.798704643898972     
  0.798704380047210     
  0.798704134124847     
  0.798703906687949     
  0.798703694931173     
  0.798703498521121     
  0.798703315737132     
  0.798703147199016     
  0.798702991675406     
  0.798702848930575     
  0.798702714134477     
  0.798702593064402     
  0.798702480626193     
  0.798702375652093     
  0.798702278498578     
  0.798702189604121     
  0.798702107250351     
  0.798702116767718     
  0.798702050365459     
  0.798701986009700     
  0.798701928622046     
  0.798701874280840     
  0.798701826084473     
  0.798701779708779     
  0.798701738673969     
  0.798701702141362     
  0.798701665139399     
  0.798701634769202     
  0.798701604682540     
  0.798701577350422     
  0.798701551737742     
  0.798701527965247     
  0.798701506437117     
  0.798701488070780     
  0.798701469787977     
  0.798701452875443     
  0.798701440151729     
  0.798701427887630     
  0.798701419797810     
  0.798701420498616     
  0.798701068548331     
