  0.482484353708165     
  0.486437439384639     
  0.488892524572951     
  0.490432331687819     
  0.491518962221679     
  0.492315698498341     
  0.492927396871589     
  0.493368329156896     
  0.493687105122487     
  0.493914261860055     
  0.494080740349031     
  0.494205728711586     
  0.494309465816074     
  0.494399061673572     
  0.494478774433439     
  0.494551471447107     
  0.494618685468611     
  0.494681028701474     
  0.494739382263259     
  0.494794545397772     
  0.494844145148963     
  0.494891738726439     
  0.494934751904857     
  0.494975534847359     
  0.495011308248114     
  0.495046190116775     
  0.495078111799816     
  0.495108134005342     
  0.495136000235750     
  0.495161746453204     
  0.495185523793961     
  0.495207449885465     
  0.495227635878824     
  0.495246184239605     
  0.495263200531926     
  0.495278775614185     
  0.495293012895187     
  0.495306015950393     
  0.495317903523251     
  0.495328845859981     
  0.495338905602817     
  0.495347771300935     
  0.495355194285260     
  0.495362009626930     
  0.495368245284491     
  0.495373996175477     
  0.495379208520399     
  0.495383908266484     
  0.495388112429550     
  0.495391859405959     
  0.495395172502235     
  0.495398132642311     
  0.495400785717752     
  0.495403162121101     
  0.495405288777750     
  0.495407192476795     
  0.495408893502923     
  0.495410412583634     
  0.495411761252135     
  0.495412942567550     
  0.495413995421001     
  0.495414934915304     
  0.495415772346880     
  0.495416518808760     
  0.495417184669900     
  0.495417781073299     
  0.495418315092616     
  0.495418792258183     
  0.495419222505473     
  0.495419609315335     
  0.495419956879650     
  0.495420270433038     
  0.495420554332865     
  0.495420809340316     
  0.495421035303424     
  0.495421227574984     
  0.495421380706576     
  0.495421552667981     
  0.495421720471680     
  0.495421879320967     
  0.495422029125490     
  0.495422169744542     
  0.495422302339458     
  0.495422426838040     
  0.495422544292678     
  0.495422655321208     
  0.495422759656091     
  0.495422860166663     
  0.495422955094862     
  0.495423045643761     
  0.495423131185585     
  0.495423211121962     
  0.495423286886724     
  0.495423359724425     
  0.495423429704719     
  0.495423500295523     
  0.495423578894194     
  0.495423679944230     
  0.495423837812566     
  8.534490763184173E-007
