  0.175442029349137     
  0.174377315686950     
  0.173844832381859     
  0.173620387097162     
  0.173529813691347     
  0.173512018735124     
  0.173528394853020     
  0.173578788764697     
  0.173647560840215     
  0.173726802974175     
  0.173807802609154     
  0.173883319311391     
  0.173950475094151     
  0.174009109282996     
  0.174059339210579     
  0.174101788761202     
  0.174136917132064     
  0.174165992491657     
  0.174189749817038     
  0.174208769428403     
  0.174224677612371     
  0.174237618762529     
  0.174248906252671     
  0.174258234543945     
  0.174265289043305     
  0.174270472580613     
  0.174274978910154     
  0.174277761922878     
  0.174279475646783     
  0.174280428450412     
  0.174280835226704     
  0.174280844275615     
  0.174280565713772     
  0.174280086676411     
  0.174279469233471     
  0.174278760546776     
  0.174278000479151     
  0.174277217739892     
  0.174276426040285     
  0.174275611406868     
  0.174274743944612     
  0.174274011664563     
  0.174273562473038     
  0.174273117958559     
  0.174272678139093     
  0.174272218386971     
  0.174271784639471     
  0.174271378916405     
  0.174271006122113     
  0.174270659288133     
  0.174270334024616     
  0.174270024542355     
  0.174269729199834     
  0.174269449327812     
  0.174269186625262     
  0.174268941105696     
  0.174268713965465     
  0.174268503960287     
  0.174268310065133     
  0.174268128198131     
  0.174267957737495     
  0.174267804952490     
  0.174267666284423     
  0.174267541227892     
  0.174267428408038     
  0.174267328052104     
  0.174267241138011     
  0.174267168036872     
  0.174267107664859     
  0.174267061056366     
  0.174267029494016     
  0.174267014554228     
  0.174267018173597     
  0.174267044594036     
  0.174267100270808     
  0.174267195556461     
  0.174267341378856     
  0.174267439058476     
  0.174267511737903     
  0.174267567160098     
  0.174267606546017     
  0.174267632030932     
  0.174267642339257     
  0.174267638321638     
  0.174267619608814     
  0.174267585009776     
  0.174267533450598     
  0.174267462304904     
  0.174267369740909     
  0.174267251594773     
  0.174267103520106     
  0.174266919231939     
  0.174266690084248     
  0.174266404906033     
  0.174266048664470     
  0.174265599333471     
  0.174265025069401     
  0.174264282496905     
  0.174263304112708     
  6.461801332339934E-009
