  0.342073616942699     
  0.339185244928411     
  0.337262643045189     
  0.335947281215019     
  0.334951224086974     
  0.334172282766536     
  0.333544208275391     
  0.333052882078408     
  0.332665334037297     
  0.332358935165770     
  0.332111457041814     
  0.331910951977022     
  0.331740059089775     
  0.331591829043432     
  0.331461886355983     
  0.331346739791691     
  0.331244397399324     
  0.331152978806868     
  0.331070867919703     
  0.330996685173825     
  0.330931177238666     
  0.330870642511032     
  0.330816341842472     
  0.330766230608695     
  0.330723402708581     
  0.330683337302613     
  0.330646909290029     
  0.330614104071780     
  0.330584524117467     
  0.330557825096383     
  0.330533640979335     
  0.330511705838921     
  0.330491798407405     
  0.330473729083984     
  0.330457330234603     
  0.330442463839039     
  0.330428986625662     
  0.330416766309716     
  0.330405670436463     
  0.330395542733151     
  0.330386350452570     
  0.330378217034503     
  0.330371243241702     
  0.330364872414511     
  0.330359076576416     
  0.330353785437552     
  0.330349006840130     
  0.330344712817110     
  0.330340881448337     
  0.330337481305908     
  0.330334493473149     
  0.330331842815333     
  0.330329485082414     
  0.330327388551087     
  0.330325524596988     
  0.330323866417510     
  0.330322392531613     
  0.330321083456081     
  0.330319928682733     
  0.330318929234319     
  0.330318046841505     
  0.330317260132206     
  0.330316561368697     
  0.330315939963349     
  0.330315386922062     
  0.330314890874598     
  0.330314443769373     
  0.330314039704945     
  0.330313669829668     
  0.330313329628298     
  0.330313013626334     
  0.330312715012734     
  0.330312427493537     
  0.330312146065648     
  0.330311864425768     
  0.330311576868555     
  0.330311277914568     
  0.330311008273544     
  0.330310767790417     
  0.330310553518934     
  0.330310364328494     
  0.330310198224526     
  0.330310055321286     
  0.330309934840322     
  0.330309836098509     
  0.330309759669016     
  0.330309706893310     
  0.330309677528433     
  0.330309675164229     
  0.330309702761465     
  0.330309765294310     
  0.330309869646098     
  0.330310023029028     
  0.330310235369542     
  0.330310521630811     
  0.330310900371006     
  0.330311396036406     
  0.330312037558864     
  0.330312858074725     
  0.239410713893323     
