   8.16275259011241     
   8.14681429614503     
   8.13577204138584     
   8.12573096379152     
   8.11685891862642     
   8.10943508998886     
   8.10322682956997     
   8.09830746187441     
   8.09406400626322     
   8.09028513236824     
   8.08694505639390     
   8.08399294047760     
   8.08128449619544     
   8.07878158992800     
   8.07645367391621     
   8.07428794574021     
   8.07227837582041     
   8.07040840258017     
   8.06867176213356     
   8.06705854918793     
   8.06554893786525     
   8.06413142073338     
   8.06281067285619     
   8.06158229468586     
   8.06045725429988     
   8.05940018030201     
   8.05842854746844     
   8.05752422365124     
   8.05668573095201     
   8.05591064742888     
   8.05519486872032     
   8.05453525630941     
   8.05392803890354     
   8.05337002799654     
   8.05285784239210     
   8.05238772437073     
   8.05195680543038     
   8.05156218901121     
   8.05120168444934     
   8.05087224906371     
   8.05056836920354     
   8.05027974818801     
   8.05001480677884     
   8.04977357340037     
   8.04955296289006     
   8.04935123855600     
   8.04916848676031     
   8.04900252666199     
   8.04885064024823     
   8.04871168302397     
   8.04858864100469     
   8.04847643980951     
   8.04837386212470     
   8.04828002549120     
   8.04819410134653     
   8.04811542045382     
   8.04804337143837     
   8.04797726748882     
   8.04791637267748     
   8.04786078390380     
   8.04780983344128     
   8.04776298083151     
   8.04771978087437     
   8.04768003171961     
   8.04764340036767     
   8.04760951274549     
   8.04757824750743     
   8.04754943470511     
   8.04752276576990     
   8.04749811693597     
   8.04747540561045     
   8.04745423317926     
   8.04743466765576     
   8.04741655331660     
   8.04739967622657     
   8.04738404054279     
   8.04736954970075     
   8.04735608271888     
   8.04734359997167     
   8.04733195585431     
   8.04732113424156     
   8.04731111357954     
   8.04730175287316     
   8.04729301604639     
   8.04728483830652     
   8.04727729633314     
   8.04727026624528     
   8.04726366444882     
   8.04725749261428     
   8.04725172825859     
   8.04724634073243     
   8.04724133323139     
   8.04723664295770     
   8.04723226701511     
   8.04722819546772     
   8.04722437025610     
   8.04722085399437     
   8.04721754320480     
   8.04721462992111     
   8.04711464119055     
