  0.504029018075436     
  0.503835061350121     
  0.503683241768893     
  0.503544329797893     
  0.503460444682130     
  0.503395482057911     
  0.503343656420378     
  0.503303245434488     
  0.503270239855526     
  0.503241503399746     
  0.503179791771918     
  0.503161398919772     
  0.503145519428039     
  0.503131583172519     
  0.503119174721529     
  0.503097640576051     
  0.503087491739054     
  0.503078242852171     
  0.503069752028341     
  0.503061909058206     
  0.503081402541042     
  0.503074599020795     
  0.503068251048111     
  0.503040529285336     
  0.503035128500818     
  0.503019185882242     
  0.503014499553168     
  0.503010126761777     
  0.503006065043100     
  0.503002300406773     
  0.502998819419151     
  0.502995604743749     
  0.502992639337939     
  0.502989908592412     
  0.502987393368226     
  0.502985080155120     
  0.502982953465875     
  0.502980999885955     
  0.502979209691635     
  0.502977564870728     
  0.502975968829278     
  0.502974534340904     
  0.502973196105791     
  0.502971985863975     
  0.502970880409991     
  0.502969870716738     
  0.502968952795399     
  0.502968116976019     
  0.502967354026252     
  0.502966658761880     
  0.502966052071517     
  0.502965501951840     
  0.502965000030327     
  0.502964543712043     
  0.502964128897003     
  0.502963750381941     
  0.502963406673503     
  0.502963093331973     
  0.502962807007055     
  0.502962547022269     
  0.502962309534895     
  0.502962094310871     
  0.502961897366153     
  0.502961716242730     
  0.502961553259969     
  0.502961402836512     
  0.502961265429901     
  0.502961139859479     
  0.502961024790879     
  0.502960920479465     
  0.502960824360465     
  0.502960736225498     
  0.502960654214204     
  0.502960579523130     
  0.502960510486426     
  0.502960446842414     
  0.502958549700262     
  0.502958494824129     
  0.502958443506635     
  0.502958397048160     
  0.502958353629738     
  0.502958312893440     
  0.502958274737743     
  0.502958240627601     
  0.502958207636829     
  0.502958177739216     
  0.502958149471330     
  0.502958122539590     
  0.502958097509930     
  0.502958073797931     
  0.502958052180162     
  0.502958031718539     
  0.502958011413580     
  0.502957994201310     
  0.502957977229273     
  0.502957962112331     
  0.502957946746191     
  0.502957932450969     
  0.502957920884535     
  0.502956540182064     
