  0.577967381942686     
  0.578676024415987     
  0.579114440676294     
  0.579371632132425     
  0.579557369085865     
  0.579684470834482     
  0.579780470798377     
  0.579838865132711     
  0.579877502582679     
  0.579901147629572     
  0.579913769495919     
  0.579923969077376     
  0.579929817620060     
  0.579934008873592     
  0.579937149825518     
  0.579939042598932     
  0.579941216985831     
  0.579942980281465     
  0.579944446066544     
  0.579945746795914     
  0.579948398218969     
  0.579949078844981     
  0.579949262278304     
  0.579948113966236     
  0.579948312750053     
  0.579947117319399     
  0.579947461617162     
  0.579947038925627     
  0.579946454861486     
  0.579945886446777     
  0.579945335046646     
  0.579944809291827     
  0.579944309263263     
  0.579943844801233     
  0.579943405297098     
  0.579943004030639     
  0.579942642981208     
  0.579942329728260     
  0.579942082533675     
  0.579941900662832     
  0.579941826434372     
  0.579941657821323     
  0.579941443301560     
  0.579941293895360     
  0.579941185816960     
  0.579941153988795     
  0.579941136535364     
  0.579941146995890     
  0.579941161848015     
  0.579941180443063     
  0.579941287479580     
  0.579941409419966     
  0.579941539087890     
  0.579941677173408     
  0.579941823352880     
  0.579941971461289     
  0.579942122660711     
  0.579942274771220     
  0.579942428093501     
  0.579942580446452     
  0.579942720174817     
  0.579942861787378     
  0.579942994741483     
  0.579943123535050     
  0.579943251595237     
  0.579943373524743     
  0.579943489626182     
  0.579943601501741     
  0.579943708537663     
  0.579943808129193     
  0.579943905569933     
  0.579943995316807     
  0.579944078986950     
  0.579944159997958     
  0.579944232820797     
  0.579944296843292     
  0.579944228697676     
  0.579944244676036     
  0.579944284546504     
  0.579944323622851     
  0.579944363702642     
  0.579944400407142     
  0.579944436356456     
  0.579944468443248     
  0.579944497982661     
  0.579944528328624     
  0.579944556261939     
  0.579944581896136     
  0.579944606826940     
  0.579944629147567     
  0.579944648690533     
  0.579944665525676     
  0.579944683698088     
  0.579944695981630     
  0.579944707534714     
  0.579944718421703     
  0.579944729415184     
  0.579944752465194     
  0.579944810409730     
  0.579945442262733     
