  0.524910640971753     
  0.524720924704902     
  0.524583148830429     
  0.524465341394018     
  0.524398977210127     
  0.524349949293845     
  0.524313794031595     
  0.524285894778010     
  0.524264629558033     
  0.524247037857848     
  0.524205343414207     
  0.524195652957263     
  0.524186962410496     
  0.524179213059523     
  0.524172060297331     
  0.524157646410805     
  0.524151186017255     
  0.524144961510860     
  0.524138922047263     
  0.524133040296882     
  0.524147095469942     
  0.524141559241670     
  0.524136232487607     
  0.524115038062180     
  0.524110310764881     
  0.524097480276232     
  0.524093252711438     
  0.524088989035581     
  0.524084904057350     
  0.524081058205030     
  0.524077454031337     
  0.524074089111361     
  0.524070956167150     
  0.524068050877196     
  0.524065358004109     
  0.524062871910435     
  0.524060581467942     
  0.524058477525428     
  0.524056555042579     
  0.524054794209747     
  0.524053128319747     
  0.524051608960321     
  0.524050219545215     
  0.524048970088735     
  0.524047835103678     
  0.524046811989738     
  0.524045885436361     
  0.524045050509160     
  0.524044293238665     
  0.524043607481326     
  0.524043030435289     
  0.524042514930571     
  0.524042050896597     
  0.524041635345630     
  0.524041264109897     
  0.524040930608212     
  0.524040633212324     
  0.524040367123429     
  0.524040129269071     
  0.524039917949415     
  0.524039725964584     
  0.524039556784327     
  0.524039403931379     
  0.524039266317295     
  0.524039146007018     
  0.524039037043842     
  0.524038939625935     
  0.524038853093521     
  0.524038775856093     
  0.524038707303715     
  0.524038646958732     
  0.524038593050009     
  0.524038544703925     
  0.524038503975226     
  0.524038468650865     
  0.524038439303440     
  0.524037048589401     
  0.524037013653434     
  0.524036985920449     
  0.524036960450031     
  0.524036936494077     
  0.524036912779160     
  0.524036889753115     
  0.524036867695527     
  0.524036844757487     
  0.524036823132474     
  0.524036800796188     
  0.524036777219318     
  0.524036753144399     
  0.524036727218907     
  0.524036699597319     
  0.524036669099727     
  0.524036635296181     
  0.524036597386217     
  0.524036553423669     
  0.524036502668809     
  0.524036441007269     
  0.524036368701396     
  0.524036286930816     
  0.524034827376372     
