  0.580194800410100     
  0.579809370878495     
  0.579534958280842     
  0.579334217301781     
  0.579209262577859     
  0.579116270245217     
  0.579046938653667     
  0.578986941675048     
  0.578939605696850     
  0.578900687845257     
  0.578851546686768     
  0.578825889891638     
  0.578803822497798     
  0.578784561920427     
  0.578767461821121     
  0.578747299691418     
  0.578733302251947     
  0.578720564271932     
  0.578708878281471     
  0.578698091700795     
  0.578700362798259     
  0.578691198753574     
  0.578682817194120     
  0.578665055391914     
  0.578657965796797     
  0.578646368306048     
  0.578640408562590     
  0.578634827688803     
  0.578629697020406     
  0.578625000159105     
  0.578620713148762     
  0.578616805501082     
  0.578613246960051     
  0.578610027828124     
  0.578607101516035     
  0.578604451316210     
  0.578602053441542     
  0.578599882004959     
  0.578597942426040     
  0.578596177697919     
  0.578594306530206     
  0.578592808242153     
  0.578591529644254     
  0.578590365433692     
  0.578589319491429     
  0.578588417249559     
  0.578587591627942     
  0.578586840044023     
  0.578586152723411     
  0.578585524847128     
  0.578585140172909     
  0.578584802740243     
  0.578584494875546     
  0.578584218611006     
  0.578583971189557     
  0.578583748007412     
  0.578583538923503     
  0.578583348122429     
  0.578583177397150     
  0.578583002868694     
  0.578582843732588     
  0.578582697144073     
  0.578582562900525     
  0.578582434046963     
  0.578582318305421     
  0.578582201712785     
  0.578582094598844     
  0.578581989954503     
  0.578581895592366     
  0.578581800857955     
  0.578581717845615     
  0.578581633188452     
  0.578581551525447     
  0.578581476519121     
  0.578581404262089     
  0.578581338771125     
  0.578580423524593     
  0.578580356935916     
  0.578580297592576     
  0.578580243992842     
  0.578580193225253     
  0.578580147928859     
  0.578580102668833     
  0.578580063002324     
  0.578580026098769     
  0.578579991659499     
  0.578579964777477     
  0.578579929847222     
  0.578579904783703     
  0.578579879371872     
  0.578579856673553     
  0.578579836222921     
  0.578579817751583     
  0.578579803727944     
  0.578579787129115     
  0.578579776199381     
  0.578579760753678     
  0.578579746632502     
  0.578579737906649     
  0.578579657785624     
