  0.486428296554440     
  0.483539962059389     
  0.481585192378357     
  0.480201026966266     
  0.479150930215039     
  0.478317049015648     
  0.477638587624795     
  0.477099780970069     
  0.476669273159955     
  0.476322752931446     
  0.476016301591640     
  0.475785629554338     
  0.475586509956766     
  0.475412184896964     
  0.475258073902745     
  0.475114195726993     
  0.474991120035614     
  0.474880389137017     
  0.474780258858803     
  0.474689239617396     
  0.474623974202696     
  0.474548321105997     
  0.474479643620620     
  0.474402687753940     
  0.474347867789084     
  0.474289428439143     
  0.474242160204316     
  0.474199098348993     
  0.474159932416073     
  0.474124313783906     
  0.474091799872440     
  0.474062083345011     
  0.474034908421636     
  0.474010063014244     
  0.473987349006652     
  0.473966613079951     
  0.473947688903926     
  0.473930424311259     
  0.473914674635285     
  0.473900251682857     
  0.473887081208973     
  0.473875246926354     
  0.473864873399950     
  0.473855393806564     
  0.473846753967993     
  0.473838880464190     
  0.473831753106382     
  0.473825333298507     
  0.473819572118905     
  0.473814426291061     
  0.473809930820631     
  0.473805931189668     
  0.473802362969393     
  0.473799183695436     
  0.473796352954733     
  0.473793830059996     
  0.473791585681873     
  0.473789590114295     
  0.473787826072150     
  0.473786294822452     
  0.473784938768096     
  0.473783733189955     
  0.473782660909551     
  0.473781707914245     
  0.473780864472315     
  0.473780109080732     
  0.473779431151390     
  0.473778822095088     
  0.473778269041967     
  0.473777764412827     
  0.473777301527276     
  0.473776867750953     
  0.473776454752859     
  0.473776057137429     
  0.473775662213314     
  0.473775261033202     
  0.473773722056566     
  0.473773336764112     
  0.473773004457087     
  0.473772710883070     
  0.473772453748531     
  0.473772228043128     
  0.473772034014292     
  0.473771869867245     
  0.473771733102436     
  0.473771626851558     
  0.473771550207615     
  0.473771502159914     
  0.473771488267361     
  0.473771510874266     
  0.473771576388372     
  0.473771693003798     
  0.473771870712555     
  0.473772121381018     
  0.473772464511138     
  0.473772925894154     
  0.473773537853510     
  0.473774346139743     
  0.473775411049176     
  2.640698805447183E-003
