  0.351443643019702     
  0.355421900984270     
  0.357874617169246     
  0.359424917040112     
  0.360514242821271     
  0.361317329954449     
  0.361940262351332     
  0.362386834765810     
  0.362711363307462     
  0.362945717963984     
  0.363148287046881     
  0.363279133047589     
  0.363389581316736     
  0.363486822004903     
  0.363574826830049     
  0.363664108950850     
  0.363740177468735     
  0.363811365409165     
  0.363878459567936     
  0.363942227719103     
  0.363980332231077     
  0.364036296959327     
  0.364087407113403     
  0.364152670985972     
  0.364195628399672     
  0.364245753075425     
  0.364284556806818     
  0.364320924612704     
  0.364354758239524     
  0.364386144580633     
  0.364415249697231     
  0.364442198292476     
  0.364467109605878     
  0.364490093943238     
  0.364511265767625     
  0.364530729612847     
  0.364548599195565     
  0.364564989982959     
  0.364580029795176     
  0.364593906509034     
  0.364606767430191     
  0.364618213334814     
  0.364627998384154     
  0.364636993537390     
  0.364645239698988     
  0.364652853152563     
  0.364659757506690     
  0.364665998855811     
  0.364671606465801     
  0.364676627318169     
  0.364681071450515     
  0.364685055839760     
  0.364688637780645     
  0.364691854757778     
  0.364694742006645     
  0.364697333044490     
  0.364699654082350     
  0.364701733010814     
  0.364703587659706     
  0.364705218887384     
  0.364706673196862     
  0.364707975427266     
  0.364709138846206     
  0.364710179766329     
  0.364711109881841     
  0.364711946264769     
  0.364712696745203     
  0.364713369885710     
  0.364713978177160     
  0.364714525680491     
  0.364715020688601     
  0.364715470011039     
  0.364715880159538     
  0.364716253498916     
  0.364716591895566     
  0.364716891909713     
  0.364718551905519     
  0.364718804635471     
  0.364719050991724     
  0.364719279402303     
  0.364719491992761     
  0.364719687737556     
  0.364719869429141     
  0.364720034874112     
  0.364720188059967     
  0.364720328325689     
  0.364720455725093     
  0.364720573935503     
  0.364720679803519     
  0.364720774142280     
  0.364720854688164     
  0.364720920231399     
  0.364720972788413     
  0.364721006796427     
  0.364721023379062     
  0.364721020712355     
  0.364721002313713     
  0.364720978360400     
  0.364720978001342     
  1.201988418555655E-008
