  0.162128060425858     
  0.161038136956341     
  0.160540190452397     
  0.160374055993621     
  0.160334826963690     
  0.160365621029902     
  0.160421150023873     
  0.160513384264121     
  0.160619363532583     
  0.160731529104570     
  0.160835411361478     
  0.160935237398073     
  0.161023908726498     
  0.161100993098133     
  0.161167099267205     
  0.161221695322157     
  0.161268702495651     
  0.161308245453818     
  0.161341281573261     
  0.161368532663501     
  0.161395693566228     
  0.161415381934676     
  0.161432949265976     
  0.161444641260088     
  0.161456503811243     
  0.161464818485432     
  0.161473282988865     
  0.161479977038304     
  0.161485309344403     
  0.161489541635461     
  0.161492950430329     
  0.161495718362514     
  0.161497981972486     
  0.161499843042518     
  0.161501385225724     
  0.161502657307201     
  0.161503711900509     
  0.161504585705781     
  0.161505295569539     
  0.161505841808109     
  0.161506151360836     
  0.161506539738832     
  0.161507128215896     
  0.161507612656046     
  0.161508006333018     
  0.161508266383247     
  0.161508489386928     
  0.161508667845682     
  0.161508821415294     
  0.161508946390770     
  0.161508997728854     
  0.161509012970572     
  0.161508999249962     
  0.161508961546787     
  0.161508905038622     
  0.161508836895514     
  0.161508760235777     
  0.161508676874891     
  0.161508586268144     
  0.161508486290165     
  0.161508388035042     
  0.161508291382779     
  0.161508200244243     
  0.161508112319426     
  0.161508025645844     
  0.161507944654499     
  0.161507872103406     
  0.161507808019203     
  0.161507752780874     
  0.161507709906682     
  0.161507677784123     
  0.161507662238008     
  0.161507665087603     
  0.161507689363655     
  0.161507745891119     
  0.161507847057085     
  0.161507726037915     
  0.161507858600417     
  0.161507944551189     
  0.161508009714628     
  0.161508054258708     
  0.161508084219316     
  0.161508096556567     
  0.161508095258643     
  0.161508078837597     
  0.161508044822753     
  0.161507994067292     
  0.161507923904583     
  0.161507831929120     
  0.161507714983454     
  0.161507568923464     
  0.161507386764804     
  0.161507156499032     
  0.161506871822554     
  0.161506512109800     
  0.161506053393491     
  0.161505459832777     
  0.161504675499857     
  0.161503610949482     
  1.232407963714793E-003
