  2.083262863969878E-002
  2.093841724465036E-002
  2.101189082118749E-002
  2.107885055650441E-002
  2.113813466956336E-002
  2.118782455953968E-002
  2.122944148116431E-002
  2.126245863616977E-002
  2.129096974059059E-002
  2.131638429960626E-002
  2.133886452274277E-002
  2.135875489297850E-002
  2.137701524266178E-002
  2.139390074678596E-002
  2.140961513389723E-002
  2.142424340184251E-002
  2.143782401633776E-002
  2.145046747950459E-002
  2.146221511370345E-002
  2.147313270100690E-002
  2.148335350663576E-002
  2.149295370111722E-002
  2.150190145363943E-002
  2.151022579395347E-002
  2.151785297120216E-002
  2.152502085517678E-002
  2.153161162639203E-002
  2.153774730108985E-002
  2.154343708252859E-002
  2.154869773655373E-002
  2.155355660411087E-002
  2.155803491109293E-002
  2.156215809164128E-002
  2.156594690855021E-002
  2.156942512284815E-002
  2.157261805942889E-002
  2.157554512812492E-002
  2.157822622673704E-002
  2.158067493919616E-002
  2.158291358793044E-002
  2.158498539424599E-002
  2.158694601060647E-002
  2.158874419701953E-002
  2.159038249511554E-002
  2.159188077747260E-002
  2.159324995406897E-002
  2.159449080283412E-002
  2.159561840062650E-002
  2.159665117626125E-002
  2.159759686637350E-002
  2.159842599024349E-002
  2.159918215082395E-002
  2.159987402098307E-002
  2.160050729377817E-002
  2.160108740704768E-002
  2.160161887449549E-002
  2.160210618969490E-002
  2.160255355633963E-002
  2.160296586545066E-002
  2.160334338513730E-002
  2.160368945793123E-002
  2.160400803596004E-002
  2.160430183339011E-002
  2.160457257050072E-002
  2.160482208787190E-002
  2.160505348423517E-002
  2.160526703407751E-002
  2.160546424002401E-002
  2.160564666293958E-002
  2.160581568712383E-002
  2.160597128307470E-002
  2.160611671765565E-002
  2.160625126584710E-002
  2.160637583031117E-002
  2.160649204011280E-002
  2.160659963097969E-002
  2.160669930767615E-002
  2.160679210007574E-002
  2.160687810468132E-002
  2.160695829585272E-002
  2.160703282959188E-002
  2.160710174101196E-002
  2.160716625154751E-002
  2.160722635000582E-002
  2.160728253674816E-002
  2.160733438095754E-002
  2.160738245212910E-002
  2.160742812645828E-002
  2.160747035765226E-002
  2.160750989367110E-002
  2.160754678309975E-002
  2.160758100236556E-002
  2.160761304309781E-002
  2.160764272233377E-002
  2.160767048810693E-002
  2.160769632343564E-002
  2.160772030347966E-002
  2.160774280997929E-002
  2.160776234407574E-002
  2.160842825920427E-002
