  0.361219682502905     
  0.363466047036429     
  0.364714092000623     
  0.365368395136801     
  0.365833718162667     
  0.366139476390595     
  0.366371817299707     
  0.366488696060001     
  0.366552455191959     
  0.366577429742516     
  0.366574680469801     
  0.366571315156145     
  0.366562215628684     
  0.366553738011225     
  0.366546722303167     
  0.366539430697420     
  0.366536242858607     
  0.366534090246037     
  0.366532892242091     
  0.366532798190366     
  0.366538503170278     
  0.366538551873142     
  0.366537513680587     
  0.366532655894768     
  0.366532698651723     
  0.366529331767633     
  0.366530580311434     
  0.366530271242748     
  0.366529797874312     
  0.366529540038812     
  0.366529393337964     
  0.366529315088416     
  0.366529270264106     
  0.366529264860768     
  0.366529257123794     
  0.366529289949399     
  0.366529361394280     
  0.366529491297208     
  0.366529731114787     
  0.366530091550578     
  0.366530728548400     
  0.366531010294901     
  0.366530938760875     
  0.366531019227152     
  0.366531185608723     
  0.366531570031850     
  0.366531921477254     
  0.366532301891827     
  0.366532649277392     
  0.366532968123794     
  0.366533491450641     
  0.366534030233506     
  0.366534566558856     
  0.366535104042957     
  0.366535643633969     
  0.366536167213332     
  0.366536680393495     
  0.366537179667170     
  0.366537669233188     
  0.366538139251953     
  0.366538560953234     
  0.366538979422230     
  0.366539363736883     
  0.366539729081559     
  0.366540088079401     
  0.366540425268318     
  0.366540739986004     
  0.366541038170277     
  0.366541319280003     
  0.366541575544266     
  0.366541822907708     
  0.366542046404937     
  0.366542249364606     
  0.366542441761146     
  0.366542605192999     
  0.366542732717633     
  0.366542414026972     
  0.366542386902430     
  0.366542446537528     
  0.366542511162279     
  0.366542585058142     
  0.366542652067940     
  0.366542721492095     
  0.366542781824448     
  0.366542836629543     
  0.366542895380795     
  0.366542947509137     
  0.366542994746354     
  0.366543040166836     
  0.366543078345375     
  0.366543108501127     
  0.366543131189101     
  0.366543161000658     
  0.366543175502055     
  0.366543194789200     
  0.366543223820470     
  0.366543273865203     
  0.366543397077204     
  0.366543689081037     
  6.174792002185794E-005
