  0.151129814057530     
  0.151115514692007     
  0.151146383238824     
  0.151193964752230     
  0.151239572010748     
  0.151269175632916     
  0.151289843948963     
  0.151303770794045     
  0.151319231931247     
  0.151330275607741     
  0.151337884561197     
  0.151342852343111     
  0.151348326253029     
  0.151349769520083     
  0.151349036532075     
  0.151346975425331     
  0.151343780177684     
  0.151339512758431     
  0.151334380700162     
  0.151328511882198     
  0.151321992450703     
  0.151314783269799     
  0.151307222347125     
  0.151299313522386     
  0.151291268893680     
  0.151285161514644     
  0.151277705474752     
  0.151270445469745     
  0.151262941691857     
  0.151255517025997     
  0.151248351261971     
  0.151241420269464     
  0.151234799778286     
  0.151228518811757     
  0.151222592928948     
  0.151217029077405     
  0.151211829720586     
  0.151206989520669     
  0.151202500478349     
  0.151198357727946     
  0.151194571338890     
  0.151191182231156     
  0.151188075251635     
  0.151185245158026     
  0.151182667809417     
  0.151180333249006     
  0.151178189140686     
  0.151176250306757     
  0.151174499990816     
  0.151172923685881     
  0.151171489722640     
  0.151170201126036     
  0.151169050755327     
  0.151168026258328     
  0.151167116060521     
  0.151166310046892     
  0.151165598518351     
  0.151164972607246     
  0.151164423610181     
  0.151163950564468     
  0.151163569342983     
  0.151163236596133     
  0.151162942795052     
  0.151162687054114     
  0.151162467088868     
  0.151162279358044     
  0.151162120673726     
  0.151161986704905     
  0.151161875118638     
  0.151161782497137     
  0.151161705906961     
  0.151161644377084     
  0.151161594834428     
  0.151161555265894     
  0.151161524823205     
  0.151161501144481     
  0.151161484231044     
  0.151161471206164     
  0.151161460454128     
  0.151161452492063     
  0.151161445809197     
  0.151161440567721     
  0.151161436183954     
  0.151161432373832     
  0.151161428369267     
  0.151161424367568     
  0.151161419782439     
  0.151161415129669     
  0.151161410087766     
  0.151161403986737     
  0.151161397570373     
  0.151161390291648     
  0.151161382405673     
  0.151161373983602     
  0.151161364972981     
  0.151161355417932     
  0.151161345888435     
  0.151161336508265     
  0.151161328904122     
  1.150526506113378E-002
  0.671192260851557     
  0.669169076444351     
  0.667772389052009     
  0.666725916615389     
  0.665922511338170     
  0.665276225690362     
  0.664733348246095     
  0.664280208294782     
  0.663893121480255     
  0.663565422347221     
  0.663284987103468     
  0.663045335862087     
  0.662844657998180     
  0.662669258926166     
  0.662514759759806     
  0.662378900780188     
  0.662259111939126     
  0.662152937572518     
  0.662058609424617     
  0.661974522620021     
  0.661898994527741     
  0.661830429268380     
  0.661768840143388     
  0.661713124976754     
  0.661662683924746     
  0.661620885589766     
  0.661581950682309     
  0.661544369708271     
  0.661511092362386     
  0.661481217823995     
  0.661454307892840     
  0.661429869599945     
  0.661407740743113     
  0.661387724151030     
  0.661369630374394     
  0.661353300817702     
  0.661338572692789     
  0.661325298479607     
  0.661313334367500     
  0.661302537265520     
  0.661292777041195     
  0.661284222784665     
  0.661276561510259     
  0.661269877484434     
  0.661263835464886     
  0.661258401568302     
  0.661253519367349     
  0.661249133366635     
  0.661245227523557     
  0.661241770506466     
  0.661238726200100     
  0.661236053990237     
  0.661233713726644     
  0.661231665612155     
  0.661229873091724     
  0.661228307013731     
  0.661226940924265     
  0.661225750841367     
  0.661224717280118     
  0.661223833834699     
  0.661223136499379     
  0.661222543777085     
  0.661222019528146     
  0.661221562259765     
  0.661221166716610     
  0.661220823411235     
  0.661220526355519     
  0.661220266329111     
  0.661220037994430     
  0.661219833696827     
  0.661219647566066     
  0.661219474115715     
  0.661219304979740     
  0.661219134474621     
  0.661218956037661     
  0.661218761852495     
  0.661218546915624     
  0.661218343513885     
  0.661218161261113     
  0.661218003079445     
  0.661217868356421     
  0.661217755980282     
  0.661217666101771     
  0.661217598101878     
  0.661217552339691     
  0.661217529485383     
  0.661217530694760     
  0.661217558567907     
  0.661217615981632     
  0.661217705625019     
  0.661217835618880     
  0.661218012057961     
  0.661218245189699     
  0.661218546780914     
  0.661218932792567     
  0.661219423702116     
  0.661220045705363     
  0.661220828261903     
  0.661221802665660     
  3.804350816395158E-004
  0.240305902267813     
  0.239766864084589     
  0.239540685065954     
  0.239503353999199     
  0.239577426633940     
  0.239702403395218     
  0.239852002533812     
  0.240005657831491     
  0.240162179665849     
  0.240315841386365     
  0.240463499452355     
  0.240599984709454     
  0.240719809473451     
  0.240827028518640     
  0.240922825910656     
  0.241007290287539     
  0.241081215366712     
  0.241145984814337     
  0.241202669621448     
  0.241252239044841     
  0.241295668316536     
  0.241335029613328     
  0.241370019136930     
  0.241401925091169     
  0.241430349136286     
  0.241453077276492     
  0.241473582321915     
  0.241494135576840     
  0.241511500534951     
  0.241526676771005     
  0.241540110226148     
  0.241552173418944     
  0.241562987467302     
  0.241572687600521     
  0.241581398521216     
  0.241589217300340     
  0.241596244469351     
  0.241602562334939     
  0.241608246128781     
  0.241613357552588     
  0.241617935766219     
  0.241621988324510     
  0.241625622881946     
  0.241628995581238     
  0.241632035132688     
  0.241634749367785     
  0.241637185318762     
  0.241639373287094     
  0.241641328960363     
  0.241643066546273     
  0.241644603640490     
  0.241645954805677     
  0.241647135780064     
  0.241648165069197     
  0.241649061949763     
  0.241649841189329     
  0.241650517051069     
  0.241651102688533     
  0.241651607945886     
  0.241652034503726     
  0.241652353408810     
  0.241652615457851     
  0.241652848467546     
  0.241653050637362     
  0.241653223969699     
  0.241653373566761     
  0.241653502160949     
  0.241653615824986     
  0.241653717024171     
  0.241653810486141     
  0.241653900293661     
  0.241653990336271     
  0.241654086606148     
  0.241654194135541     
  0.241654319286470     
  0.241654470488943     
  0.241654657230606     
  0.241654829047849     
  0.241654978008516     
  0.241655103474316     
  0.241655206163682     
  0.241655287947191     
  0.241655348423311     
  0.241655388462266     
  0.241655407291661     
  0.241655403933624     
  0.241655377429063     
  0.241655324741713     
  0.241655243039729     
  0.241655129137897     
  0.241654975674472     
  0.241654776348357     
  0.241654520688258     
  0.241654196549687     
  0.241653787832335     
  0.241653272568840     
  0.241652622604641     
  0.241651804172603     
  0.241650775672409     
  1.091881627808724E-005
  8.850183688063132E-002
  9.106405947105850E-002
  9.268692588203822E-002
  9.377072938541164E-002
  9.450006202788934E-002
  9.502137091441953E-002
  9.541464922009385E-002
  9.571413387372632E-002
  9.594469885389623E-002
  9.611873626641396E-002
  9.625151344417655E-002
  9.635467942845927E-002
  9.643553252836871E-002
  9.650371255519351E-002
  9.656241432953837E-002
  9.661380893227350E-002
  9.665967269416162E-002
  9.670107761314567E-002
  9.673872095393393E-002
  9.677323833513718E-002
  9.680533715572236E-002
  9.683454111829141E-002
  9.686114071968069E-002
  9.688494993207608E-002
  9.690696693896793E-002
  9.692603713374173E-002
  9.694446699577713E-002
  9.696149471488974E-002
  9.697740710266363E-002
  9.699210540500014E-002
  9.700558188101209E-002
  9.701795698111089E-002
  9.702927178958548E-002
  9.703958824844890E-002
  9.704897110439117E-002
  9.705748188195827E-002
  9.706518283785959E-002
  9.707213918545439E-002
  9.707841950371841E-002
  9.708410518189152E-002
  9.708928719258661E-002
  9.709378889082515E-002
  9.709781560779529E-002
  9.710112693432717E-002
  9.710412940242616E-002
  9.710684906391254E-002
  9.710929531388926E-002
  9.711149334627042E-002
  9.711344351608149E-002
  9.711516294726107E-002
  9.711667015940878E-002
  9.711799120408576E-002
  9.711915049329257E-002
  9.712016931864811E-002
  9.712106495851476E-002
  9.712185179694109E-002
  9.712254202466576E-002
  9.712314647010059E-002
  9.712367477399585E-002
  9.712413166157467E-002
  9.712451009181056E-002
  9.712484076506374E-002
  9.712513200430853E-002
  9.712538710287251E-002
  9.712560931369214E-002
  9.712580302200521E-002
  9.712597148353096E-002
  9.712611784590405E-002
  9.712624498139921E-002
  9.712635581703161E-002
  9.712645214027335E-002
  9.712653554801336E-002
  9.712660841411268E-002
  9.712667138983810E-002
  9.712672467586984E-002
  9.712676765856181E-002
  9.712679585377167E-002
  9.712682743826670E-002
  9.712686073037138E-002
  9.712689344623952E-002
  9.712692547989690E-002
  9.712695607252661E-002
  9.712698547491797E-002
  9.712701343585545E-002
  9.712704036864823E-002
  9.712706658099322E-002
  9.712709187617929E-002
  9.712711669038095E-002
  9.712714097863821E-002
  9.712716523708315E-002
  9.712718870664705E-002
  9.712721159368208E-002
  9.712723412204100E-002
  9.712725666939938E-002
  9.712727937509773E-002
  9.712730372904388E-002
  9.712733168999489E-002
  9.712736756549484E-002
  9.712742166193140E-002
  1.945396921415570E-007
