  0.132536767129948     
  0.132670655129948     
  0.132767764442396     
  0.132850792562925     
  0.132917832862684     
  0.132972362252977     
  0.133016753901913     
  0.133052400164917     
  0.133082491005918     
  0.133108785934905     
  0.133133620348736     
  0.133153163177520     
  0.133170737534120     
  0.133186636135853     
  0.133201152466459     
  0.133215119081189     
  0.133227290223532     
  0.133238495961108     
  0.133248806832364     
  0.133258297065583     
  0.133265717669368     
  0.133273883648810     
  0.133281427795993     
  0.133289543052023     
  0.133295715473622     
  0.133302277754061     
  0.133307599215811     
  0.133312519592618     
  0.133317035957357     
  0.133321180654957     
  0.133324986358092     
  0.133328479470840     
  0.133331685784122     
  0.133334622909502     
  0.133337320680530     
  0.133339791126255     
  0.133342055404757     
  0.133344130512104     
  0.133346025134268     
  0.133347764699484     
  0.133349386237138     
  0.133350919612933     
  0.133352319826563     
  0.133353599094191     
  0.133354773289227     
  0.133355843249550     
  0.133356816951116     
  0.133357703782776     
  0.133358521150180     
  0.133359270149712     
  0.133359903624335     
  0.133360480721476     
  0.133361011651567     
  0.133361497374671     
  0.133361942783706     
  0.133362352144016     
  0.133362729821636     
  0.133363077415425     
  0.133363391208069     
  0.133363685627201     
  0.133363955852118     
  0.133364204794110     
  0.133364433653064     
  0.133364646449883     
  0.133364841283255     
  0.133365023770536     
  0.133365192211031     
  0.133365348599194     
  0.133365493403892     
  0.133365628105279     
  0.133365752319176     
  0.133365869152077     
  0.133365978488875     
  0.133366080177688     
  0.133366175307103     
  0.133366264483246     
  0.133366508305192     
  0.133366605547228     
  0.133366681649556     
  0.133366750535706     
  0.133366812366477     
  0.133366871305376     
  0.133366924556816     
  0.133366974173344     
  0.133367020946594     
  0.133367062355650     
  0.133367100425325     
  0.133367137011771     
  0.133367169296430     
  0.133367199454609     
  0.133367226641160     
  0.133367250573853     
  0.133367271011595     
  0.133367287984372     
  0.133367301948320     
  0.133367311806203     
  0.133367316936887     
  0.133367316752601     
  0.133367308792993     
  0.133366715839384     
