  0.133816003408781     
  0.133933309517785     
  0.133989684531447     
  0.134033826438330     
  0.134061681454150     
  0.134081552091807     
  0.134093121293312     
  0.134100517306937     
  0.134103826820958     
  0.134105372522832     
  0.134106018367857     
  0.134104521345408     
  0.134102480855007     
  0.134100385405574     
  0.134098470663394     
  0.134096997371851     
  0.134095318346367     
  0.134093855185981     
  0.134092492569425     
  0.134091211119678     
  0.134088641273403     
  0.134087511246607     
  0.134086395882592     
  0.134085992247095     
  0.134085089909375     
  0.134084476038304     
  0.134083679860499     
  0.134082920669438     
  0.134082210680402     
  0.134081544416581     
  0.134080923742369     
  0.134080343593328     
  0.134079799656928     
  0.134079289329225     
  0.134078805657888     
  0.134078351401167     
  0.134077923375332     
  0.134077519440349     
  0.134077139299886     
  0.134076785726942     
  0.134076213223058     
  0.134075882302126     
  0.134075560023164     
  0.134075249832030     
  0.134074969365026     
  0.134074705009307     
  0.134074452583580     
  0.134074203295832     
  0.134073969861624     
  0.134073747673785     
  0.134073530588306     
  0.134073323852792     
  0.134073128095502     
  0.134072944058796     
  0.134072771408333     
  0.134072610671867     
  0.134072457659140     
  0.134072314314258     
  0.134072184326031     
  0.134072060730899     
  0.134071945371130     
  0.134071837955257     
  0.134071738631567     
  0.134071646714478     
  0.134071561298373     
  0.134071482012372     
  0.134071409867765     
  0.134071342013674     
  0.134071281137828     
  0.134071222370978     
  0.134071170764514     
  0.134071122463710     
  0.134071077158450     
  0.134071035270616     
  0.134070996895271     
  0.134070961399365     
  0.134070956532737     
  0.134070933980356     
  0.134070907704601     
  0.134070884300556     
  0.134070860846744     
  0.134070841207431     
  0.134070821125552     
  0.134070803642309     
  0.134070788265869     
  0.134070772026379     
  0.134070759558783     
  0.134070746624799     
  0.134070734987083     
  0.134070724118402     
  0.134070714247829     
  0.134070704751426     
  0.134070696996269     
  0.134070689849935     
  0.134070682322275     
  0.134070677705689     
  0.134070673292166     
  0.134070670597982     
  0.134070672286492     
  0.133814962238826     
