  7.079557475417841E-002
  7.067035459894082E-002
  7.057716861917286E-002
  7.052712901546204E-002
  7.049446505260792E-002
  7.047062309148437E-002
  7.044965503353813E-002
  7.043233875915299E-002
  7.041817207202077E-002
  7.040729555462216E-002
  7.039553849796733E-002
  7.038755110776455E-002
  7.038025025813445E-002
  7.037362666342518E-002
  7.036766117833262E-002
  7.036150165887076E-002
  7.035636053119775E-002
  7.035167672978201E-002
  7.034729609860725E-002
  7.034315759391421E-002
  7.034039043862803E-002
  7.033683051709751E-002
  7.033356338505678E-002
  7.032913045632971E-002
  7.032640164355111E-002
  7.032306430119714E-002
  7.032067982697350E-002
  7.031845568101999E-002
  7.031640282798238E-002
  7.031450881035273E-002
  7.031276701944876E-002
  7.031116464309257E-002
  7.030969053990818E-002
  7.030833698895275E-002
  7.030708961784336E-002
  7.030594591610574E-002
  7.030489608778615E-002
  7.030393170302837E-002
  7.030304675454592E-002
  7.030223009820977E-002
  7.030122688841837E-002
  7.030053448235531E-002
  7.029993549459924E-002
  7.029937186293816E-002
  7.029886036238669E-002
  7.029838972876956E-002
  7.029794915490863E-002
  7.029753309964529E-002
  7.029715302901664E-002
  7.029680290241587E-002
  7.029649188251037E-002
  7.029620436379502E-002
  7.029593811581886E-002
  7.029569298196904E-002
  7.029546734281189E-002
  7.029526025455476E-002
  7.029506745202195E-002
  7.029488954374352E-002
  7.029472856522437E-002
  7.029457842383055E-002
  7.029443973756307E-002
  7.029431211919276E-002
  7.029419499687523E-002
  7.029408702295821E-002
  7.029398765240591E-002
  7.029389524806494E-002
  7.029381083029659E-002
  7.029373205862670E-002
  7.029366089337469E-002
  7.029359269896815E-002
  7.029353239072926E-002
  7.029347560609378E-002
  7.029342233677192E-002
  7.029337319040976E-002
  7.029332825185823E-002
  7.029328749178476E-002
  7.029311669744608E-002
  7.029307944997273E-002
  7.029304545993835E-002
  7.029301510760437E-002
  7.029298574108088E-002
  7.029295984207007E-002
  7.029293417307671E-002
  7.029291154446331E-002
  7.029289099885898E-002
  7.029286986650703E-002
  7.029285268899091E-002
  7.029283546283809E-002
  7.029281936663101E-002
  7.029280441365308E-002
  7.029279056251896E-002
  7.029277745902011E-002
  7.029276648840774E-002
  7.029275594153497E-002
  7.029274521296180E-002
  7.029273715274370E-002
  7.029272846646993E-002
  7.029271979125573E-002
  7.029271127296145E-002
  7.003730172495710E-002
