  3.496271079219820E-002
  3.496258691957752E-002
  3.496249327803580E-002
  3.496240230279272E-002
  3.496232909337547E-002
  3.496226588733203E-002
  3.496221802344746E-002
  3.496218239113052E-002
  3.496215403864086E-002
  3.496213131163987E-002
  3.496211118663486E-002
  3.496209985006349E-002
  3.496209041176695E-002
  3.496208288390045E-002
  3.496207741788211E-002
  3.496207330693982E-002
  3.496207064049451E-002
  3.496206908649803E-002
  3.496206894079362E-002
  3.496206924359378E-002
  3.496207073350770E-002
  3.496207261118862E-002
  3.496207452844766E-002
  3.496207614677366E-002
  3.496207975145132E-002
  3.496208219528994E-002
  3.496208641100600E-002
  3.496209021047390E-002
  3.496209372716445E-002
  3.496209745148697E-002
  3.496210087885000E-002
  3.496210432429379E-002
  3.496210770699575E-002
  3.496211040425267E-002
  3.496211317606110E-002
  3.496211584007557E-002
  3.496211878108384E-002
  3.496212194537559E-002
  3.496212437672597E-002
  3.496212804981323E-002
  3.496213502997900E-002
  3.496213650854035E-002
  3.496213713144666E-002
  3.496213841376927E-002
  3.496213963726007E-002
  3.496214013600980E-002
  3.496214129358208E-002
  3.496214284979864E-002
  3.496214484168300E-002
  3.496214756675644E-002
  3.496213996443032E-002
  3.496213324044996E-002
  3.496212741992132E-002
  3.496212218703211E-002
  3.496211752328253E-002
  3.496211363043270E-002
  3.496210980188291E-002
  3.496210647401703E-002
  3.496210441925064E-002
  3.496210233075547E-002
  3.496210075411151E-002
  3.496209943968638E-002
  3.496209840679980E-002
  3.496209773567974E-002
  3.496209713394425E-002
  3.496209690663837E-002
  3.496209716003040E-002
  3.496209730313711E-002
  3.496209763550490E-002
  3.496209803060465E-002
  3.496209848568175E-002
  3.496209922057266E-002
  3.496209994837039E-002
  3.496210065347422E-002
  3.496210144597909E-002
  3.496210227119950E-002
  3.496209028341210E-002
  3.496210035241835E-002
  3.496210293027358E-002
  3.496210488228137E-002
  3.496210586235392E-002
  3.496210735408550E-002
  3.496210830849508E-002
  3.496210920515670E-002
  3.496211017781347E-002
  3.496211116054152E-002
  3.496211221845812E-002
  3.496211279927783E-002
  3.496211381622091E-002
  3.496211458289938E-002
  3.496211549438279E-002
  3.496211627217491E-002
  3.496211669726298E-002
  3.496211756849450E-002
  3.496211820013769E-002
  3.496211892141797E-002
  3.496211961484873E-002
  3.496212020933563E-002
  3.496212038309812E-002
  3.496180006061433E-002
