  2.101072177804699E-002
  2.119242773645870E-002
  2.130449500841565E-002
  2.137508995063277E-002
  2.142046376229370E-002
  2.145324480529499E-002
  2.147764582621404E-002
  2.149617804152581E-002
  2.150928613920679E-002
  2.151860540405108E-002
  2.152790825464613E-002
  2.153277698635624E-002
  2.153672321784196E-002
  2.154011970813888E-002
  2.154315715679142E-002
  2.154666946685685E-002
  2.154926402177261E-002
  2.155167692803731E-002
  2.155393704509811E-002
  2.155607629337238E-002
  2.155622293040858E-002
  2.155804112499691E-002
  2.155965101773854E-002
  2.156266709899025E-002
  2.156403213596840E-002
  2.156606974825310E-002
  2.156725597013626E-002
  2.156835014074007E-002
  2.156935309664174E-002
  2.157026969802396E-002
  2.157110666771784E-002
  2.157186957162012E-002
  2.157256358396256E-002
  2.157319300286017E-002
  2.157376281562369E-002
  2.157427710422745E-002
  2.157474053202194E-002
  2.157515784929206E-002
  2.157553404868544E-002
  2.157587807317594E-002
  2.157619537566317E-002
  2.157646496273074E-002
  2.157667170669338E-002
  2.157686053266615E-002
  2.157703262346836E-002
  2.157718671898105E-002
  2.157732674486250E-002
  2.157745046157595E-002
  2.157755877708849E-002
  2.157765254201932E-002
  2.157772857673005E-002
  2.157779410554695E-002
  2.157785125038324E-002
  2.157790092091855E-002
  2.157794409333399E-002
  2.157798171849629E-002
  2.157801438163518E-002
  2.157804275610120E-002
  2.157806750153940E-002
  2.157808894437106E-002
  2.157810759282299E-002
  2.157812370553991E-002
  2.157813780731796E-002
  2.157815033386244E-002
  2.157816123410416E-002
  2.157817122784831E-002
  2.157818022872382E-002
  2.157818829707216E-002
  2.157819575329394E-002
  2.157820251715192E-002
  2.157820869260334E-002
  2.157821449531471E-002
  2.157821991411368E-002
  2.157822482157542E-002
  2.157822914290404E-002
  2.157823246696145E-002
  2.157836569707884E-002
  2.157836916127367E-002
  2.157837300762986E-002
  2.157837674904155E-002
  2.157838044279549E-002
  2.157838401323632E-002
  2.157838748238721E-002
  2.157839066398756E-002
  2.157839380649705E-002
  2.157839673455941E-002
  2.157839946932321E-002
  2.157840224852716E-002
  2.157840482569328E-002
  2.157840731005655E-002
  2.157840960830219E-002
  2.157841172699631E-002
  2.157841381653281E-002
  2.157841571057739E-002
  2.157841763454776E-002
  2.157841967315230E-002
  2.157842235348727E-002
  2.157842638714266E-002
  2.157843390027875E-002
  2.157844874438696E-002
