  7.046996084356967E-003
  7.107940262808186E-003
  7.145527625822586E-003
  7.169205169442349E-003
  7.184423545873271E-003
  7.195418307695958E-003
  7.203602410112226E-003
  7.209818115127753E-003
  7.214214571089965E-003
  7.217340252518777E-003
  7.220460428608289E-003
  7.222093401223863E-003
  7.223416967264043E-003
  7.224556150109830E-003
  7.225574910387802E-003
  7.226752939183853E-003
  7.227623152902479E-003
  7.228432441663741E-003
  7.229190484925921E-003
  7.229907988797151E-003
  7.229957170859013E-003
  7.230566993324031E-003
  7.231106951349504E-003
  7.232118545001410E-003
  7.232576378403864E-003
  7.233259793564061E-003
  7.233657652383681E-003
  7.234024637204230E-003
  7.234361028613590E-003
  7.234668456717217E-003
  7.234949176352535E-003
  7.235205054321478E-003
  7.235437826061122E-003
  7.235648933159354E-003
  7.235840048360245E-003
  7.236012540757938E-003
  7.236167974440162E-003
  7.236307942652583E-003
  7.236434119929093E-003
  7.236549505743247E-003
  7.236655928997450E-003
  7.236746348499878E-003
  7.236815690424977E-003
  7.236879022656247E-003
  7.236936741911265E-003
  7.236988425546272E-003
  7.237035390226848E-003
  7.237076884812568E-003
  7.237113213835537E-003
  7.237144662593270E-003
  7.237170164635258E-003
  7.237192143000336E-003
  7.237211309378490E-003
  7.237227968876072E-003
  7.237242448904302E-003
  7.237255068383678E-003
  7.237266023600461E-003
  7.237275540396340E-003
  7.237283840016338E-003
  7.237291031942083E-003
  7.237297286632825E-003
  7.237302690838126E-003
  7.237307420574460E-003
  7.237311621977436E-003
  7.237315277918513E-003
  7.237318629820278E-003
  7.237321648713963E-003
  7.237324354837989E-003
  7.237326855654767E-003
  7.237329124252823E-003
  7.237331195499175E-003
  7.237333141728643E-003
  7.237334959193727E-003
  7.237336605156467E-003
  7.237338054530037E-003
  7.237339169418930E-003
  7.237383854800304E-003
  7.237385016691172E-003
  7.237386306759074E-003
  7.237387561628549E-003
  7.237388800513632E-003
  7.237389998039501E-003
  7.237391161592666E-003
  7.237392228701414E-003
  7.237393282699077E-003
  7.237394264771237E-003
  7.237395182010974E-003
  7.237396114156069E-003
  7.237396978537511E-003
  7.237397811793004E-003
  7.237398582624622E-003
  7.237399293234518E-003
  7.237399994065111E-003
  7.237400629327683E-003
  7.237401274627310E-003
  7.237401958375302E-003
  7.237402857359678E-003
  7.237404210247643E-003
  7.237406730153465E-003
  7.237411708867406E-003
