   1.33961272145290     
   1.33875004751031     
   1.33815188247573     
   1.33760745288131     
   1.33712599127456     
   1.33672285112108     
   1.33638549121859     
   1.33611802720414     
   1.33588719608855     
   1.33568153700923     
   1.33549970303515     
   1.33533887992787     
   1.33519128797018     
   1.33505485238495     
   1.33492791742078     
   1.33480978858441     
   1.33470014829897     
   1.33459809843771     
   1.33450330031644     
   1.33441521859084     
   1.33433277437698     
   1.33425535026292     
   1.33418320025033     
   1.33411608772365     
   1.33405460484750     
   1.33399683217199     
   1.33394371767748     
   1.33389427652874     
   1.33384843334127     
   1.33380605192754     
   1.33376691105149     
   1.33373083888437     
   1.33369762982727     
   1.33366711602190     
   1.33363910556367     
   1.33361339404890     
   1.33358982478765     
   1.33356823722745     
   1.33354852170979     
   1.33353049826810     
   1.33351381873841     
   1.33349803494997     
   1.33348355928879     
   1.33347037116628     
   1.33345831050134     
   1.33344728938305     
   1.33343730147163     
   1.33342822534307     
   1.33341991261022     
   1.33341230095986     
   1.33340562763371     
   1.33339954165163     
   1.33339397318676     
   1.33338887640012     
   1.33338420751056     
   1.33337993017761     
   1.33337600822540     
   1.33337240781316     
   1.33336908957047     
   1.33336605133324     
   1.33336326619560     
   1.33336070234695     
   1.33335833794056     
   1.33335615912896     
   1.33335415109705     
   1.33335228890512     
   1.33335057034234     
   1.33334898331459     
   1.33334751525934     
   1.33334615503526     
   1.33334490287875     
   1.33334373249897     
   1.33334264972981     
   1.33334164730652     
   1.33334071211881     
   1.33333984629296     
   1.33333904415706     
   1.33333829742301     
   1.33333760531392     
   1.33333695998855     
   1.33333636019129     
   1.33333580563939     
   1.33333528650343     
   1.33333480287335     
   1.33333435072248     
   1.33333393351764     
   1.33333354667584     
   1.33333317912240     
   1.33333283927706     
   1.33333252112072     
   1.33333222426238     
   1.33333194889167     
   1.33333169105230     
   1.33333145221659     
   1.33333122877908     
   1.33333102087640     
   1.33333082790369     
   1.33333064678900     
   1.33333048959395     
   1.33332513086593     
