  0.424066151345037     
  0.424445536668808     
  0.424682621415971     
  0.424833150812259     
  0.424889208398789     
  0.424916494488800     
  0.424915775647062     
  0.424928317519770     
  0.424930635202491     
  0.424929475292326     
  0.424924384063912     
  0.424917068375411     
  0.424907243996377     
  0.424896577730541     
  0.424885823964344     
  0.424875212513068     
  0.424864781104346     
  0.424854659897428     
  0.424844817855109     
  0.424835324341203     
  0.424826258835074     
  0.424817340615478     
  0.424808605990071     
  0.424800222934744     
  0.424793087161250     
  0.424785562036452     
  0.424778894301623     
  0.424772405655297     
  0.424766256085519     
  0.424760466389634     
  0.424755019036417     
  0.424749895461087     
  0.424745081051284     
  0.424740552333335     
  0.424736294884576     
  0.424732298193317     
  0.424728546636797     
  0.424725030557032     
  0.424721727464277     
  0.424718644050857     
  0.424715765156272     
  0.424713124386061     
  0.424710551331658     
  0.424708162317127     
  0.424705949883029     
  0.424703816881425     
  0.424701865931331     
  0.424700045455271     
  0.424698361821610     
  0.424696797895515     
  0.424695272047710     
  0.424693850011305     
  0.424692530532358     
  0.424691307148741     
  0.424690175664387     
  0.424689129574957     
  0.424688164795305     
  0.424687275199176     
  0.424686462495740     
  0.424685726633271     
  0.424685048618646     
  0.424684424103591     
  0.424683850910656     
  0.424683326250632     
  0.424682845295171     
  0.424682408005654     
  0.424682008286019     
  0.424681642622868     
  0.424681308760259     
  0.424681004168418     
  0.424680724147124     
  0.424680471148927     
  0.424680238741621     
  0.424680025984901     
  0.424679831378456     
  0.424679651074950     
  0.424679482661440     
  0.424679330852390     
  0.424679191287973     
  0.424679062497195     
  0.424678943268698     
  0.424678832089630     
  0.424678729004760     
  0.424678632506569     
  0.424678542813508     
  0.424678458097600     
  0.424678377528821     
  0.424678303701042     
  0.424678233176254     
  0.424678166671983     
  0.424678103774448     
  0.424678043590400     
  0.424677986490858     
  0.424677931817900     
  0.424677879924167     
  0.424677831071549     
  0.424677785740173     
  0.424677745721242     
  0.424677718748003     
  0.424675793756894     
