   3.01612075615383     
   3.01614179329491     
   3.01614179329491     
   3.01614179329491     
   3.01614179329491     
   3.01614179329491     
   3.01614179329491     
   3.01614179329491     
   3.01614179329491     
   3.01614179329491     
   3.01614179329491     
   3.01614179329491     
   3.01614179329491     
   3.01614179329491     
   3.01614179329491     
   3.01614179329491     
   3.01614179329491     
   3.01614179329491     
   3.01614179329491     
   3.01614179329491     
   3.01614179329491     
   3.01614179329491     
   3.01614179329491     
   3.01614179329491     
   3.01614179329491     
   3.01614179329491     
   3.01614179329491     
   3.01614179329491     
   3.01614179329491     
   3.01614179329491     
   3.01614179329491     
   3.01614179329491     
   3.01614179329491     
   3.01614179329491     
   3.01614179329491     
   3.01614179329491     
   3.01614179329491     
   3.01614179329491     
   3.01614179329491     
   3.01614179329491     
   3.01614179329491     
   3.01614179329491     
   3.01614179329491     
   3.01614179329491     
   3.01614179329491     
   3.01614179329491     
   3.01614179329491     
   3.01614179329491     
   3.01614179329491     
   3.01614179329491     
   3.01614179329491     
   3.01614179329491     
