  0.593944270003971     
  0.593983253605257     
  0.593945355332441     
  0.593917925721556     
  0.593878223603334     
  0.593836573551311     
  0.593787136075985     
  0.593737497102569     
  0.593686115582925     
  0.593637159647672     
  0.593589226863448     
  0.593542805683960     
  0.593498502463146     
  0.593457144641818     
  0.593419018977028     
  0.593383959724443     
  0.593351270086338     
  0.593321265241178     
  0.593293521916642     
  0.593267851053902     
  0.593243669186160     
  0.593221647125642     
  0.593201255849221     
  0.593182523220706     
  0.593165639499673     
  0.593149934949117     
  0.593135615720785     
  0.593122437639785     
  0.593110378112913     
  0.593099339398128     
  0.593089249906984     
  0.593080028268422     
  0.593071596413075     
  0.593063891614890     
  0.593056834371516     
  0.593050384832325     
  0.593044485050622     
  0.593039086517647     
  0.593034148995340     
  0.593029633597096     
  0.593024797296424     
  0.593020807183534     
  0.593017148278990     
  0.593013762727400     
  0.593010674317500     
  0.593007835472530     
  0.593005211921148     
  0.593002765596654     
  0.593000508396834     
  0.592998419321220     
  0.592996492863404     
  0.592994706621900     
  0.592993046348876     
  0.592991509704696     
  0.592990084686276     
  0.592988765419635     
  0.592987533293346     
  0.592986386646376     
  0.592985342183190     
  0.592984358102194     
  0.592983444059969     
  0.592982595677099     
  0.592981808518259     
  0.592981076801768     
  0.592980396587901     
  0.592979762078772     
  0.592979176090151     
  0.592978628841312     
  0.592978123055922     
  0.592977646404328     
  0.592977210695047     
  0.592976802614459     
  0.592976420515902     
  0.592976064513683     
  0.592975734800935     
  0.592975427740217     
  0.592975144183725     
  0.592974879547075     
  0.592974630632012     
  0.592974403193064     
  0.592974187148678     
  0.592973989450047     
  0.592973801570587     
  0.592973628964129     
  0.592973468224909     
  0.592973315000861     
  0.592973178851573     
  0.592973048424385     
  0.592972926762506     
  0.592972812313838     
  0.592972705916907     
  0.592972605779054     
  0.592972515440521     
  0.592972431118138     
  0.592972349362726     
  0.592972278348778     
  0.592972212748610     
  0.592972152261572     
  0.592972101670469     
  0.592970775029538     
