   9.44726352956399     
   9.27079174792510     
   9.10990065316768     
   8.96819034504135     
   8.84349287347362     
   8.73411764183527     
   8.63793391727967     
   8.55404399645995     
   8.47991642064315     
   8.41475584905943     
   8.35715121092868     
   8.30595848086612     
   8.25929332699417     
   8.21747100598685     
   8.17986782466150     
   8.14634365942445     
   8.11618865421260     
   8.08912486230995     
   8.06455578812254     
   8.04230061312212     
   8.02178381381141     
   8.00326272142724     
   7.98646679163098     
   7.97111654516238     
   7.95701155028553     
   7.94385740366477     
   7.93188683655526     
   7.92083846077683     
   7.91065918279071     
   7.90120644794491     
   7.89234038868034     
   7.88372188575953     
   7.87561727914293     
   7.86797886252592     
   7.86085982162373     
   7.85432360308686     
   7.84827036432165     
   7.84265526613381     
   7.83744797994737     
   7.83262682606872     
   7.82814088780695     
   7.82397381351000     
   7.82010379747852     
   7.81650236669282     
   7.81306794722754     
   7.80989382516160     
   7.80694272751615     
   7.80420340752131     
   7.80166789980988     
   7.79931463260832     
   7.79715387820260     
   7.79512286570971     
   7.79324170104678     
   7.79146285406452     
   7.78982271573551     
   7.78830347676146     
   7.78688480817894     
   7.78558533773625     
   7.78437630364358     
   7.78325494583525     
   7.78221343452885     
   7.78124725439896     
   7.78035489703927     
   7.77953222944591     
   7.77876651043105     
   7.77806310427100     
   7.77741625101253     
   7.77682109911886     
   7.77627410749754     
   7.77577175385899     
   7.77529546895971     
   7.77486866625685     
   7.77444452572281     
   7.77405412890213     
   7.77370231817323     
   7.77338498884159     
   7.77309880902282     
   7.77281097332129     
   7.77252022000218     
   7.77228099783246     
   7.77207381026489     
   7.77189009505015     
   7.77172629071983     
   7.77157995675350     
   7.77144916160313     
   7.77133237881410     
   7.77122804810642     
   7.77113504508912     
   7.77105186004268     
   7.77097758177940     
   7.77091130541726     
   7.77085197368692     
   7.77079790091037     
   7.77074971675996     
   7.77070657437259     
   7.77066757184445     
   7.77062504744761     
   7.77059535194734     
   7.77054365440316     
  0.261672567901322     
   6.34067468000330     
   6.35377949220789     
   6.35492417356735     
   6.34975991163140     
   6.33967026295978     
   6.32639973626627     
   6.31090436886630     
   6.29505348942064     
   6.27871977385513     
   6.26281868218103     
   6.24746690277263     
   6.23272737052492     
   6.21782840910702     
   6.20357952962179     
   6.18999010021273     
   6.17734962621460     
   6.16543996734032     
   6.15431942435996     
   6.14375482542035     
   6.13378867800858     
   6.12414323047123     
   6.11518562625714     
   6.10683110393996     
   6.09895803570763     
   6.09150028509677     
   6.08430995005324     
   6.07763432390407     
   6.07132395844330     
   6.06538601679885     
   6.05975125026179     
   6.05434686949571     
   6.04890914481162     
   6.04366632660589     
   6.03860205679772     
   6.03379005630824     
   6.02930774149620     
   6.02508663741872     
   6.02109812494263     
   6.01733807115396     
   6.01380613731704     
   6.01047208963737     
   6.00733876036651     
   6.00440206284887     
   6.00164461059584     
   5.99899083812389     
   5.99652102599137     
   5.99420661803933     
   5.99204184620111     
   5.99002235145783     
   5.98813112433653     
   5.98638493893749     
   5.98473122692086     
   5.98318762700290     
   5.98171930230986     
   5.98035647526715     
   5.97908645710417     
   5.97789376207678     
   5.97679454807983     
   5.97576650934222     
   5.97480813997109     
   5.97391284674186     
   5.97307611737350     
   5.97230045865430     
   5.97158252691098     
   5.97091175090426     
   5.97029215863119     
   5.96971944956397     
   5.96918974186363     
   5.96870061718724     
   5.96824919093619     
   5.96782108753784     
   5.96743429730129     
   5.96705131591594     
   5.96669761902649     
   5.96637704878899     
   5.96608609696093     
   5.96582201257469     
   5.96555823875092     
   5.96529324177063     
   5.96507243360963     
   5.96487896998183     
   5.96470593673801     
   5.96455032878692     
   5.96441017057463     
   5.96428380800089     
   5.96416997346897     
   5.96406732888164     
   5.96397496361949     
   5.96389157594969     
   5.96381643207048     
   5.96374878667941     
   5.96368774995275     
   5.96363196414671     
   5.96358194425578     
   5.96353701712337     
   5.96349651073586     
   5.96345432537571     
   5.96342405318363     
   5.96337803603439     
  0.955635510001785     
                     NaN
                     NaN
                     NaN
                     NaN
                     NaN
                     NaN
                     NaN
                     NaN
                     NaN
                     NaN
                     NaN
                     NaN
                     NaN
                     NaN
                     NaN
                     NaN
                     NaN
                     NaN
                     NaN
                     NaN
                     NaN
                     NaN
                     NaN
                     NaN
                     NaN
                     NaN
                     NaN
                     NaN
                     NaN
                     NaN
                     NaN
                     NaN
                     NaN
                     NaN
                     NaN
                     NaN
                     NaN
                     NaN
                     NaN
                     NaN
                     NaN
                     NaN
                     NaN
                     NaN
                     NaN
                     NaN
                     NaN
                     NaN
                     NaN
                     NaN
                     NaN
                     NaN
                     NaN
                     NaN
                     NaN
                     NaN
                     NaN
                     NaN
                     NaN
                     NaN
                     NaN
                     NaN
                     NaN
                     NaN
                     NaN
                     NaN
                     NaN
                     NaN
                     NaN
                     NaN
                     NaN
                     NaN
                     NaN
                     NaN
                     NaN
                     NaN
                     NaN
                     NaN
                     NaN
                     NaN
                     NaN
                     NaN
                     NaN
                     NaN
                     NaN
                     NaN
                     NaN
                     NaN
                     NaN
                     NaN
                     NaN
                     NaN
                     NaN
                     NaN
                     NaN
                     NaN
                     NaN
                     NaN
                     NaN
  0.999259568069546     
   48.0593710618964     
   47.0110835561071     
   45.8329145246861     
   44.6553659794602     
   43.5619221270364     
   42.5584386621843     
   41.6608464196605     
   40.8704896770352     
   40.1830903997314     
   39.5883206478289     
   39.0747783339970     
   38.6281935235315     
   38.2434745118251     
   37.9096598310681     
   37.6182109961945     
   37.3627665061373     
   37.1381553219444     
   36.9399202752231     
   36.7645384550149     
   36.6091911518492     
   36.4722596433844     
   36.3501582486667     
   36.2409380237751     
   36.1433692417999     
   36.0559746519690     
   35.9776232261083     
   35.9070957412001     
   35.8436328184967     
   35.7864882187020     
   35.7348403734570     
   35.6879735228358     
   35.6453481550390     
   35.6063081792731     
   35.5706003408336     
   35.5381167064491     
   35.5086486619008     
   35.4818124408329     
   35.4575508214147     
   35.4352826018129     
   35.4149610780971     
   35.3970308801613     
   35.3807932936904     
   35.3656517361663     
   35.3520417996137     
   35.3396975192865     
   35.3283649482167     
   35.3179152313223     
   35.3082438884279     
   35.2992382320574     
   35.2910530960239     
   35.2834378508912     
   35.2763780583887     
   35.2699599631302     
   35.2639276538860     
   35.2583868922442     
   35.2532768481278     
   35.2485729436583     
   35.2442429260025     
   35.2402580446207     
   35.2365940926722     
   35.2332282638316     
   35.2305122927526     
   35.2278061725195     
   35.2252657808740     
   35.2229291911500     
   35.2207832960236     
   35.2188141598071     
   35.2170149278761     
   35.2153750790243     
   35.2138829426290     
   35.2125261694842     
   35.2112945146324     
   35.2101791180246     
   35.2091650313640     
   35.2082447026447     
   35.2074141177119     
   35.2066657502031     
   35.2059826768954     
   35.2050445298990     
   35.2044671739417     
   35.2039532618033     
   35.2034928922493     
   35.2030765934504     
   35.2026980000069     
   35.2023564737727     
   35.2020518440763     
   35.2017818512522     
   35.2015439341940     
   35.2013350115816     
   35.2011526660551     
   35.2009942876277     
   35.2008573052760     
   35.2007394305544     
   35.2006384276908     
   35.2005520321361     
   35.2004780965289     
   35.2004153581627     
   35.2003627929648     
   35.2002894842883     
  0.999996977966451     
