  0.388790177721899     
  0.387598439417022     
  0.386466549010874     
  0.385402034076851     
  0.384408491529109     
  0.383473053395581     
  0.382593287260051     
  0.381770670903826     
  0.381002266905985     
  0.380284334068050     
  0.379612481078147     
  0.378976181004662     
  0.378387474979606     
  0.377838299373073     
  0.377325186700889     
  0.376847055603018     
  0.376420358939226     
  0.376019803919560     
  0.375643078894477     
  0.375281937325260     
  0.374949340501290     
  0.374641046857375     
  0.374360425729394     
  0.374095699999950     
  0.373849563594176     
  0.373621759876487     
  0.373411464191803     
  0.373216977226342     
  0.373037028299854     
  0.372870382623856     
  0.372716672847674     
  0.372746191204846     
  0.372647823110480     
  0.372526525431045     
  0.372409249596857     
  0.372296985672124     
  0.372194422446589     
  0.372098705845679     
  0.372008433457756     
  0.371926909533566     
  0.371849812602637     
  0.371777125067393     
  0.371710381657763     
  0.371648552527517     
  0.371590875520871     
  0.371537375491599     
  0.371487949238314     
  0.371441893222168     
  0.371399154173032     
  0.371359773961578     
  0.371323119309380     
  0.371288988668421     
  0.371257340785151     
  0.371227653631171     
  0.371199963872652     
  0.371174140914943     
  0.371150031619324     
  0.371127591532555     
  0.371106652501156     
  0.371087148511401     
  0.371070748530795     
  0.371053611345363     
  0.371037664918064     
  0.371022839897050     
  0.371009041229808     
  0.370996177269799     
  0.370984206090847     
  0.370973063781838     
  0.370962705036437     
  0.370953066929505     
  0.370944032636753     
  0.370935531800467     
  0.370927854934936     
  0.370920723680173     
  0.370914119850158     
  0.370908001331648     
  0.370902326521195     
  0.370896858769923     
  0.370891976082463     
  0.370887530067560     
  0.370883427029844     
  0.370879635366738     
  0.370876133265492     
  0.370872896587613     
  0.370869904897363     
  0.370867147092319     
  0.370864599941078     
  0.370862253874061     
  0.370860090837545     
  0.370858097200026     
  0.370856259986437     
  0.370854569197873     
  0.370853014124517     
  0.370851581849791     
  0.370850262271781     
  0.370849041732336     
  0.370847895606419     
  0.370846889825787     
  0.370845957774663     
  0.370835715611226     
