   8.23917653266875     
   8.20535796205863     
   8.17434876011501     
   8.14494002746000     
   8.11522362422812     
   8.08575583361616     
   8.05682835129999     
   8.02932623861987     
   8.00286445455073     
   7.97713735452025     
   7.95239126478526     
   7.92871386053884     
   7.90642709543545     
   7.88530047823504     
   7.86527887204097     
   7.84632981029666     
   7.82846215785920     
   7.81156742772794     
   7.79562946049528     
   7.78061797011680     
   7.76667617820589     
   7.75370123765798     
   7.74164411485469     
   7.73041679612536     
   7.71999749186288     
   7.71037352666331     
   7.70147647690715     
   7.69327232041548     
   7.68569347770909     
   7.67872515609063     
   7.67234107024854     
   7.66611652696649     
   7.65964962625391     
   7.65311270687466     
   7.64697675549186     
   7.64146038094718     
   7.63645024408751     
   7.63189797029925     
   7.62773365913877     
   7.62395860565625     
   7.62046851174286     
   7.61725929964777     
   7.61433168831526     
   7.61164513349151     
   7.60917338028954     
   7.60689502437398     
   7.60479492158872     
   7.60285459819048     
   7.60105784660302     
   7.59938142554404     
   7.59789042548286     
   7.59650607263591     
   7.59521064671299     
   7.59400941135485     
   7.59288669661333     
   7.59184016183916     
   7.59086262922932     
   7.58994831661174     
   7.58909547738333     
   7.58829838002926     
   7.58754871890919     
   7.58682867259321     
   7.58616280600891     
   7.58554652847893     
   7.58497237468549     
   7.58443448394690     
   7.58393271850246     
   7.58346383252475     
   7.58302614878302     
   7.58261715007128     
   7.58223708180271     
   7.58187932591767     
   7.58155165745504     
   7.58124628201865     
   7.58096295436064     
   7.58069877166729     
   7.58045211072260     
   7.58022265441601     
   7.58001974420816     
   7.57983118658226     
   7.57965463856542     
   7.57948947767159     
   7.57933543080234     
   7.57919220905202     
   7.57905915105479     
   7.57893607494769     
   7.57882197119569     
   7.57871700995795     
   7.57861952987889     
   7.57852956227515     
   7.57844681963808     
   7.57837058247242     
   7.57830096706287     
   7.57823739961439     
   7.57817947863402     
   7.57812704603190     
   7.57808027110217     
   7.57803941441571     
   7.57801067724771     
   7.57740216916180     
