  2.032948268501857E-002
  2.055118729435758E-002
  2.075576577839026E-002
  2.095093651261221E-002
  2.114931603252373E-002
  2.134722620834876E-002
  2.154267290009070E-002
  2.172957604129981E-002
  2.191043365535817E-002
  2.208723757205096E-002
  2.225821408502128E-002
  2.242261996921143E-002
  2.257822061778490E-002
  2.272636336828443E-002
  2.286740128209811E-002
  2.300143663159788E-002
  2.312833432748715E-002
  2.324876850858214E-002
  2.336278536779692E-002
  2.347053362355723E-002
  2.357093944274391E-002
  2.366467107541479E-002
  2.375200728618355E-002
  2.383352496529494E-002
  2.390935442116398E-002
  2.397955677012795E-002
  2.404459428104413E-002
  2.410468102348889E-002
  2.416028080928147E-002
  2.421148362586258E-002
  2.425848543920554E-002
  2.430445956363443E-002
  2.435219859895393E-002
  2.440050725291814E-002
  2.444585428831670E-002
  2.448663420437212E-002
  2.452374384133282E-002
  2.455749469388888E-002
  2.458840004700510E-002
  2.461644900737396E-002
  2.464238810926912E-002
  2.466625453073207E-002
  2.468805448255862E-002
  2.470805214718416E-002
  2.472646101103086E-002
  2.474344909588878E-002
  2.475911217984711E-002
  2.477359613386583E-002
  2.478702159321414E-002
  2.479956551666640E-002
  2.481057630473590E-002
  2.482081085039357E-002
  2.483039614194203E-002
  2.483929786185200E-002
  2.484762609319988E-002
  2.485540000582204E-002
  2.486267322723934E-002
  2.486948523406379E-002
  2.487584630468893E-002
  2.488180247800370E-002
  2.488740842027937E-002
  2.489278452974465E-002
  2.489777722330831E-002
  2.490240529950508E-002
  2.490672347482059E-002
  2.491077153732171E-002
  2.491455234288734E-002
  2.491808985708398E-002
  2.492139671477254E-002
  2.492449050386276E-002
  2.492737518893498E-002
  2.493008181192197E-002
  2.493257751248886E-002
  2.493490580657971E-002
  2.493706484238884E-002
  2.493907742261582E-002
  2.494095750738369E-002
  2.494270829606007E-002
  2.494429333980743E-002
  2.494573296359089E-002
  2.494708018761995E-002
  2.494834280914560E-002
  2.494952123777633E-002
  2.495061693609583E-002
  2.495163562126809E-002
  2.495257716721261E-002
  2.495345055891038E-002
  2.495425252273773E-002
  2.495499888222502E-002
  2.495568791772478E-002
  2.495632111889414E-002
  2.495690485314446E-002
  2.495743783830433E-002
  2.495792380594030E-002
  2.495836635884823E-002
  2.495876607877949E-002
  2.495912388253285E-002
  2.495943281261244E-002
  2.495964799516803E-002
  2.496407105161135E-002
