  0.147535927605136     
  0.147830675276021     
  0.148374499670699     
  0.148928825060117     
  0.149425094668817     
  0.149848935326937     
  0.150226205465793     
  0.150562013370250     
  0.150866986754258     
  0.151153065179680     
  0.151413122543753     
  0.151654095727139     
  0.151881400388978     
  0.152116190577238     
  0.152337430306713     
  0.152548997166560     
  0.152744194044547     
  0.152928963295031     
  0.153100896093377     
  0.153265834348384     
  0.153420745466479     
  0.153573968484728     
  0.153716959015217     
  0.153851564080186     
  0.153979828553608     
  0.154103517097544     
  0.154226576445532     
  0.154341700118917     
  0.154452543802603     
  0.154558190522097     
  0.154660430121270     
  0.154762204578922     
  0.154864667844639     
  0.154961187487733     
  0.155053076575474     
  0.155140471554746     
  0.155222353313800     
  0.155299519301539     
  0.155371411688199     
  0.155438994823974     
  0.155502206612759     
  0.155561197707058     
  0.155616364461213     
  0.155668089157162     
  0.155716411407525     
  0.155763197970284     
  0.155806371619293     
  0.155846600316239     
  0.155883892322739     
  0.155918322503595     
  0.155949948547884     
  0.155979129453832     
  0.156006551048989     
  0.156031685865264     
  0.156055531152481     
  0.156077231611456     
  0.156097154306876     
  0.156115656656863     
  0.156132305162218     
  0.156147687236689     
  0.156161829700377     
  0.156174771614443     
  0.156186435166901     
  0.156197105245231     
  0.156206819329597     
  0.156215776471798     
  0.156223814627414     
  0.156231073693619     
  0.156237618729268     
  0.156243516218175     
  0.156248814965647     
  0.156253933925536     
  0.156258279895434     
  0.156262851482554     
  0.156267004267489     
  0.156270625031984     
  0.156273768755916     
  0.156276485432874     
  0.156279450854956     
  0.156282893486504     
  0.156285337045144     
  0.156287278575576     
  0.156288896272621     
  0.156290248567710     
  0.156291387549796     
  0.156292340777879     
  0.156293136085284     
  0.156293793003156     
  0.156294334294980     
  0.156294774083724     
  0.156295127545173     
  0.156295408350363     
  0.156295628902767     
  0.156295820732111     
  0.156295964305551     
  0.156296070003428     
  0.156296153608458     
  0.156296374735016     
  0.156296451622691     
  0.261672567901322     
  0.739285507009678     
  0.742114909715953     
  0.744292634366495     
  0.745862555393043     
  0.747009090543558     
  0.747880066638219     
  0.748531582495045     
  0.749031373672123     
  0.749426335961760     
  0.749755803818178     
  0.750036147660574     
  0.750281708050332     
  0.750496332958551     
  0.750698328839340     
  0.750879726277651     
  0.751041151412871     
  0.751182098138651     
  0.751306257892471     
  0.751414074421142     
  0.751509111809764     
  0.751592118672259     
  0.751668332196864     
  0.751734059378285     
  0.751790863761150     
  0.751840916515169     
  0.751885324288671     
  0.751926273531987     
  0.751961706177084     
  0.751993531587219     
  0.752022112699588     
  0.752048154483378     
  0.752072447410625     
  0.752096030455751     
  0.752116674579284     
  0.752134879922787     
  0.752150876242950     
  0.752164561199091     
  0.752176241853318     
  0.752186292066939     
  0.752194456926280     
  0.752201226669456     
  0.752207960292070     
  0.752214001795660     
  0.752218830336262     
  0.752223511150177     
  0.752228433042849     
  0.752232672269262     
  0.752236299338617     
  0.752239291612152     
  0.752241569400775     
  0.752243526201849     
  0.752244925417803     
  0.752246091402456     
  0.752247068550307     
  0.752247833445751     
  0.752248343811603     
  0.752248656968906     
  0.752248892381512     
  0.752248897915901     
  0.752248840598889     
  0.752248719337189     
  0.752248533571961     
  0.752248888998749     
  0.752248809513156     
  0.752248585805636     
  0.752248359647253     
  0.752248065099966     
  0.752247725964953     
  0.752247363672049     
  0.752246995139504     
  0.752246622735152     
  0.752246364839705     
  0.752246025380825     
  0.752245908254323     
  0.752245791030770     
  0.752245627273277     
  0.752245432064876     
  0.752245212302250     
  0.752245157806012     
  0.752244718700553     
  0.752244617235598     
  0.752244448268500     
  0.752244251942289     
  0.752244032488034     
  0.752243795579182     
  0.752243550148918     
  0.752243305608947     
  0.752243066152908     
  0.752242835312627     
  0.752242615339051     
  0.752242408403282     
  0.752242215929548     
  0.752242039613201     
  0.752241886986176     
  0.752241750280052     
  0.752241631414898     
  0.752241536187724     
  0.752241520559085     
  0.752241462842013     
  0.955635510001785     
  0.000000000000000E+000
  0.000000000000000E+000
  0.000000000000000E+000
  0.000000000000000E+000
  0.000000000000000E+000
  0.000000000000000E+000
  0.000000000000000E+000
  0.000000000000000E+000
  0.000000000000000E+000
  0.000000000000000E+000
  0.000000000000000E+000
  0.000000000000000E+000
  0.000000000000000E+000
  0.000000000000000E+000
  0.000000000000000E+000
  0.000000000000000E+000
  0.000000000000000E+000
  0.000000000000000E+000
  0.000000000000000E+000
  0.000000000000000E+000
  0.000000000000000E+000
  0.000000000000000E+000
  0.000000000000000E+000
  0.000000000000000E+000
  0.000000000000000E+000
  0.000000000000000E+000
  0.000000000000000E+000
  0.000000000000000E+000
  0.000000000000000E+000
  0.000000000000000E+000
  0.000000000000000E+000
  0.000000000000000E+000
  0.000000000000000E+000
  0.000000000000000E+000
  0.000000000000000E+000
  0.000000000000000E+000
  0.000000000000000E+000
  0.000000000000000E+000
  0.000000000000000E+000
  0.000000000000000E+000
  0.000000000000000E+000
  0.000000000000000E+000
  0.000000000000000E+000
  0.000000000000000E+000
  0.000000000000000E+000
  0.000000000000000E+000
  0.000000000000000E+000
  0.000000000000000E+000
  0.000000000000000E+000
  0.000000000000000E+000
  0.000000000000000E+000
  0.000000000000000E+000
  0.000000000000000E+000
  0.000000000000000E+000
  0.000000000000000E+000
  0.000000000000000E+000
  0.000000000000000E+000
  0.000000000000000E+000
  0.000000000000000E+000
  0.000000000000000E+000
  0.000000000000000E+000
  0.000000000000000E+000
  0.000000000000000E+000
  0.000000000000000E+000
  0.000000000000000E+000
  0.000000000000000E+000
  0.000000000000000E+000
  0.000000000000000E+000
  0.000000000000000E+000
  0.000000000000000E+000
  0.000000000000000E+000
  0.000000000000000E+000
  0.000000000000000E+000
  0.000000000000000E+000
  0.000000000000000E+000
  0.000000000000000E+000
  0.000000000000000E+000
  0.000000000000000E+000
  0.000000000000000E+000
  0.000000000000000E+000
  0.000000000000000E+000
  0.000000000000000E+000
  0.000000000000000E+000
  0.000000000000000E+000
  0.000000000000000E+000
  0.000000000000000E+000
  0.000000000000000E+000
  0.000000000000000E+000
  0.000000000000000E+000
  0.000000000000000E+000
  0.000000000000000E+000
  0.000000000000000E+000
  0.000000000000000E+000
  0.000000000000000E+000
  0.000000000000000E+000
  0.000000000000000E+000
  0.000000000000000E+000
  0.000000000000000E+000
  0.000000000000000E+000
  0.999259568069546     
  6.251629479209846E-002
  5.968689208582718E-002
  5.750916743528151E-002
  5.593924640873989E-002
  5.479271125821571E-002
  5.392173516355081E-002
  5.327021930673818E-002
  5.277042812964629E-002
  5.237546584003173E-002
  5.204599798362185E-002
  5.176565414121156E-002
  5.152009375144612E-002
  5.130546884322543E-002
  5.110347296243583E-002
  5.092207552413093E-002
  5.076065038890974E-002
  5.061970366312277E-002
  5.049554390929955E-002
  5.038772738063888E-002
  5.029268999201709E-002
  5.020968312952050E-002
  5.013346960490352E-002
  5.006774242348995E-002
  5.001093804062924E-002
  4.996088528660082E-002
  4.991647751309819E-002
  4.987552826978249E-002
  4.984009562469534E-002
  4.980827021456112E-002
  4.977968910219217E-002
  4.975364731839314E-002
  4.972935439114256E-002
  4.970577134600720E-002
  4.968512722248414E-002
  4.966692187898564E-002
  4.965092555881687E-002
  4.963724060269345E-002
  4.962555994845424E-002
  4.961550973484301E-002
  4.960734487548629E-002
  4.960057513232983E-002
  4.959384150969708E-002
  4.958780000611085E-002
  4.958297146551249E-002
  4.957829065159651E-002
  4.957336875892249E-002
  4.956912953249844E-002
  4.956550246315537E-002
  4.956251018961614E-002
  4.956023240099439E-002
  4.955827559991481E-002
  4.955687638396406E-002
  4.955571039930468E-002
  4.955473325147652E-002
  4.955396835601944E-002
  4.955345799016365E-002
  4.955314483286286E-002
  4.955290942025196E-002
  4.955290388586189E-002
  4.955296120288497E-002
  4.955308246458032E-002
  4.955326822981192E-002
  4.955291280301473E-002
  4.955299228860856E-002
  4.955321599612943E-002
  4.955344215452442E-002
  4.955373670179978E-002
  4.955407583681156E-002
  4.955443812972055E-002
  4.955480666225475E-002
  4.955517906660525E-002
  4.955543696206114E-002
  4.955577642093899E-002
  4.955589354744323E-002
  4.955601077098025E-002
  4.955617452849363E-002
  4.955636973688514E-002
  4.955658949951050E-002
  4.955664399574573E-002
  4.955708310122469E-002
  4.955718456617036E-002
  4.955735353326685E-002
  4.955754985947583E-002
  4.955776931372539E-002
  4.955800622256619E-002
  4.955825165285043E-002
  4.955849619282119E-002
  4.955873564885499E-002
  4.955896648913120E-002
  4.955918646270867E-002
  4.955939339849071E-002
  4.955958587221209E-002
  4.955976218857216E-002
  4.955991481558952E-002
  4.956005152170509E-002
  4.956017038686515E-002
  4.956026561404440E-002
  4.956028124268966E-002
  4.956033895976557E-002
  0.999996977966451     
