  0.135244959268016     
  0.134117528704370     
  0.133216439124689     
  0.132477683180124     
  0.131866379712234     
  0.131358538581200     
  0.130931152294577     
  0.130567686180687     
  0.130256773466888     
  0.129990523172856     
  0.129760442939604     
  0.129562380306308     
  0.129388502466051     
  0.129236357416246     
  0.129103416167046     
  0.128986409408301     
  0.128881503883628     
  0.128788488132642     
  0.128707021420303     
  0.128636341726722     
  0.128573793875003     
  0.128517744741538     
  0.128467068404721     
  0.128422517510853     
  0.128383106198216     
  0.128347921822824     
  0.128316403825934     
  0.128288401448248     
  0.128263486181054     
  0.128241402770352     
  0.128221787969736     
  0.128190502470262     
  0.128169448725387     
  0.128157363181721     
  0.128148921484007     
  0.128141137214491     
  0.128133800840685     
  0.128126610607756     
  0.128120406886212     
  0.128114247390178     
  0.128108807764058     
  0.128104026847883     
  0.128099442126087     
  0.128095195964693     
  0.128091294943997     
  0.128087711836434     
  0.128084443256683     
  0.128081442757887     
  0.128078691027286     
  0.128076138432864     
  0.128073911486077     
  0.128071845812272     
  0.128069931989173     
  0.128068184500566     
  0.128066584711028     
  0.128065116822472     
  0.128063771562281     
  0.128062536018380     
  0.128061412061518     
  0.128060381127595     
  0.128059306200568     
  0.128058532319368     
  0.128057776933177     
  0.128057035097671     
  0.128056346733533     
  0.128055714362532     
  0.128055126851237     
  0.128054587317524     
  0.128054084009669     
  0.128053620299881     
  0.128053185294198     
  0.128052823563889     
  0.128052457619506     
  0.128052130708849     
  0.128051837989029     
  0.128051569260413     
  0.128051325379973     
  0.128051151482070     
  0.128050968095025     
  0.128050801674201     
  0.128050652479802     
  0.128050517962443     
  0.128050394042707     
  0.128050285011329     
  0.128050187195525     
  0.128050100110559     
  0.128050021900948     
  0.128049954864377     
  0.128049891845734     
  0.128049834933296     
  0.128049785434648     
  0.128049742356806     
  0.128049702617272     
  0.128049673255101     
  0.128049650162824     
  0.128049638616148     
  0.128049643845911     
  0.128049653805917     
  0.128049688740325     
  0.134287344900728     
