  0.100089888710079     
  9.901012962613827E-002
  9.815287191338389E-002
  9.745577009511069E-002
  9.688665469906718E-002
  9.642074944900389E-002
  9.603462655104478E-002
  9.571048706770785E-002
  9.543750002789848E-002
  9.520820657107726E-002
  9.501376714833143E-002
  9.484981367989642E-002
  9.470820808940764E-002
  9.458666172965968E-002
  9.448277938324902E-002
  9.439332160010892E-002
  9.431443787731650E-002
  9.424606450442791E-002
  9.418788004566823E-002
  9.413915796792538E-002
  9.409703416291466E-002
  9.406001788643993E-002
  9.402705063787060E-002
  9.399900115097098E-002
  9.397492074808585E-002
  9.395391055186531E-002
  9.393550630971133E-002
  9.391960665525743E-002
  9.390587459541587E-002
  9.389409195508165E-002
  9.388394876759258E-002
  9.386186299566227E-002
  9.385038333416236E-002
  9.384797775922570E-002
  9.384861281819235E-002
  9.384898253907657E-002
  9.384906045456468E-002
  9.384861186598237E-002
  9.384857197392639E-002
  9.384800543243349E-002
  9.384773557676801E-002
  9.384770865226007E-002
  9.384746438921633E-002
  9.384720016987977E-002
  9.384695687943125E-002
  9.384675395250661E-002
  9.384659027080415E-002
  9.384646324172859E-002
  9.384637139774350E-002
  9.384630148527626E-002
  9.384626043090911E-002
  9.384622309039596E-002
  9.384620916386177E-002
  9.384622528425651E-002
  9.384627529972397E-002
  9.384634731186069E-002
  9.384644106854922E-002
  9.384655626861996E-002
  9.384669227165496E-002
  9.384684093990306E-002
  9.384687637910274E-002
  9.384716845906373E-002
  9.384740272581822E-002
  9.384757860199222E-002
  9.384774651022525E-002
  9.384791802443121E-002
  9.384808123131812E-002
  9.384824418590079E-002
  9.384839814593059E-002
  9.384854962697872E-002
  9.384869057614668E-002
  9.384885922001882E-002
  9.384899366016033E-002
  9.384913144721180E-002
  9.384926735644536E-002
  9.384939950110639E-002
  9.384953060439573E-002
  9.384969800118871E-002
  9.384983589030170E-002
  9.384995777382187E-002
  9.385007853619590E-002
  9.385019662229901E-002
  9.385030819445164E-002
  9.385041854888386E-002
  9.385052411653962E-002
  9.385062544772363E-002
  9.385072196323363E-002
  9.385081538899144E-002
  9.385090167786286E-002
  9.385098251775233E-002
  9.385105943592219E-002
  9.385113301113183E-002
  9.385119981878678E-002
  9.385126760499139E-002
  9.385133258676596E-002
  9.385140042121494E-002
  9.385147437206842E-002
  9.385154832778717E-002
  9.385162427817360E-002
  0.100090116409171     
