  0.597233565270853     
  0.594786006041165     
  0.592750731440846     
  0.591004956228378     
  0.589490970736145     
  0.588172572621803     
  0.587006685343482     
  0.585963351723526     
  0.585024706000403     
  0.584179946228328     
  0.583414068075271     
  0.582725536945830     
  0.582092737869539     
  0.581515021633210     
  0.580989816669436     
  0.580509723530796     
  0.580066629748964     
  0.579659766876861     
  0.579289041679415     
  0.578953253145507     
  0.578645368198982     
  0.578361773992105     
  0.578099636552500     
  0.577860216564646     
  0.577641236087414     
  0.577440686696485     
  0.577255805682538     
  0.577086456724461     
  0.576931267482738     
  0.576789312819565     
  0.576659524112861     
  0.576505256914218     
  0.576371701021532     
  0.576264456389817     
  0.576171260561159     
  0.576083978138496     
  0.576002091258416     
  0.575924415397352     
  0.575853084152417     
  0.575785265954103     
  0.575722500912404     
  0.575664527235600     
  0.575610223875076     
  0.575559497278824     
  0.575512561735114     
  0.575468644956148     
  0.575427933890624     
  0.575389962124804     
  0.575354662120189     
  0.575321738065149     
  0.575291340799673     
  0.575263012306395     
  0.575236687801186     
  0.575212177366719     
  0.575189423883584     
  0.575168284950010     
  0.575148667771377     
  0.575130436389371     
  0.575113549804073     
  0.575097867846183     
  0.575082971228785     
  0.575069565583146     
  0.575057059091218     
  0.575045341628449     
  0.575034458485980     
  0.575024385808069     
  0.575015036920706     
  0.575006381228456     
  0.574998348335398     
  0.574990909423523     
  0.574983990261434     
  0.574977860676477     
  0.574971967504665     
  0.574966574643193     
  0.574961616246902     
  0.574957045706699     
  0.574952840908076     
  0.574949254017166     
  0.574945808396919     
  0.574942603646981     
  0.574939664441238     
  0.574936969295856     
  0.574934494441216     
  0.574932235416821     
  0.574930172598508     
  0.574928285878592     
  0.574926566508741     
  0.574925001408154     
  0.574923572438734     
  0.574922272974754     
  0.574921098339672     
  0.574920037100239     
  0.574919079074224     
  0.574918233674260     
  0.574917490550406     
  0.574916858382245     
  0.574916363256490     
  0.574915939119378     
  0.574915649971374     
  0.574905091438956     
