    0.964564
    0.599031
    0.532934
    0.939006
    0.261837
    0.379103
    0.000000
    0.000000
    0.005437
    0.276136
    0.490820
    0.094636
    0.055071
    0.068586
    0.161603
    0.392498
    0.118166
    0.043781
    0.838053
    0.377314
    0.176532
    0.446154
    0.482857
    0.237485
    0.279658
    0.026661
    0.010256
    0.963083
    0.111697
    0.058158
    0.830145
    0.384537
    0.250155
    0.365308
    0.000000
    0.000000
    0.000000
    0.000000
    0.000000
    0.000000
    0.985059
    0.014941
    0.000000
    0.825335
    0.174587
    0.000079
    0.568802
    0.271467
    0.159731
    0.891505
    0.108495
    0.000000
    0.865858
    0.134122
    0.000020
    0.854979
    0.144658
    0.000363
    0.774866
    0.217759
    0.007376
    0.500711
    0.302593
    0.196697
