   8.15440810110595     
   8.12035862196718     
   8.08530804133711     
   8.05168977987279     
   8.02082018044299     
   7.99404994198171     
   7.96646049878301     
   7.94110695590498     
   7.91795075220576     
   7.89688157408392     
   7.87755172464842     
   7.86011755644935     
   7.84425494163013     
   7.82950893529587     
   7.81624045035045     
   7.80419915578280     
   7.79317530392263     
   7.78307673227830     
   7.77383793939018     
   7.76531480347506     
   7.75733408727906     
   7.74988083253485     
   7.74298893914412     
   7.73665593956550     
   7.73082450192689     
   7.72527833408016     
   7.72022803838580     
   7.71546913196765     
   7.71113630384596     
   7.70715859546718     
   7.70346344138438     
   7.69980171285230     
   7.69655737056338     
   7.69359236835222     
   7.69085944965302     
   7.68833734259383     
   7.68598305136797     
   7.68380071331796     
   7.68175872965563     
   7.67985906318942     
   7.67810143193745     
   7.67647329497264     
   7.67496467179608     
   7.67356651215777     
   7.67226774092636     
   7.67106066262257     
   7.66993846087614     
   7.66889349620071     
   7.66791949538540     
   7.66701448349638     
   7.66612404458514     
   7.66529026667445     
   7.66453043338225     
   7.66383485844763     
   7.66319200848250     
   7.66259587688875     
   7.66204273714376     
   7.66152943868712     
   7.66105206393987     
   7.66060915164055     
   7.66019633452447     
   7.65981317400060     
   7.65945841956322     
   7.65912985930014     
   7.65882561371794     
   7.65854397911898     
   7.65828324649959     
   7.65804200634094     
   7.65781890204309     
   7.65761266678369     
   7.65742223000473     
   7.65724606418560     
   7.65708347676983     
   7.65693343471369     
   7.65679505242065     
   7.65666756812358     
   7.65655008571895     
   7.65644191394508     
   7.65634235001669     
   7.65625079974261     
   7.65616662773442     
   7.65608931202995     
   7.65601833095940     
   7.65595319480509     
   7.65589351979892     
   7.65583878205710     
   7.65578855321741     
   7.65574249019673     
   7.65570020053121     
   7.65566132764281     
   7.65562560249622     
   7.65559271544636     
   7.65556134912779     
   7.65553258032981     
   7.65550601482279     
   7.65548104256696     
   7.65545712882294     
   7.65543289580415     
   7.65540272324559     
   5.87611930746775     
   7.38075075922287     
   7.36348073729515     
   7.34132686951578     
   7.31808098906046     
   7.29576466806477     
   7.27628515930676     
   7.25695081020546     
   7.24001386584009     
   7.22547218131385     
   7.21320224620490     
   7.20279340271326     
   7.19439131549572     
   7.18762433541090     
   7.18193094388618     
   7.17760153327452     
   7.17436975781190     
   7.17199072779303     
   7.17032598421225     
   7.16928375044455     
   7.16871447062669     
   7.16843773842461     
   7.16835486106372     
   7.16850809780041     
   7.16891995379056     
   7.16953355202223     
   7.17013410363310     
   7.17093170221897     
   7.17171996429986     
   7.17263403227141     
   7.17363836105380     
   7.17467942144324     
   7.17547624253437     
   7.17646221906030     
   7.17751305043934     
   7.17858764090269     
   7.17967621882256     
   7.18075223295302     
   7.18182568344444     
   7.18287161044805     
   7.18389924400523     
   7.18491819111547     
   7.18592125034140     
   7.18690891792508     
   7.18787369601328     
   7.18881180480013     
   7.18972193436381     
   7.19060316428485     
   7.19145356649767     
   7.19227294813432     
   7.19306307433310     
   7.19376688838196     
   7.19443946296599     
   7.19510600923338     
   7.19576049508687     
   7.19639423258985     
   7.19700468526302     
   7.19759174783838     
   7.19815580086972     
   7.19869613290585     
   7.19921476455254     
   7.19970996043320     
   7.20018440280978     
   7.20063967170271     
   7.20107613208936     
   7.20149433480868     
   7.20189489603384     
   7.20227832139626     
   7.20264528194241     
   7.20299639578656     
   7.20333225791459     
   7.20365358237561     
   7.20396054809106     
   7.20425400954150     
   7.20453443642781     
   7.20480235030102     
   7.20505833940557     
   7.20530277857024     
   7.20553616942471     
   7.20575893483984     
   7.20597156320067     
   7.20617442089152     
   7.20636794177619     
   7.20655250619997     
   7.20672848545856     
   7.20689629035841     
   7.20705617605710     
   7.20720841829557     
   7.20735334450792     
   7.20749121228332     
   7.20762226465203     
   7.20774678260858     
   7.20786499325555     
   7.20797593176547     
   7.20808135333776     
   7.20818124892167     
   7.20827539954069     
   7.20836362285479     
   7.20844492133271     
   7.20851449221096     
   52.5028293404889     
   10.3802350283146     
   10.3442766228769     
   10.3183028018183     
   10.3023978236378     
   10.2971025693246     
   10.3031716527744     
   10.2946533805151     
   10.2837923563546     
   10.2706653926953     
   10.2555093058662     
   10.2385292406975     
   10.2200613631404     
   10.2000649166371     
   10.1788646442077     
   10.1572507094361     
   10.1352013450673     
   10.1127518066005     
   10.0902054793107     
   10.0677490047198     
   10.0453847513859     
   10.0231093000938     
   10.0014626578153     
   9.98053152307098     
   9.96027412415217     
   9.94072906537799     
   9.92178554481743     
   9.90371863693917     
   9.88644237759033     
   9.87015489700700     
   9.85467398341897     
   9.83983012741613     
   9.82567916026472     
   9.81234440538473     
   9.79968542420606     
   9.78768208477943     
   9.77630547696329     
   9.76539351922596     
   9.75499471095338     
   9.74508220467020     
   9.73565359019736     
   9.72668604261588     
   9.71816983747412     
   9.71006512607332     
   9.70238408536844     
   9.69510087602467     
   9.68819637968661     
   9.68165365586033     
   9.67545464166833     
   9.66957892530193     
   9.66402251012842     
   9.65876893117283     
   9.65379943731196     
   9.64909992720927     
   9.64465558350484     
   9.64045368873406     
   9.63648209958237     
   9.63272909401580     
   9.62918325358239     
   9.62583362435235     
   9.62266923224281     
   9.61968077165618     
   9.61685909127252     
   9.61419543380507     
   9.61168113199849     
   9.60930818010867     
   9.60706891284503     
   9.60495585003936     
   9.60296215529613     
   9.60108127131844     
   9.59930702781026     
   9.59763354665371     
   9.59605467480977     
   9.59456563239459     
   9.59316132201091     
   9.59183707081568     
   9.59058840630415     
   9.58941095578806     
   9.58830077142315     
   9.58725408309370     
   9.58626727311276     
   9.58533697574046     
   9.58446002482185     
   9.58363341006713     
   9.58285423294494     
   9.58211994207401     
   9.58142781138603     
   9.58077551980159     
   9.58016090008651     
   9.57958175627817     
   9.57903612230185     
   9.57852230737744     
   9.57803858314382     
   9.57758328757350     
   9.57715503565142     
   9.57675272838624     
   9.57637502552528     
   9.57602086962771     
   9.57568832424682     
   9.57536901404012     
   199.864209557866     
                     NaN
                     NaN
                     NaN
                     NaN
                     NaN
                     NaN
                     NaN
                     NaN
                     NaN
                     NaN
                     NaN
                     NaN
                     NaN
                     NaN
                     NaN
                     NaN
                     NaN
                     NaN
                     NaN
                     NaN
                     NaN
                     NaN
                     NaN
                     NaN
                     NaN
                     NaN
                     NaN
                     NaN
                     NaN
                     NaN
                     NaN
                     NaN
                     NaN
                     NaN
                     NaN
                     NaN
                     NaN
                     NaN
                     NaN
                     NaN
                     NaN
                     NaN
                     NaN
                     NaN
                     NaN
                     NaN
                     NaN
                     NaN
                     NaN
                     NaN
                     NaN
                     NaN
                     NaN
                     NaN
                     NaN
                     NaN
                     NaN
                     NaN
                     NaN
                     NaN
                     NaN
                     NaN
                     NaN
                     NaN
                     NaN
                     NaN
                     NaN
                     NaN
                     NaN
                     NaN
                     NaN
                     NaN
                     NaN
                     NaN
                     NaN
                     NaN
                     NaN
                     NaN
                     NaN
                     NaN
                     NaN
                     NaN
                     NaN
                     NaN
                     NaN
                     NaN
                     NaN
                     NaN
                     NaN
                     NaN
                     NaN
                     NaN
                     NaN
                     NaN
                     NaN
                     NaN
                     NaN
                     NaN
                     NaN
   524.585677635960     
