  0.378049155334644     
  0.377654828490384     
  0.377279356948657     
  0.376923752252191     
  0.376585649698526     
  0.376531997455656     
  0.376250868337877     
  0.375983838877675     
  0.375728338241543     
  0.375486108879711     
  0.375256192816487     
  0.375043448518373     
  0.374839226045036     
  0.374646991363563     
  0.374466359345614     
  0.374297199867478     
  0.374137232044683     
  0.373987504350467     
  0.373846570931381     
  0.373714057374338     
  0.373590037496140     
  0.373474447140422     
  0.373366191864212     
  0.373264781540813     
  0.373169156131364     
  0.373080646860037     
  0.372997828255173     
  0.372920350824094     
  0.372848050976818     
  0.372781924164902     
  0.372718990110914     
  0.372660047102406     
  0.372605082330633     
  0.372553763291020     
  0.372505792227903     
  0.372462642513640     
  0.372420953159270     
  0.372381136274659     
  0.372345477141056     
  0.372311431623264     
  0.372279872341218     
  0.372250318926533     
  0.372222695341537     
  0.372196928505559     
  0.372172867224701     
  0.372150415871154     
  0.372129471303513     
  0.372109925569817     
  0.372091703607846     
  0.372074714055987     
  0.372058771826428     
  0.372044031252872     
  0.372030301232801     
  0.372017497888346     
  0.372005555021190     
  0.371994410973089     
  0.371984011687892     
  0.371974302646879     
  0.371965227654731     
  0.371956780959400     
  0.371948908887965     
  0.371941563233956     
  0.371934714013713     
  0.371928324070523     
  0.371922361803305     
  0.371916799162443     
  0.371911613398916     
  0.371906776205402     
  0.371902271989432     
  0.371898063793744     
  0.371894146912745     
  0.371890498220652     
  0.371887097628575     
  0.371883934042276     
  0.371880982997156     
  0.371878236596435     
  0.371875682817433     
  0.371873304866625     
  0.371871091405684     
  0.371869035793047     
  0.371867122487304     
  0.371865344464584     
  0.371863692341298     
  0.371862157382155     
  0.371860729600302     
  0.371859405151273     
  0.371858174684514     
  0.371857032495499     
  0.371855973588587     
  0.371854990128776     
  0.371854076641842     
  0.371853228761909     
  0.371852442070276     
  0.371851709834493     
  0.371851031834767     
  0.371850395346817     
  0.371849801898330     
  0.371849253681612     
  0.371848756822482     
  0.371843061314288     
