  0.777590690381883     
  0.777088459160891     
  0.776666808308706     
  0.776301129474733     
  0.775985390877567     
  0.776193874140086     
  0.775973238575867     
  0.775785010219392     
  0.775617904268175     
  0.775472787581874     
  0.775344941657134     
  0.775240310554810     
  0.775140495418009     
  0.775054176467645     
  0.774977296922266     
  0.774911968280804     
  0.774851495200240     
  0.774799443761674     
  0.774751460243241     
  0.774709103814069     
  0.774672457359958     
  0.774638672282532     
  0.774608049731886     
  0.774580664775966     
  0.774556875789986     
  0.774534996585001     
  0.774515449911973     
  0.774498070563104     
  0.774482321001021     
  0.774470975856916     
  0.774458428154208     
  0.774447335612235     
  0.774437199449970     
  0.774428048989283     
  0.774419813140235     
  0.774415717531471     
  0.774409261064889     
  0.774402248410630     
  0.774398187884294     
  0.774393554275969     
  0.774391142478881     
  0.774387478247810     
  0.774384064100174     
  0.774381008548963     
  0.774378262423768     
  0.774375784582734     
  0.774373537663073     
  0.774371509547109     
  0.774369643069593     
  0.774367933967471     
  0.774366442540720     
  0.774365076610878     
  0.774363816546300     
  0.774362662571322     
  0.774361605860125     
  0.774360637742485     
  0.774359749432630     
  0.774358936234905     
  0.774358197015120     
  0.774357511729779     
  0.774356878573309     
  0.774356296685865     
  0.774355757951934     
  0.774355261995628     
  0.774354804266240     
  0.774354381018911     
  0.774353989038448     
  0.774353627345501     
  0.774353290276267     
  0.774352978702540     
  0.774352689980742     
  0.774352422150262     
  0.774352172365826     
  0.774351938468111     
  0.774351723894830     
  0.774351523861177     
  0.774351336341923     
  0.774351162049189     
  0.774351001018323     
  0.774350849195641     
  0.774350708294157     
  0.774350577300256     
  0.774350454662581     
  0.774350341740823     
  0.774350236493831     
  0.774350138255002     
  0.774350047801764     
  0.774349965180830     
  0.774349887368321     
  0.774349817127919     
  0.774349755225260     
  0.774349701937710     
  0.774349656084749     
  0.774349623247566     
  0.774349602701863     
  0.774349603416608     
  0.774349636669887     
  0.774349706026603     
  0.774349813681543     
  0.774348637833612     
