  0.328859279207005     
  0.324798325969354     
  0.320756825522960     
  0.316639533052856     
  0.312368202724136     
  0.311476450962990     
  0.307608560585298     
  0.303965271161749     
  0.300504271798403     
  0.297230843406400     
  0.294135036495116     
  0.291246920659375     
  0.288492678260677     
  0.285895341523231     
  0.283446879440519     
  0.281161557120309     
  0.278993777069534     
  0.276954934411088     
  0.275037928130881     
  0.273236706609692     
  0.271543842183127     
  0.269950544899282     
  0.268451245497434     
  0.267040787311343     
  0.265713411495741     
  0.264463375138709     
  0.263285692379793     
  0.262174548987967     
  0.261124898563022     
  0.260154667488628     
  0.259221855699170     
  0.258339982863094     
  0.257507765541598     
  0.256721764687043     
  0.255978635238386     
  0.255300149352839     
  0.254639165702730     
  0.254015906165205     
  0.253428084327568     
  0.252873683274314     
  0.252350866245276     
  0.251857797338182     
  0.251392904587356     
  0.250954393651810     
  0.250540780345431     
  0.250150654453071     
  0.249782678965315     
  0.249435596352232     
  0.249108255097735     
  0.248799458405997     
  0.248507934131237     
  0.248232920185355     
  0.247973571847310     
  0.247728976346186     
  0.247498271047208     
  0.247280663246021     
  0.247075411278234     
  0.246881817419584     
  0.246699218384940     
  0.246527004423727     
  0.246364575357433     
  0.246211388983335     
  0.246066926409706     
  0.245930694821575     
  0.245802229264605     
  0.245681091715958     
  0.245566869508186     
  0.245459172106461     
  0.245357631791667     
  0.245261900844888     
  0.245171651830619     
  0.245086576548239     
  0.245006382064786     
  0.244930792652244     
  0.244859547391407     
  0.244792400898722     
  0.244729121522269     
  0.244669489720037     
  0.244613297827035     
  0.244560350958906     
  0.244510463794678     
  0.244463461600088     
  0.244419179029438     
  0.244377460310943     
  0.244338157216790     
  0.244301130542734     
  0.244266247109504     
  0.244233380787198     
  0.244202412468771     
  0.244173227963892     
  0.244145717895936     
  0.244119778038453     
  0.244095304968007     
  0.244072203978709     
  0.244050377547094     
  0.244029728734463     
  0.244010158672893     
  0.243991567666337     
  0.243973878731662     
  0.000000000000000E+000
