  9.885310439693588E-002
  9.863558604153763E-002
  9.845341834757393E-002
  9.829576223615126E-002
  9.815987496494123E-002
  9.824967820085885E-002
  9.815394383519414E-002
  9.807292360350964E-002
  9.800107329663578E-002
  9.793873578375865E-002
  9.788382320747997E-002
  9.783894995761239E-002
  9.779614477506292E-002
  9.775916272180885E-002
  9.772623312494848E-002
  9.769825547488727E-002
  9.767237444535724E-002
  9.765010409226683E-002
  9.762958592253229E-002
  9.761146967615136E-002
  9.759586341367144E-002
  9.758136891839482E-002
  9.756829052142001E-002
  9.755659764457547E-002
  9.754643754114721E-002
  9.753710016380353E-002
  9.752875823954468E-002
  9.752134475416080E-002
  9.751462794020122E-002
  9.750978024737533E-002
  9.750442671031551E-002
  9.749970215201757E-002
  9.749538405823807E-002
  9.749148570841651E-002
  9.748797747967120E-002
  9.748622355944953E-002
  9.748347592185425E-002
  9.748049094505488E-002
  9.747879591203112E-002
  9.747679750274627E-002
  9.747585320311937E-002
  9.747422060345243E-002
  9.747276773505893E-002
  9.747147038479571E-002
  9.747030511447834E-002
  9.746925365808370E-002
  9.746830092586198E-002
  9.746744151085002E-002
  9.746665194611620E-002
  9.746592987393723E-002
  9.746530204103579E-002
  9.746471881977499E-002
  9.746418634361788E-002
  9.746369988732975E-002
  9.746325425168254E-002
  9.746284622872563E-002
  9.746247247330395E-002
  9.746213172950768E-002
  9.746182147412723E-002
  9.746153365984347E-002
  9.746126865868694E-002
  9.746102545627741E-002
  9.746079958079404E-002
  9.746059216949653E-002
  9.746040062911784E-002
  9.746022398494013E-002
  9.746006041999632E-002
  9.745990954275217E-002
  9.745976817559217E-002
  9.745963822784606E-002
  9.745951791393800E-002
  9.745940563613731E-002
  9.745930140488879E-002
  9.745920293607120E-002
  9.745911316649825E-002
  9.745902961996594E-002
  9.745895000629912E-002
  9.745887693046004E-002
  9.745880939007608E-002
  9.745874519085232E-002
  9.745868579360922E-002
  9.745863015042266E-002
  9.745857805367539E-002
  9.745852997745724E-002
  9.745848516071290E-002
  9.745844341792619E-002
  9.745840473645301E-002
  9.745836949552472E-002
  9.745833566889139E-002
  9.745830551879808E-002
  9.745827883468859E-002
  9.745825538654229E-002
  9.745823565884210E-002
  9.745822117890891E-002
  9.745821169593168E-002
  9.745821143373561E-002
  9.745822510526402E-002
  9.745825365014391E-002
  9.745829843065357E-002
  9.885288465961566E-002
