  0.133707902433149     
  0.133465234303824     
  0.133258770482524     
  0.133078181426388     
  0.132920024456834     
  0.132991181556692     
  0.132879241996559     
  0.132783526602101     
  0.132697661274450     
  0.132621851241161     
  0.132554011984309     
  0.132496825485431     
  0.132442392320882     
  0.132394320491919     
  0.132350801286915     
  0.132312760351412     
  0.132277363252637     
  0.132246037758732     
  0.132217027555633     
  0.132190904556022     
  0.132167816433996     
  0.132146303701293     
  0.132126645073712     
  0.132108746983618     
  0.132092707890185     
  0.132077971340243     
  0.132064530779577     
  0.132052359260604     
  0.132041153001246     
  0.132032096529182     
  0.132022822936193     
  0.132014483185206     
  0.132006734635775     
  0.131999609436105     
  0.131993072013788     
  0.131988494154194     
  0.131983127583217     
  0.131977727538541     
  0.131973703214336     
  0.131969538412802     
  0.131966542607820     
  0.131963010985342     
  0.131959803500158     
  0.131956871302658     
  0.131954177411928     
  0.131951699117141     
  0.131949415592803     
  0.131947313266658     
  0.131945363901828     
  0.131943556716232     
  0.131941937222454     
  0.131940418052544     
  0.131939024479432     
  0.131937733213857     
  0.131936533803687     
  0.131935421446550     
  0.131934390140571     
  0.131933436112218     
  0.131932551884391     
  0.131931727230157     
  0.131930961641300     
  0.131930251543661     
  0.131929589524485     
  0.131928973931294     
  0.131928401010150     
  0.131927868473564     
  0.131927372147170     
  0.131926910176133     
  0.131926477691854     
  0.131926077143470     
  0.131925703088340     
  0.131925353805236     
  0.131925028787198     
  0.131924723797022     
  0.131924441867874     
  0.131924178707367     
  0.131923931545038     
  0.131923702369001     
  0.131923489290219     
  0.131923289484030     
  0.131923103747346     
  0.131922930501286     
  0.131922768783841     
  0.131922618886576     
  0.131922479480512     
  0.131922349901691     
  0.131922229453051     
  0.131922118506084     
  0.131922014448045     
  0.131921919457731     
  0.131921832787715     
  0.131921753929236     
  0.131921683391089     
  0.131921622219702     
  0.131921569997813     
  0.131921530750586     
  0.131921509237011     
  0.131921506783385     
  0.131921528669120     
  0.133315707550840     
