   1.33225836755968     
   1.33129705705044     
   1.33036840158752     
   1.32949209175238     
   1.32864080405034     
   1.32789985895467     
   1.32730805664833     
   1.32674771669345     
   1.32621278729588     
   1.32569820663011     
   1.32520759027587     
   1.32473387036836     
   1.32428960937508     
   1.32386584324435     
   1.32346122857242     
   1.32307654745138     
   1.32271281369410     
   1.32236671984668     
   1.32204198970712     
   1.32173597962535     
   1.32144976926472     
   1.32118153483145     
   1.32092995167958     
   1.32069270621225     
   1.32046792504195     
   1.32026147717945     
   1.32006652407954     
   1.31988458532970     
   1.31971290911880     
   1.31955196495335     
   1.31940209568910     
   1.31926382436188     
   1.31913263110392     
   1.31900924656763     
   1.31889341668086     
   1.31878544756209     
   1.31868523723524     
   1.31859287964627     
   1.31850377089144     
   1.31842099449845     
   1.31834244089064     
   1.31826992683544     
   1.31820284115726     
   1.31814031572753     
   1.31808185922828     
   1.31802729570959     
   1.31797638477545     
   1.31792883379843     
   1.31788443976578     
   1.31784292842175     
   1.31780468856909     
   1.31776920710189     
   1.31773622281654     
   1.31770537913444     
   1.31767654861122     
   1.31764961569556     
   1.31762446210482     
   1.31760096810207     
   1.31757901101847     
   1.31755850671437     
   1.31753938383426     
   1.31752153301593     
   1.31750485484387     
   1.31748926530064     
   1.31747469767960     
   1.31746108672357     
   1.31744837113159     
   1.31743649098642     
   1.31742539362312     
   1.31741503033492     
   1.31740535291163     
   1.31739631772333     
   1.31738788784429     
   1.31738002066417     
   1.31737267965515     
   1.31736583239773     
   1.31735944675879     
   1.31735349536459     
   1.31734794851963     
   1.31734278214718     
   1.31733797073722     
   1.31733348960684     
   1.31732932161794     
   1.31732544435145     
   1.31732184144297     
   1.31731849610326     
   1.31731538761394     
   1.31731250817808     
   1.31730983900267     
   1.31730736925484     
   1.31730508726990     
   1.31730298255197     
   1.31730104832487     
   1.31729927193421     
   1.31729764829236     
   1.31729616943008     
   1.31729482440779     
   1.31729365244408     
   1.31729279085287     
   1.31727599106726     
