  0.585016369058979     
  0.584254605042623     
  0.583574316132088     
  0.582949281070070     
  0.582376551622718     
  0.581998646064010     
  0.581583822870286     
  0.581209714398646     
  0.580866000612765     
  0.580551954794543     
  0.580263055524571     
  0.580001739884544     
  0.579756220046470     
  0.579531691109795     
  0.579323392707256     
  0.579131919349942     
  0.578953991224626     
  0.578791131567385     
  0.578638534628716     
  0.578497731368616     
  0.578369060825211     
  0.578247635340738     
  0.578134640398349     
  0.578029731297681     
  0.577933734718709     
  0.577843381252554     
  0.577759547469597     
  0.577681872102579     
  0.577609344410462     
  0.577542832757860     
  0.577480495867015     
  0.577422863894401     
  0.577368918887630     
  0.577318647678992     
  0.577271857115836     
  0.577229478966164     
  0.577189511917253     
  0.577151003765638     
  0.577117797200996     
  0.577085638664260     
  0.577058028853981     
  0.577030306035637     
  0.577004583689893     
  0.576980701184493     
  0.576958501891514     
  0.576937860778188     
  0.576918654908909     
  0.576900806119734     
  0.576884157408157     
  0.576868641727376     
  0.576854390362276     
  0.576841018520907     
  0.576828580432950     
  0.576817002862443     
  0.576806221834649     
  0.576796185373734     
  0.576786842418160     
  0.576778156037777     
  0.576770087332110     
  0.576762561632770     
  0.576755551896572     
  0.576749032633372     
  0.576742961284930     
  0.576737312507483     
  0.576732061052953     
  0.576727176279087     
  0.576722633465228     
  0.576718411284972     
  0.576714477216184     
  0.576710829915781     
  0.576707438091087     
  0.576704285233225     
  0.576701358478929     
  0.576698632787346     
  0.576696112148636     
  0.576693770347679     
  0.576691592878495     
  0.576689575423826     
  0.576687707196040     
  0.576685971173388     
  0.576684364597991     
  0.576682875068186     
  0.576681494665344     
  0.576680218734255     
  0.576679041218761     
  0.576677950608901     
  0.576676944744159     
  0.576676020506421     
  0.576675163669095     
  0.576674380196548     
  0.576673664005850     
  0.576673012995455     
  0.576672422236171     
  0.576671898220845     
  0.576671433392379     
  0.576671045762257     
  0.576670743473090     
  0.576670531663535     
  0.576670406991716     
  0.576663891241163     
