  0.387366052630269     
  0.386955410164032     
  0.386542617263393     
  0.386130415006323     
  0.385719670786128     
  0.385313348878891     
  0.384903824589641     
  0.384496410782294     
  0.384097145570135     
  0.383696521024375     
  0.383294301010837     
  0.382895511350988     
  0.382500053966908     
  0.382108445053068     
  0.381721366590602     
  0.381341031644760     
  0.380964730414521     
  0.380591451991265     
  0.380220758449351     
  0.379852690864040     
  0.379504610324664     
  0.379142948742893     
  0.378781733226813     
  0.378421213942402     
  0.378060259911757     
  0.377703975768972     
  0.377343663081695     
  0.376987585288418     
  0.376636985242598     
  0.376291635738471     
  0.375957144981168     
  0.375623500685239     
  0.375296772656248     
  0.374974682430954     
  0.374659169630439     
  0.374348180355019     
  0.374067087119543     
  0.373774025955110     
  0.373496761524148     
  0.373223233059149     
  0.372957589263514     
  0.372700016323239     
  0.372442033999762     
  0.372175210234532     
  0.371910424231399     
  0.371649279441832     
  0.371392664479829     
  0.371140946669905     
  0.370894112417526     
  0.370637572542546     
  0.370406284238724     
  0.370180505836277     
