  0.561148197029116     
  0.560893676565823     
  0.560635570218642     
  0.560374324298326     
  0.560110516879376     
  0.559847125178126     
  0.559572017980180     
  0.559297313040276     
  0.559026473839233     
  0.558751149324768     
  0.558471229925527     
  0.558190270924815     
  0.557906898996211     
  0.557621421196659     
  0.557342449541751     
  0.557068603737234     
  0.556793372910003     
  0.556519736808593     
  0.556240182666838     
  0.555970435585176     
  0.555709464382623     
  0.555433389859621     
  0.555150268397818     
  0.554865554620153     
  0.554576453736497     
  0.554286503009477     
  0.553988665323930     
  0.553692737099459     
  0.553398794137568     
  0.553108489951653     
  0.552828649071489     
  0.552548042120520     
  0.552273475155744     
  0.552002862084427     
  0.551738200616700     
  0.551474745023756     
  0.551213513390179     
  0.550964108559949     
  0.550737461403085     
  0.550513724039926     
  0.550301235399824     
  0.550101493940365     
  0.549895453973680     
  0.549668673824317     
  0.549442201515933     
  0.549218437616980     
  0.548998921087527     
  0.548785171211122     
  0.548576636075594     
  0.548422742640545     
  0.548160226365820     
  0.547983439099088     
