   1.16518166852870     
   1.16143366108678     
   1.15767675801790     
   1.15394775861037     
   1.15023958094394     
   1.14662487884501     
   1.14288027948576     
   1.13910877553834     
   1.13540828938184     
   1.13168114597762     
   1.12791675281336     
   1.12417786826437     
   1.12046248459066     
   1.11676672631567     
   1.11312514415997     
   1.10954743766744     
   1.10600658778631     
   1.10250262526382     
   1.09900899865975     
   1.09558127481994     
   1.09242438266632     
   1.08899963134888     
   1.08548297629173     
   1.08196202054317     
   1.07841248817902     
   1.07490595370032     
   1.07131119116006     
   1.06773587581546     
   1.06419905758522     
   1.06070754258679     
   1.05730681372108     
   1.05387396888403     
   1.05048355710913     
   1.04712404830626     
   1.04379095687850     
   1.04044942043004     
   1.03739586628638     
   1.03422411723387     
   1.03120172681273     
   1.02820355620875     
   1.02535681420102     
   1.02264338728501     
   1.01989771692189     
   1.01692649910763     
   1.01396399205766     
   1.01101463011132     
   1.00807358488274     
   1.00513419463869     
   1.00224372353942     
  0.999138181290249     
  0.996542156666871     
  0.993816043793036     
