  8.243749080458568E-002
  8.251724253661966E-002
  8.259552951718596E-002
  8.266857366206976E-002
  8.274434785913284E-002
  8.281350338195498E-002
  8.288269183186309E-002
  8.296158629971082E-002
  8.303996487233012E-002
  8.311921199186134E-002
  8.320107894843595E-002
  8.328174445788353E-002
  8.336011451217398E-002
  8.343688556771323E-002
  8.352151708112171E-002
  8.360823007452906E-002
  8.369373911316447E-002
  8.378040299117129E-002
  8.386227579031311E-002
  8.395012884716124E-002
  8.401706722856525E-002
  8.410354285007646E-002
  8.419834221286213E-002
  8.429547735416790E-002
  8.439613722025560E-002
  8.449411576803087E-002
  8.459894711725480E-002
  8.470557389160069E-002
  8.481344159386170E-002
  8.492471297587495E-002
  8.503896325390783E-002
  8.516152555835438E-002
  8.528891334378511E-002
  8.541915062555366E-002
  8.555003273090198E-002
  8.568740337946870E-002
  8.578794804375897E-002
  8.592342734225564E-002
  8.606897578855185E-002
  8.621853524883677E-002
  8.635611296983878E-002
  8.648623741827555E-002
  8.662337067531617E-002
  8.677192092072272E-002
  8.692065178301750E-002
  8.706712021715640E-002
  8.721118156233376E-002
  8.735236425779930E-002
  8.748725326950030E-002
  8.767341365365888E-002
  8.775124669647855E-002
  8.785822618403050E-002
