  2.059470536128319E-002
  2.069497780532038E-002
  2.079700745821123E-002
  2.089843278924420E-002
  2.100021710472259E-002
  2.109861777384878E-002
  2.119975896484722E-002
  2.130132097365503E-002
  2.139971109447112E-002
  2.149895684905060E-002
  2.160036668706056E-002
  2.170085772929970E-002
  2.179997739921005E-002
  2.189767491438933E-002
  2.199518429697779E-002
  2.209071865920066E-002
  2.218471232511318E-002
  2.227836645894169E-002
  2.237099350379836E-002
  2.246291617945516E-002
  2.254470855695043E-002
  2.263476513458131E-002
  2.272601609022775E-002
  2.281760000090528E-002
  2.291077085038621E-002
  2.300140703386751E-002
  2.309550851748261E-002
  2.318920198153296E-002
  2.328113360923599E-002
  2.337136157587931E-002
  2.345740049840223E-002
  2.354440526753302E-002
  2.362919628962858E-002
  2.371212481752744E-002
  2.379470077377923E-002
  2.387688113763095E-002
  2.394472428304449E-002
  2.402078325834024E-002
  2.409163736861289E-002
  2.416253290779835E-002
  2.422834286884459E-002
  2.429055728094355E-002
  2.435329090112040E-002
  2.442270480702814E-002
  2.449308210072404E-002
  2.456516912962412E-002
  2.463977937790284E-002
  2.472043942563938E-002
  2.480222234730099E-002
  2.488788568722289E-002
  2.496776646100395E-002
  2.506309772980883E-002
