  0.999999998663747     
  0.999999998658128     
  0.999999998652469     
  0.999999998646770     
  0.999999998640969     
  0.999999998635202     
  0.999999998629146     
  0.999999998622954     
  0.999999998616681     
  0.999999998610250     
  0.999999998603681     
  0.999999998597020     
  0.999999998590243     
  0.999999998583331     
  0.999999998576341     
  0.999999998569268     
  0.999999998562066     
  0.999999998554772     
  0.999999998547337     
  0.999999998539842     
  0.999999998532567     
  0.999999998524685     
  0.999999998516418     
  0.999999998507959     
  0.999999998499270     
  0.999999998490438     
  0.999999998481247     
  0.999999998471844     
  0.999999998462272     
  0.999999998452528     
  0.999999998442651     
  0.999999998432463     
  0.999999998422051     
  0.999999998411378     
  0.999999998400494     
  0.999999998389263     
  0.999999998378185     
  0.999999998366647     
  0.999999998355136     
  0.999999998343402     
  0.999999998332044     
  0.999999998320883     
  0.999999998309409     
  0.999999998297182     
  0.999999998284835     
  0.999999998272426     
  0.999999998259967     
  0.999999998247520     
  0.999999998235232     
  0.999999998223546     
  0.999999998210894     
  0.999999998199615     
