  0.554102709059380     
  0.554032755208155     
  0.556905878103592     
  0.556886076075381     
  0.556863878657929     
  0.556783773102921     
  0.559588392990017     
  0.559493354313720     
  0.559374927381543     
  0.559253267238912     
  0.561993148105656     
  0.561867970955482     
  0.561731568293519     
  0.561576853831133     
  0.564215512133536     
  0.564054392830500     
  0.563886145951448     
  0.563683787235590     
  0.566297762531918     
  0.566193668669171     
  0.566186268614259     
  0.566124266470392     
  0.565975594529070     
  0.568605600213044     
  0.568494763146700     
  0.568388773549452     
  0.568331101377547     
  0.571101586250575     
  0.571056477348613     
  0.571013747279923     
  0.571051829551211     
  0.574164345109716     
  0.574330249143497     
  0.574541480940633     
  0.574822758581375     
  0.578595231441476     
  0.579104400438918     
  0.579744070969069     
  0.580466044135880     
  0.585136727391741     
  0.586085984269847     
  0.587191017927339     
  0.588381852975230     
  0.589598221561250     
  0.595482844489069     
  0.596883920463301     
  0.598301696038092     
  0.599722142360899     
  0.606233685949630     
  0.607575273495648     
  0.608846966496329     
  0.610060403914146     
  0.000000000000000E+000
  0.000000000000000E+000
  0.000000000000000E+000
  0.000000000000000E+000
  0.000000000000000E+000
  0.000000000000000E+000
  0.000000000000000E+000
  0.000000000000000E+000
  0.000000000000000E+000
  0.000000000000000E+000
  0.000000000000000E+000
  0.000000000000000E+000
  0.000000000000000E+000
  0.000000000000000E+000
  0.000000000000000E+000
  0.000000000000000E+000
  0.000000000000000E+000
  0.000000000000000E+000
  0.000000000000000E+000
  0.000000000000000E+000
  0.000000000000000E+000
  0.000000000000000E+000
  0.000000000000000E+000
  0.000000000000000E+000
  0.000000000000000E+000
  0.000000000000000E+000
  0.000000000000000E+000
  0.000000000000000E+000
  0.000000000000000E+000
  0.000000000000000E+000
  0.000000000000000E+000
  0.000000000000000E+000
  0.000000000000000E+000
  0.000000000000000E+000
  0.000000000000000E+000
  0.000000000000000E+000
  0.000000000000000E+000
  0.000000000000000E+000
  0.000000000000000E+000
  0.000000000000000E+000
  0.000000000000000E+000
  0.000000000000000E+000
  0.000000000000000E+000
  0.000000000000000E+000
  0.000000000000000E+000
  0.000000000000000E+000
  0.000000000000000E+000
  0.000000000000000E+000
  0.000000000000000E+000
  0.000000000000000E+000
  0.000000000000000E+000
  0.000000000000000E+000
  0.445897277983629     
  0.445967231739372     
  0.443094109141002     
  0.443113911074856     
  0.443136108396130     
  0.443216213854226     
  0.440411594267952     
  0.440506632844115     
  0.440625059673965     
  0.440746719711970     
  0.438006839154107     
  0.438132016202187     
  0.438268418759988     
  0.438423133116097     
  0.435784475133603     
  0.435945594334383     
  0.436113841109402     
  0.436316199721016     
  0.433702224757544     
  0.433806318521473     
  0.433813718484513     
  0.433875720526127     
  0.434024392355629     
  0.431394387013839     
  0.431505223969727     
  0.431611213453228     
  0.431668885508759     
  0.428898400988882     
  0.428943509779549     
  0.428986239735042     
  0.428948157345738     
  0.425835642149498     
  0.425669737997993     
  0.425458506079148     
  0.425177228313786     
  0.421404755827539     
  0.420895586711132     
  0.420255916059111     
  0.419533942769384     
  0.414863259909699     
  0.413914002923200     
  0.412808969159279     
  0.411618133991787     
  0.410401765277840     
  0.404517142766199     
  0.403116066669246     
  0.401698290969687     
  0.400277844520328     
  0.393766301371259     
  0.392424713702416     
  0.391153020583211     
  0.389939583048293     
