  2.777264581605832E-002
  2.763718200491305E-002
  2.632023029361052E-002
  2.553651630766895E-002
  2.432282504845906E-002
  2.428059072262745E-002
  2.592533286065402E-002
  2.438311339307908E-002
  2.418725731053040E-002
  2.553664200651995E-002
  2.415611413619623E-002
  2.401468138389229E-002
  2.653755934011892E-002
  2.701722224332159E-002
  2.616800711384071E-002
  2.381991873522371E-002
  2.736848769120126E-002
  2.730664386355464E-002
  2.445437337048650E-002
  2.362196798172933E-002
  2.788817139418753E-002
  2.779966791121147E-002
  2.790230311627417E-002
  2.409099895620703E-002
  2.329892988973170E-002
  2.794378994973379E-002
  2.773985441411408E-002
  2.562445347091413E-002
  2.809273886961683E-002
  2.807871639032555E-002
  2.839026197142480E-002
  2.676773101698227E-002
  2.851625463060770E-002
  2.374224834166394E-002
  2.625074011313155E-002
  2.399615656192733E-002
  2.843005809631149E-002
  2.750104207401938E-002
  2.691797368813831E-002
  2.748777486025278E-002
  2.010933711379925E-002
  2.661163713535442E-002
  2.013233118399183E-002
  1.721168171223153E-002
  1.710929874382483E-002
  1.706641278305887E-002
  1.736193252523255E-002
  1.728694294422217E-002
  2.191922035412741E-002
  1.689342113924464E-002
  1.687250899529436E-002
  2.689446151067942E-002
