  8.287713673948449E-002
  8.253947057793652E-002
  8.221069397647650E-002
  8.187909819412613E-002
  8.154395442544159E-002
  8.120816192276115E-002
  8.085823442319155E-002
  8.050864021195815E-002
  8.015184865423522E-002
  7.979229882114039E-002
  7.943417408499925E-002
  7.907386480331942E-002
  7.870432443051499E-002
  7.832663627436018E-002
  7.795687243906456E-002
  7.758360689887207E-002
  7.720293702956629E-002
  7.682179678297835E-002
  7.643053830593705E-002
  7.604550111230855E-002
  7.564259016708232E-002
  7.523149157418642E-002
  7.481252687960784E-002
  7.438747641675306E-002
  7.395933551473539E-002
  7.352597178392226E-002
  7.308709029014869E-002
  7.264186033989078E-002
  7.219476448804051E-002
  7.174573211913574E-002
  7.129378694423730E-002
  7.083537442732686E-002
  7.037217339245092E-002
  6.989823243508915E-002
  6.942120714654848E-002
  6.893815915673172E-002
  6.841587064884461E-002
  6.792502007791378E-002
  6.744991651465111E-002
  6.696984360554038E-002
  6.651151764190084E-002
  6.605534577429772E-002
  6.560357943833044E-002
  6.514816448813947E-002
  6.469859132010904E-002
  6.425445323658356E-002
  6.381095595613098E-002
  6.337802765064733E-002
  6.295777228303275E-002
  6.255384887494288E-002
  6.214543291603731E-002
  6.176682465579146E-002
