   1.01071475006077     
   1.01009564588527     
   1.00946783247122     
   1.00884323286635     
   1.00822034189574     
   1.00761748782708     
   1.00700813698148     
   1.00638105065755     
   1.00578143145662     
   1.00517829372912     
   1.00456197329672     
   1.00395337694124     
   1.00335481361050     
   1.00276532364990     
   1.00217743569279     
   1.00160247586612     
   1.00103930873560     
   1.00047781662810     
  0.999922732261610     
  0.999372889755034     
  0.998886177485596     
  0.998349439041465     
  0.997807099155644     
  0.997263237034500     
  0.996710856277777     
  0.996175226460117     
  0.995619198131597     
  0.995066713847721     
  0.994525620940621     
  0.993995461516598     
  0.993490674215180     
  0.992980659106014     
  0.992487102164035     
  0.992000156189607     
  0.991518564251378     
  0.991039970958540     
  0.990646498869913     
  0.990203858031378     
  0.989792914091209     
  0.989381854534329     
  0.989000850469415     
  0.988641399097672     
  0.988279037970848     
  0.987878679023124     
  0.987473134180951     
  0.987058400602480     
  0.986630025553920     
  0.986167198571886     
  0.985698719645090     
  0.984854219068932     
  0.984752054370174     
  0.984209656259042     
