  3.509804197758725E-002
  3.507673129310917E-002
  3.505491333278997E-002
  3.503332031514668E-002
  3.501158398039524E-002
  3.499069337896731E-002
  3.496923350656564E-002
  3.494766785564130E-002
  3.492686996136914E-002
  3.490593963265407E-002
  3.488457558669957E-002
  3.486346459061333E-002
  3.484269188913047E-002
  3.482209365974999E-002
  3.480169421694421E-002
  3.478174418609278E-002
  3.476219136209859E-002
  3.474270622775225E-002
  3.472344651690099E-002
  3.470437372519067E-002
  3.468746546142608E-002
  3.466883935219376E-002
  3.465001469733019E-002
  3.463114284254052E-002
  3.461197884319220E-002
  3.459323951475055E-002
  3.457394072667822E-002
  3.455476359794055E-002
  3.453597818844058E-002
  3.451757217157787E-002
  3.450004557985811E-002
  3.448234647771737E-002
  3.446519644396849E-002
  3.444831191078810E-002
  3.443159222833790E-002
  3.441497918166347E-002
  3.440130151477401E-002
  3.438594721547569E-002
  3.437168048778330E-002
  3.435741695135962E-002
  3.434419637178250E-002
  3.433171465342110E-002
  3.431913814845240E-002
  3.430524262058993E-002
  3.429117300387475E-002
  3.427678304928968E-002
  3.426177939386821E-002
  3.424571401682074E-002
  3.422945126252137E-002
  3.420408276622699E-002
  3.419659553671076E-002
  3.417776426641940E-002
