  0.135188399769679     
  0.135237011357447     
  0.135279907869385     
  0.135318670266573     
  0.135353762569963     
  0.135387672362717     
  0.135413472336678     
  0.135435566257994     
  0.135459023877675     
  0.135476736672617     
  0.135488258184195     
  0.135497214524424     
  0.135503310269840     
  0.135506501652702     
  0.135509649097008     
  0.135513682680268     
  0.135515769227165     
  0.135515644654581     
  0.135511174770074     
  0.135506907999343     
  0.135512665093782     
  0.135502383284882     
  0.135486380123335     
  0.135466438281057     
  0.135440747348446     
  0.135413377426480     
  0.135377180991970     
  0.135339446366954     
  0.135301153563689     
  0.135263452621236     
  0.135231743040152     
  0.135196398668224     
  0.135163681412852     
  0.135130627400107     
  0.135099208675584     
  0.135067174055951     
  0.135049732744800     
  0.135025746393406     
  0.135017195527500     
  0.135008328147354     
  0.135006452356740     
  0.135011462740835     
  0.135011511484800     
  0.134994343296920     
  0.134975126118069     
  0.134954830846044     
  0.134933665552907     
  0.134911735899632     
  0.134890438695189     
  0.134847291381454     
  0.134842227071692     
  0.134828484630701     
