  8.414604679021884E-002
  8.409033403568379E-002
  8.403117753716204E-002
  8.396893057840396E-002
  8.390555184571447E-002
  8.384055272449073E-002
  8.377335774147369E-002
  8.370539788380206E-002
  8.364044908486290E-002
  8.357293782292000E-002
  8.350253431631700E-002
  8.343121880343665E-002
  8.335876310130078E-002
  8.328518910789323E-002
  8.321361790635978E-002
  8.314413533628164E-002
  8.307422465003435E-002
  8.300317641219887E-002
  8.292955599796652E-002
  8.285732742120568E-002
  8.278745475328901E-002
  8.271337627362069E-002
  8.264011968265209E-002
  8.256559714813648E-002
  8.248825987324221E-002
  8.241035738405175E-002
  8.232956873382065E-002
  8.224931479128554E-002
  8.216984549227516E-002
  8.209260064685027E-002
  8.202164158171837E-002
  8.195073226705973E-002
  8.188435627522808E-002
  8.181909625804484E-002
  8.175672013817381E-002
  8.169791342039061E-002
  8.164428248548010E-002
  8.159379990458281E-002
  8.155806516018195E-002
  8.152372884498695E-002
  8.149067345199269E-002
  8.145933439427545E-002
  8.142786036873195E-002
  8.139295395777833E-002
  8.135784914722420E-002
  8.132222529632291E-002
  8.128587375678689E-002
  8.124817409340596E-002
  8.120968340053665E-002
  8.113273949037207E-002
  8.112954063278481E-002
  8.108435323394649E-002
  2.108752271059242E-002
  2.114492186482838E-002
  2.120172433020837E-002
  2.125913609644582E-002
  2.131629265882429E-002
  2.137362038993475E-002
  2.143350269482952E-002
  2.149439160137748E-002
  2.155622622704690E-002
  2.161895860618659E-002
  2.168211034393240E-002
  2.174623419431990E-002
  2.181174444205853E-002
  2.187895722013121E-002
  2.194573860057968E-002
  2.201333031929445E-002
  2.208228189228002E-002
  2.215175586942094E-002
  2.222342324719791E-002
  2.229426077834479E-002
  2.236793513681972E-002
  2.244320724970157E-002
  2.252113342143097E-002
  2.260000247031266E-002
  2.267992957417602E-002
  2.276144176989595E-002
  2.284462307414179E-002
  2.292963746004091E-002
  2.301637740412672E-002
  2.310442437642620E-002
  2.319462195244049E-002
  2.328604551467937E-002
  2.337921809382038E-002
  2.347464998407369E-002
  2.357241653245273E-002
  2.367275964882805E-002
  2.378084682757555E-002
  2.388543176038373E-002
  2.399021849926060E-002
  2.409567681487541E-002
  2.419966086709685E-002
  2.430308887042559E-002
  2.440641785574126E-002
  2.451177414674357E-002
  2.461669149416079E-002
  2.472121752135309E-002
  2.482509765192991E-002
  2.492817501603174E-002
  2.502931841838653E-002
  2.513708839773512E-002
  2.522259176098032E-002
  2.531610239644217E-002
  0.000000000000000E+000
  0.000000000000000E+000
  0.000000000000000E+000
  0.000000000000000E+000
  0.000000000000000E+000
  0.000000000000000E+000
  0.000000000000000E+000
  0.000000000000000E+000
  0.000000000000000E+000
  0.000000000000000E+000
  0.000000000000000E+000
  0.000000000000000E+000
  0.000000000000000E+000
  0.000000000000000E+000
  0.000000000000000E+000
  0.000000000000000E+000
  0.000000000000000E+000
  0.000000000000000E+000
  0.000000000000000E+000
  0.000000000000000E+000
  0.000000000000000E+000
  0.000000000000000E+000
  0.000000000000000E+000
  0.000000000000000E+000
  0.000000000000000E+000
  0.000000000000000E+000
  0.000000000000000E+000
  0.000000000000000E+000
  0.000000000000000E+000
  0.000000000000000E+000
  0.000000000000000E+000
  0.000000000000000E+000
  0.000000000000000E+000
  0.000000000000000E+000
  0.000000000000000E+000
  0.000000000000000E+000
  0.000000000000000E+000
  0.000000000000000E+000
  0.000000000000000E+000
  0.000000000000000E+000
  0.000000000000000E+000
  0.000000000000000E+000
  0.000000000000000E+000
  0.000000000000000E+000
  0.000000000000000E+000
  0.000000000000000E+000
  0.000000000000000E+000
  0.000000000000000E+000
  0.000000000000000E+000
  0.000000000000000E+000
  0.000000000000000E+000
  0.000000000000000E+000
  2.788409835471237E-002
  2.793287754113761E-002
  2.797996715051692E-002
  2.802543238217991E-002
  2.806854646003588E-002
  2.811191990732012E-002
  2.814694000113087E-002
  2.817812858845904E-002
  2.820669191834594E-002
  2.823119889634312E-002
  2.825201772218160E-002
  2.827022083397257E-002
  2.828534468095786E-002
  2.829701461155397E-002
  2.830700018389148E-002
  2.831495197699540E-002
  2.832001327404704E-002
  2.832343622314747E-002
  2.832299286556833E-002
  2.832208201032571E-002
  2.832599981100021E-002
  2.831656887960419E-002
  2.829802059727361E-002
  2.827584484955207E-002
  2.824964836927180E-002
  2.822073881852676E-002
  2.818428527650036E-002
  2.814392504720522E-002
  2.810049294571277E-002
  2.805409592452940E-002
  2.800523751931118E-002
  2.795143182927590E-002
  2.789392675570127E-002
  2.783270649363980E-002
  2.776788252078054E-002
  2.769634935860872E-002
  2.762669049503665E-002
  2.755063461140284E-002
  2.747497629972828E-002
  2.739688984748845E-002
  2.732595746514801E-002
  2.726065851026081E-002
  2.719055976375437E-002
  2.710483173661730E-002
  2.701767480164107E-002
  2.693031788226798E-002
  2.684342444999110E-002
  2.675784076609455E-002
  2.667558213105008E-002
  2.660552822801394E-002
  2.651752849597264E-002
  2.645684653921133E-002
