   1.34155583437631     
   1.34073407648796     
   1.33990075853305     
   1.33907170637565     
   1.33824492214621     
   1.33744473357369     
   1.33663592160963     
   1.33580356874600     
   1.33500767392270     
   1.33420710884020     
   1.33338904590812     
   1.33258123540429     
   1.33178674207316     
   1.33100429213276     
   1.33022396858572     
   1.32946080498297     
   1.32871329422423     
   1.32796800678015     
   1.32723122454719     
   1.32650140001199     
   1.32585537037337     
   1.32514293930297     
   1.32442307324977     
   1.32370118668220     
   1.32296799304182     
   1.32225703348879     
   1.32151899830313     
   1.32078566724767     
   1.32006745635145     
   1.31936375783671     
   1.31869373659749     
   1.31801677631242     
   1.31736166150869     
   1.31671532166555     
   1.31607608841553     
   1.31544083536885     
   1.31491856657231     
   1.31433103443287     
   1.31378557465749     
   1.31323996142015     
   1.31273424185271     
   1.31225712990307     
   1.31177615573720     
   1.31124474577991     
   1.31070645240971     
   1.31015596251939     
   1.30958736584494     
   1.30897303995525     
   1.30835121204833     
   1.30723027790246     
   1.30709467124620     
   1.30637472790858     
