  0.227231488032850     
  0.225640382359850     
  0.224063021207953     
  0.222520561339905     
  0.221027599844706     
  0.219616649188179     
  0.218075805698365     
  0.216507690393090     
  0.214952775965194     
  0.213401689565698     
  0.211832644065583     
  0.210272553371718     
  0.208727879074849     
  0.207198371860586     
  0.205676725330986     
  0.204164432941782     
  0.202680276035860     
  0.201238388969691     
  0.199773660099226     
  0.198360031082705     
  0.197059498938738     
  0.195650811982966     
  0.194166951883225     
  0.192685314782137     
  0.191226829576376     
  0.189805945774331     
  0.188336329861449     
  0.186860903276713     
  0.185394160934172     
  0.183944396554921     
  0.182504666319631     
  0.181077569882706     
  0.179655796278391     
  0.178272581524883     
  0.176890821616369     
  0.175456260556982     
  0.174009612897721     
  0.172568623455360     
  0.171117060287741     
  0.169678012464657     
  0.168274778356748     
  0.166971430796680     
  0.165719062795418     
  0.164311449329891     
  0.162901340827869     
  0.161508856365366     
  0.160146928841115     
  0.158822420071850     
  0.157525693378808     
  0.156275934907311     
  0.154982511601459     
  0.153897262219706     
  0.670237891441842     
  0.669127801973933     
  0.668045402629911     
  0.666989329711233     
  0.665963465176240     
  0.664986632440372     
  0.663927785373977     
  0.662849623396096     
  0.661761415393883     
  0.660675841743929     
  0.659591957580508     
  0.658514651033586     
  0.657442874706736     
  0.656373718586647     
  0.655314913586865     
  0.654260917730046     
  0.653218583852340     
  0.652206676665825     
  0.651183583181523     
  0.650203840500284     
  0.649286864821810     
  0.648293464156929     
  0.647228630462886     
  0.646175704564883     
  0.645141452923809     
  0.644118421861255     
  0.643068365768245     
  0.642015860010606     
  0.640963463246619     
  0.639911559066627     
  0.638842816554798     
  0.637782115545190     
  0.636710898268466     
  0.635648347916587     
  0.634580382732113     
  0.633466065859577     
  0.632318780501929     
  0.631180280270573     
  0.630004537319514     
  0.628835648697711     
  0.627718270684432     
  0.626669697053708     
  0.625627745476106     
  0.624478495987476     
  0.623336868650200     
  0.622217088928636     
  0.621127342944277     
  0.620085405304213     
  0.619075077542842     
  0.618211060849757     
  0.617117608453642     
  0.616349223872119     
  0.884516588457551     
  0.883877937611629     
  0.883247836764995     
  0.882622685160150     
  0.882010950516863     
  0.881418091287999     
  0.880783086658668     
  0.880147317500837     
  0.879506209124728     
  0.878857105322301     
  0.878204978444312     
  0.877552732879503     
  0.876898344232205     
  0.876241255804300     
  0.875603337783534     
  0.874974669028278     
  0.874348094848740     
  0.873736226824997     
  0.873111563269763     
  0.872517512515893     
  0.871942922469050     
  0.871332946595756     
  0.870687744793779     
  0.870049514507843     
  0.869417849444073     
  0.868786506688129     
  0.868144427939766     
  0.867498615688669     
  0.866853858535122     
  0.866215157468430     
  0.865576097976416     
  0.864937220193247     
  0.864290073133782     
  0.863637352489778     
  0.862980627870656     
  0.862299217776420     
  0.861577992948412     
  0.860889506155678     
  0.860212177358546     
  0.859537191607735     
  0.858895260029548     
  0.858287821036286     
  0.857680316155726     
  0.857012742959657     
  0.856349306069919     
  0.855694919404122     
  0.855052695525742     
  0.854436892125542     
  0.853838778695158     
  0.853352334032267     
  0.852673880331045     
  0.852207253192976     
  2.115106397127239E-007
  2.130486017989487E-007
  2.144767280932646E-007
  2.142679445387723E-007
  2.088590867771094E-007
  2.125178951700790E-007
  2.139764375456559E-007
  2.260203173600410E-007
  3.118634024119783E-007
  3.694829601669398E-007
  5.290949907979233E-007
  6.507329683900749E-007
  9.195780436255058E-007
  1.070918094241599E-006
  1.400945847393647E-006
  1.829733087547773E-006
  2.097873615267471E-006
  2.493054901633434E-006
  3.086448710471052E-006
  3.654045604975562E-006
  4.263671432288410E-006
  4.770345430252543E-006
  5.264779702705153E-006
  5.938964404018309E-006
  6.858403033865908E-006
  7.747009450545847E-006
  8.579525163559538E-006
  9.377980179238378E-006
  1.004445868911453E-005
  1.069997337431557E-005
  1.133598313844318E-005
  1.211758220657005E-005
  1.287318996930861E-005
  1.383876471262286E-005
  1.482013763180923E-005
  1.582003658700934E-005
  1.706946500774580E-005
  1.805051988194511E-005
  1.890067113251656E-005
  1.975865934568981E-005
  2.056538101379115E-005
  2.142423054681542E-005
  2.247168046782057E-005
  2.358914709324813E-005
  2.474894377062361E-005
  2.602167754800286E-005
  2.732119677586966E-005
  2.870397822614909E-005
  3.005796961992679E-005
  3.128476200973862E-005
  3.205494657892702E-005
  3.518246089817837E-005
