  0.175909959935718     
  0.175910326273458     
  0.175914104574118     
  0.175927091856297     
  0.175956851166176     
  0.176012354445674     
  0.176103785487308     
  0.176242408747817     
  0.176440473619322     
  0.176711140500426     
  0.177068421435220     
  0.177527131069054     
  0.178102845231498     
  0.178811865348821     
  0.179671187431788     
  0.180698474733176     
  0.181912033402332     
  0.183330790625147     
  0.184974274852385     
  0.186340943822743     
  0.187426152991941     
  0.188603218903076     
  0.190081710275842     
  0.191383318725901     
  0.193421399986179     
  0.195615458057149     
  0.196897548753115     
  0.198120591276091     
  0.200469368838255     
  0.202661392485850     
  0.204563558926301     
  0.206446929438159     
  0.207973241778131     
  0.209749116377995     
  0.212546972515688     
  0.215550410256273     
  0.217761101694535     
  0.219749579674034     
  0.221891225800113     
  0.224224804851710     
  0.226655206705480     
  0.228762657799642     
  0.230977089917298     
  0.233447288826659     
  0.237069597418268     
  0.240705311922763     
  0.243327948909555     
  0.245970751472844     
  0.248446761830112     
  0.251171153540292     
  0.253988130612480     
  0.256739339989063     
  0.259313292770026     
  0.262236993222674     
  0.265285918702790     
  0.268214782839365     
  0.271074538034161     
  0.274168014033200     
  0.277270877827559     
  0.280435344001636     
  0.285055163200000     
  0.289939573498077     
  0.293911658343525     
  0.297486575335305     
  0.301167452484766     
  0.305024557099361     
  0.308805893257801     
  0.312726355387405     
  0.316877994729770     
  0.320913722517532     
  0.325202906466692     
  0.329670573061585     
  0.334147418756407     
  0.338779610150218     
  0.343532801943768     
  0.348428474892860     
  0.353399162194940     
  0.358533324788171     
  0.363821468032438     
  0.369231572490236     
  0.374815566562276     
  0.380542416999095     
  0.386356648021877     
  0.392384257769941     
  0.398536221318240     
  0.404868349152071     
  0.411365615431364     
  0.418009280108126     
  0.424779804609971     
  0.431801504775406     
  0.439001835417887     
  0.446357793425986     
  0.453886969387786     
  0.461596986048896     
  0.469485800911476     
  0.477559236425967     
  0.485815522078478     
  0.494262775997459     
  0.502910616618429     
  0.511741961990215     
  0.520790164545550     
  0.530010882154869     
  0.539390880986798     
  0.548904704246686     
  0.558718754669590     
  0.568815965213824     
  0.579106899256028     
  0.589629858661810     
  0.600364094965128     
  0.611340872133512     
  0.622489962223920     
  0.633894854754523     
  0.645505186443078     
  0.657359160912415     
  0.669445771036040     
  0.681707943187575     
  0.694230250576084     
  0.706993804832139     
  0.720000090561315     
  0.733257474536335     
  0.746754702504885     
  0.760503935248710     
  0.774449000788800     
  0.788599872685803     
  0.803047000088121     
  0.817799495201697     
  0.832873880367607     
  0.848268102903093     
  0.863954611155145     
  0.879935474659849     
  0.896212442555244     
  0.912775051446905     
  0.929627189464584     
  0.946772070836293     
  0.964210516340868     
  0.981943012202528     
  0.999973480503657     
   1.01830491671427     
   1.03694737520355     
   1.05591831597561     
   1.07515803552300     
   1.09470994245697     
   1.11460002886071     
   1.13479628620441     
   1.15532485408252     
   1.17618327076287     
   1.19736817691196     
   1.21889133565675     
   1.24075153155810     
   1.26295868845942     
   1.28551722372373     
   1.30841445944522     
   1.33165172357235     
   1.35522797825066     
   1.37914799630582     
   1.40341917288757     
   1.42804290844826     
   1.45302315339126     
   1.47836586648250     
   1.50407376750337     
   1.53015424942728     
   1.55659795913303     
   1.58341531570890     
   1.61062086593272     
   1.63821631071393     
   1.66621139171431     
   1.69461487808535     
   1.72342671988427     
   1.75265595644418     
   1.78230766573619     
   1.81238277585649     
   1.84288777804847     
   1.87382428548167     
   1.90519263957454     
   1.93699928833638     
   1.96924795499549     
   2.00194092179888     
   2.03508569964057     
   2.06868447792210     
   2.10273889192252     
   2.13725708162553     
   2.17224007533909     
   2.20768812633143     
   2.24360859170380     
   2.28000297347750     
   2.31687380924762     
   2.35422716803057     
   2.39206568760120     
   2.43039224853306     
   2.46921256114859     
   2.50852995710212     
   2.54834740279713     
   2.58867105894171     
   2.62876540488219     
   2.66292534543614     
   2.69738214369486     
   2.73213676645970     
   2.76719030120719     
   2.80254386776740     
   2.84162985403437     
   2.88571462251290     
   2.93036038581675     
   2.97554187115493     
   3.02123865954453     
   3.06748773440857     
   3.11428273411711     
   3.16160735087697     
   3.20949186237038     
   3.25793343827875     
   3.30692051722686     
   3.35647678504874     
   3.40660277826097     
   3.45728909490948     
   3.50855220747498     
   3.56039672740515     
   3.61281495844449     
   3.66581583689730     
   3.71941109331060     
   3.77359415994450     
   3.82837303101692     
   3.88375642308566     
   3.93974260219282     
   3.99633676109504     
   4.05354586359402     
   4.11137058091104     
   4.16981680434866     
   4.22888727468081     
   4.28858518555976     
   4.34891724225522     
   4.40988528941814     
   4.47149392055850     
   4.53374760758990     
   4.59665023343059     
   4.66020653162735     
   4.72442323409213     
   4.78930464225169     
   4.85485495061566     
   4.92108002132126     
   4.98798408191554     
   5.05557035950518     
   5.12384557704293     
   5.19281410566595     
   5.26247925936249     
   5.33284578697679     
   5.40391859279568     
   5.47570131205288     
   5.54819707113538     
   5.62141035124279     
   5.69534648925439     
   5.77000717786299     
   5.84539821032598     
   5.92152257350499     
   5.99838739248253     
   6.07599739911974     
   6.15435875702531     
   6.23347327760044     
   6.31334168390765     
   6.39397230638595     
   6.47537210609792     
   6.55754488133265     
   6.64048782813725     
   6.72421110438333     
   6.80871894279572     
   6.89401505804391     
   6.98009971502518     
   7.06698101971114     
   7.15466400826574     
   7.24315153568375     
   7.33244567968330     
   7.42255420229218     
   7.51348072374385     
   7.60523032214368     
   7.69780424940002     
   7.79121032445249     
   7.88545176737161     
   7.98053700542481     
   8.07646437886348     
   8.17323828488212     
   8.26693800879819     
   8.34431909283204     
   8.42216062595828     
   8.50046363427664     
   8.57922904556355     
   8.67021044793992     
   8.77244729297686     
   8.87555990125583     
   8.97956653146295     
   9.08458736751842     
   9.19038110917259     
   9.29703464025761     
   9.40453863952780     
   9.51302530600327     
   9.62233014593298     
   9.73251803601130     
   9.84357543679954     
   9.95561194331333     
   10.0685120525675     
   10.1823062503732     
   10.2969983942787     
   10.4126646952865     
   10.5292347554993     
   10.6467171204319     
   10.7651258963885     
   10.8845088824926     
   11.0048333778429     
   11.1260930882314     
   11.2482998393121     
   11.3714812557683     
   11.4956355414911     
   11.6207496950023     
   11.7468261886115     
   11.8738919107311     
   12.0019486107778     
   12.1309913504948     
   12.2610182824178     
   12.3920448638969     
   12.5240832589364     
   12.6571300171953     
   12.7911853109245     
   12.9262569960868     
   13.0623548239139     
   13.1994851266924     
   13.3376427237840     
   13.4768344427043     
   13.6170707255868     
   13.7583688784447     
   13.9007239209502     
   14.0441259894663     
   14.1885903325911     
   14.3341287587627     
   14.4807495327676     
   14.6284454224025     
   14.7772202404437     
   14.9270822095738     
   15.0780467124222     
   15.2301129002196     
   15.3832830499396     
   15.5375550487028     
   15.6929460085191     
   15.8494622211900     
   16.0071125642248     
   16.1658944383620     
   16.3258091753728     
   16.4868603235522     
   16.6490696979985     
   16.8124334437952     
   16.9769485216422     
   17.1426183384311     
   17.3094534736252     
   17.4774732903652     
   17.6466713870796     
   17.8170468643525     
   17.9886007855883     
   18.1613562883371     
   18.3353187391755     
   18.5104851561166     
   18.6868561861264     
   18.8644390918201     
   19.0432456685990     
   19.2142224501770     
   19.3569393255660     
   19.5003568503296     
   19.6444767586428     
   19.7893006295827     
   19.9558542391404     
   20.1424451778294     
   20.3304362409619     
   20.5196938716550     
   20.7102198504220     
   20.9019662020487     
   21.0949259954580     
   21.2892457785176     
   21.4848611798386     
   21.6817667558705     
   21.8799289526380     
   22.0793380455173     
   22.2801194911494     
   22.4822230661141     
   22.6856495798818     
   22.8903638492973     
   23.0963670317853     
   23.3037413274682     
   23.5124700682484     
   23.7225472362451     
   23.9339499219113     
   24.1466706047689     
   24.3607751918053     
   24.5762602351772     
   24.7931225190181     
   25.0113466946663     
   25.2309242899328     
   25.4518962352895     
   25.6742747419277     
   25.8980600584865     
   26.1232402180267     
   26.3498090820958     
   26.5777869004746     
   26.8071985213593     
   27.0380493260893     
   27.2703262292305     
   27.5040299487322     
   27.7391723480159     
   27.9757660248482     
   28.2138200621149     
   28.4533403022161     
   28.6943219231122     
   28.9367671633314     
   29.1806782307191     
   29.4260776538003     
   29.6729726393356     
   29.9213564595806     
   30.1712339347765     
   30.4226039504217     
   30.6754811316420     
   30.9298892607378     
   31.1858223008431     
   31.4432729051957     
   31.7022507197448     
   31.9627604591988     
   32.2248155392006     
   32.4884284777775     
   32.7535978117564     
   33.0203238453446     
   33.2886025246996     
   33.5584484126975     
   33.8298719812939     
   34.1028853267949     
   34.3774875880912     
   34.6536779274501     
   34.9314560165584     
   35.2108327177801     
   35.4918271025092     
   35.7744359575370     
   36.0586692696612     
   36.3445199926275     
   36.6320016884360     
   36.9211172734115     
   37.2118791968360     
   37.5042996285431     
   37.7983735126302     
   38.0941098154192     
   38.3849351708673     
   38.6194479374385     
   38.8549001652741     
   39.0912937818545     
   39.3286305660617     
   39.5980240763329     
   39.9038986404669     
   40.2119279986219     
   40.5219840307419     
   40.8337725891353     
   41.1473010078531     
   41.4624690443982     
   41.7788011826723     
   42.0971747352950     
   42.4175702269031     
   42.7397417651018     
   43.0636885857241     
   43.3893213925500     
   43.7162379699976     
   44.0451572297619     
   44.3761132540083     
   44.7089062673936     
   45.0435235355450     
   45.3798740073494     
   45.7176542067693     
   46.0573536747854     
   46.3991018819794     
   46.7427658088991     
   47.0883028804060     
   47.4356418896596     
   47.7845551838209     
   48.1353047242908     
   48.4880798418458     
   48.8428283384283     
   49.1995021089729     
   49.5580722632704     
   49.9183549834147     
   50.2804554362083     
   50.6445655376652     
   51.0106844855281     
   51.3787483132047     
   51.7487956295759     
   52.1206923290102     
   52.4944847815282     
   52.8702926741003     
   53.2480960337755     
   53.6279098233299     
   54.0097049174318     
   54.3934265421711     
   54.7792245743527     
   55.1670928231428     
   55.5569848846924     
   55.9489794460626     
   56.3429531114016     
   56.7388703587013     
   57.1370509393117     
   57.5376518950234     
   57.9404197136882     
   58.3451903313392     
