  0.788061492052464     
  0.788777474597288     
  0.789385820534552     
  0.789894323629412     
  0.790321751853932     
  0.790682578487477     
  0.790986272727247     
  0.791242751113325     
  0.791460122363462     
  0.791645488581107     
  0.791802508670433     
  0.791936780449932     
  0.792051696846378     
  0.792148585787568     
  0.792232878905621     
  0.792303800668958     
  0.792365064698691     
  0.792418791673873     
  0.792462811117752     
  0.792500488981352     
  0.792532553252936     
  0.792559901637969     
  0.792583181465772     
  0.792602842256927     
  0.792618731798623     
  0.792632809547720     
  0.792644118278773     
  0.792653354038765     
  0.792660835980562     
  0.792666792221262     
  0.792671393168673     
  0.792674787727609     
  0.792677105075505     
  0.792678902691592     
  0.792679899060511     
  0.792680331897953     
  0.792680261031686     
  0.792679814703465     
  0.792678925130712     
  0.792677626233917     
  0.792676204509867     
  0.792674839769791     
  0.792674216999515     
  0.792672342377704     
  0.792670455989371     
  0.792668514819453     
  0.792666536870381     
  0.792664554724160     
  0.792662621623343     
  0.792660743296183     
  0.792658788687277     
  0.792656923048910     
  0.792655184100252     
  0.792653508519609     
  0.792651964077241     
  0.792650500750693     
  0.792649088191192     
  0.792647728180316     
  0.792646490961177     
  0.792645359420983     
  0.792644292947224     
  0.792643290844983     
  0.792642349801436     
  0.792641467549060     
  0.792640644043274     
  0.792639872978509     
  0.792639156986729     
  0.792638487893621     
  0.792637866263282     
  0.792637288474517     
  0.792636757641581     
  0.792636262319225     
  0.792635793446903     
  0.792635367509281     
  0.792634974782051     
  0.792634612098667     
  0.792634275297693     
  0.792633964798239     
  0.792633678077189     
  0.792633411116535     
  0.792633165574925     
  0.792632918509661     
  0.792632700361424     
  0.792632500152540     
  0.792632322295906     
  0.792632151955713     
  0.792631994164820     
  0.792631975742686     
  0.792631845852356     
  0.792631785397626     
  0.792631670878439     
  0.792631591949408     
  0.792631507407375     
  0.792631410605199     
  0.792631314035589     
  0.792631224178847     
  0.792631128343965     
  0.792631024469423     
  0.792630909199083     
  0.792630421574581     
