  0.188173509581359     
  0.186531487500038     
  0.185097912265719     
  0.183862033061982     
  0.182795280018948     
  0.181878088696698     
  0.181092365306837     
  0.180417682694038     
  0.179835034390430     
  0.179330672806242     
  0.178893626971191     
  0.178512669980782     
  0.178179088482777     
  0.177886323835675     
  0.177630433720411     
  0.177405555626711     
  0.177207826466789     
  0.177033799284655     
  0.176880525013140     
  0.176745850723733     
  0.176627575792867     
  0.176523791598862     
  0.176433047628819     
  0.176353372367130     
  0.176276095384293     
  0.176212824068301     
  0.176158324309259     
  0.176111345519947     
  0.176071063175814     
  0.176037361549939     
  0.176009498490039     
  0.175985604515384     
  0.175967210845672     
  0.175951597763728     
  0.175939618734544     
  0.175930466639962     
  0.175923373161906     
  0.175918912472235     
  0.175916567653113     
  0.175916186409557     
  0.175916574601818     
  0.175919386022749     
  0.175923252696241     
  0.175928062748658     
  0.175934160101595     
  0.175940895550218     
  0.175948044639956     
  0.175955485844985     
  0.175963101929367     
  0.175970824388205     
  0.175978524922648     
  0.175986117654906     
  0.175993531723602     
  0.176001105816430     
  0.176008568164734     
  0.176015770131585     
  0.176022732658914     
  0.176029158543753     
  0.176035434130572     
  0.176041578548358     
  0.176047457719864     
  0.176053058416258     
  0.176058398772161     
  0.176063495281522     
  0.176068316587609     
  0.176072863091025     
  0.176077144168453     
  0.176081167490593     
  0.176084943168502     
  0.176088481840367     
  0.176091794657303     
  0.176094894192391     
  0.176097792141979     
  0.176100542931095     
  0.176103147116817     
  0.176105572957559     
  0.176107837976134     
  0.176109953009600     
  0.176111928291843     
  0.176113770713060     
  0.176115482277389     
  0.176116946909557     
  0.176118311611429     
  0.176119615228662     
  0.176120825148265     
  0.176121955038666     
  0.176123004924616     
  0.176123979193862     
  0.176124879268960     
  0.176125712247001     
  0.176126481508119     
  0.176127192625643     
  0.176127749833209     
  0.176128306876822     
  0.176128818224822     
  0.176129286669335     
  0.176129715026622     
  0.176130112200433     
  0.176130480247916     
  0.000000000000000E+000
