  0.796811734395747     
  0.796689153754015     
  0.796442236776074     
  0.796126908751933     
  0.795778978825398     
  0.795424326738165     
  0.795080085278889     
  0.794755920565048     
  0.794455190371118     
  0.794180185569924     
  0.793931605539252     
  0.793708076416254     
  0.793508156232857     
  0.793329265367380     
  0.793169196566368     
  0.793026497558081     
  0.792898847432074     
  0.792784846373845     
  0.792682797398337     
  0.792591015461709     
  0.792508371124585     
  0.792433721238208     
  0.792366263925844     
  0.792305100541586     
  0.792246232800575     
  0.792194603440670     
  0.792148174940474     
  0.792106075931863     
  0.792067720117220     
  0.792032767574895     
  0.792000838468875     
  0.791971410921066     
  0.791944811334456     
  0.791920221289896     
  0.791897823458083     
  0.791877580179307     
  0.791859107949890     
  0.791842382842316     
  0.791827072028742     
  0.791812992842908     
  0.791800188390802     
  0.791788748358971     
  0.791778456215911     
  0.791769166388068     
  0.791761023022468     
  0.791753775442104     
  0.791747306659186     
  0.791741531460394     
  0.791736393687024     
  0.791731898487677     
  0.791727420487449     
  0.791723436944328     
  0.791719891460067     
  0.791716731053998     
  0.791714070275475     
  0.791711774545889     
  0.791709797406493     
  0.791708049310435     
  0.791706522233461     
  0.791705232511760     
  0.791704181604036     
  0.791703320804359     
  0.791702629258991     
  0.791702080161025     
  0.791701650750787     
  0.791701330835110     
  0.791701106311953     
  0.791700966222953     
  0.791700901022066     
  0.791700900479641     
  0.791700956952820     
  0.791701063463730     
  0.791701211121126     
  0.791701391234630     
  0.791701605335059     
  0.791701842248025     
  0.791702096937752     
  0.791702367691856     
  0.791702649583105     
  0.791702934548624     
  0.791703221798110     
  0.791703484929157     
  0.791703753453665     
  0.791704026351253     
  0.791704295274053     
  0.791704562479002     
  0.791704823264364     
  0.791705077881607     
  0.791705321510807     
  0.791705550106210     
  0.791705784666348     
  0.791706000474293     
  0.791706182060429     
  0.791706378103585     
  0.791706564661590     
  0.791706743312695     
  0.791706910892195     
  0.791707063626060     
  0.791707198476567     
  0.791709376594309     
