  0.747501910094008     
  0.747900536913950     
  0.748165164498145     
  0.748331614391475     
  0.748422409330736     
  0.748458502679044     
  0.748456618614623     
  0.748428756729949     
  0.748381820206556     
  0.748322375683000     
  0.748255145212748     
  0.748183023010384     
  0.748108792050835     
  0.748033585768764     
  0.747958471162493     
  0.747884510833774     
  0.747812208296446     
  0.747742165099159     
  0.747674532380781     
  0.747609228739758     
  0.747546469034000     
  0.747486119838332     
  0.747428321543624     
  0.747373002919322     
  0.747317477008317     
  0.747266116632658     
  0.747217634586344     
  0.747171804256879     
  0.747128269574274     
  0.747087198007775     
  0.747048255669451     
  0.747011259209812     
  0.746976036361448     
  0.746943258026671     
  0.746912402917518     
  0.746883450442992     
  0.746856274002098     
  0.746830784467121     
  0.746806396242676     
  0.746783922294464     
  0.746763111733693     
  0.746743450718232     
  0.746725745478867     
  0.746709127897520     
  0.746693812122503     
  0.746679694642282     
  0.746666663538602     
  0.746654619492921     
  0.746643617576359     
  0.746633678854578     
  0.746622435495931     
  0.746612023070965     
  0.746602447086314     
  0.746593769779580     
  0.746585866144516     
  0.746578677884189     
  0.746572080972444     
  0.746566239035383     
  0.746561010829993     
  0.746556095059936     
  0.746551736642714     
  0.746547838242987     
  0.746544373170870     
  0.746541285856958     
  0.746538538443207     
  0.746536110987357     
  0.746533968448087     
  0.746532083110604     
  0.746530438608795     
  0.746529002827691     
  0.746527769427891     
  0.746526709971707     
  0.746525774591674     
  0.746525061851409     
  0.746524462141922     
  0.746523962049929     
  0.746523552778129     
  0.746523231943945     
  0.746522994594880     
  0.746522808504726     
  0.746522683485044     
  0.746522584294304     
  0.746522569577612     
  0.746522578882893     
  0.746522615770338     
  0.746522681144357     
  0.746522762016772     
  0.746523019868685     
  0.746523110853676     
  0.746523177640141     
  0.746523314320063     
  0.746523402278383     
  0.746523524564411     
  0.746523654394274     
  0.746523769178240     
  0.746523886777628     
  0.746523985511710     
  0.746524055354723     
  0.746524095734045     
  0.746526372624982     
