  0.999999996020319     
  0.999999996003863     
  0.999999995988716     
  0.999999995975276     
  0.999999995963218     
  0.999999995952514     
  0.999999995943141     
  0.999999995934919     
  0.999999995927586     
  0.999999995921039     
  0.999999995915183     
  0.999999995909877     
  0.999999995905043     
  0.999999995900586     
  0.999999995896514     
  0.999999995892771     
  0.999999995889316     
  0.999999995886135     
  0.999999995883176     
  0.999999995880432     
  0.999999995877887     
  0.999999995875523     
  0.999999995873333     
  0.999999995871287     
  0.999999995869065     
  0.999999995867193     
  0.999999995865484     
  0.999999995863908     
  0.999999995862456     
  0.999999995861134     
  0.999999995859933     
  0.999999995858803     
  0.999999995857805     
  0.999999995856856     
  0.999999995855997     
  0.999999995855227     
  0.999999995854518     
  0.999999995853890     
  0.999999995853330     
  0.999999995852807     
  0.999999995852325     
  0.999999995851935     
  0.999999995851594     
  0.999999995851285     
  0.999999995851039     
  0.999999995850833     
  0.999999995850657     
  0.999999995850509     
  0.999999995850383     
  0.999999995850280     
  0.999999995850196     
  0.999999995850128     
  0.999999995850073     
  0.999999995850029     
  0.999999995850007     
  0.999999995849995     
  0.999999995849991     
  0.999999995849983     
  0.999999995849981     
  0.999999995849991     
  0.999999995850006     
  0.999999995850025     
  0.999999995850047     
  0.999999995850072     
  0.999999995850099     
  0.999999995850126     
  0.999999995850155     
  0.999999995850184     
  0.999999995850212     
  0.999999995850241     
  0.999999995850270     
  0.999999995850298     
  0.999999995850326     
  0.999999995850353     
  0.999999995850380     
  0.999999995850407     
  0.999999995850433     
  0.999999995850458     
  0.999999995850483     
  0.999999995850507     
  0.999999995850530     
  0.999999995850548     
  0.999999995850565     
  0.999999995850583     
  0.999999995850600     
  0.999999995850617     
  0.999999995850633     
  0.999999995850648     
  0.999999995850663     
  0.999999995850676     
  0.999999995850690     
  0.999999995850702     
  0.999999995850710     
  0.999999995850719     
  0.999999995850728     
  0.999999995850737     
  0.999999995850744     
  0.999999995850751     
  0.999999995850758     
  0.000000000000000E+000
