  0.126261125461243     
  0.126265321061694     
  0.126271247393557     
  0.126278626620428     
  0.126287059912587     
  0.126296264912459     
  0.126305805034935     
  0.126315440102422     
  0.126325441002524     
  0.126335287872103     
  0.126345007052498     
  0.126354621390840     
  0.126364180709546     
  0.126373625115840     
  0.126382520417235     
  0.126391195024517     
  0.126399545217925     
  0.126407597856132     
  0.126415315466379     
  0.126422717730384     
  0.126429759532753     
  0.126436429777178     
  0.126442756403972     
  0.126448762498404     
  0.126454925273933     
  0.126460397115563     
  0.126465603381554     
  0.126470509308427     
  0.126475084795596     
  0.126479361281047     
  0.126483383450240     
  0.126487216270348     
  0.126490964971647     
  0.126494172698243     
  0.126497258867631     
  0.126500120583090     
  0.126502790999133     
  0.126505288822514     
  0.126507670641983     
  0.126510062045562     
  0.126512147489901     
  0.126514028430237     
  0.126515802212178     
  0.126517499198497     
  0.126519046588329     
  0.126520507688985     
  0.126521867212195     
  0.126523136668661     
  0.126524296797416     
  0.126525371822840     
  0.126526389049451     
  0.126527349356279     
  0.126528216763698     
  0.126529052088413     
  0.126529797796603     
  0.126530501989203     
  0.126531195150070     
  0.126531864410158     
  0.126532443817220     
  0.126532958004298     
  0.126533443408338     
  0.126533897504928     
  0.126534320535844     
  0.126534711912288     
  0.126535074098729     
  0.126535409048619     
  0.126535718189318     
  0.126536003990402     
  0.126536267841076     
  0.126536511401862     
  0.126536731694669     
  0.126536937769267     
  0.126537147125342     
  0.126537324603838     
  0.126537487252450     
  0.126537634913843     
  0.126537774498902     
  0.126537901011604     
  0.126538016531244     
  0.126538124078332     
  0.126538221258766     
  0.126538316696700     
  0.126538399030520     
  0.126538475809163     
  0.126538540508932     
  0.126538603512898     
  0.126538660596402     
  0.126538709520424     
  0.126538756528772     
  0.126538799451557     
  0.126538835889240     
  0.126538872503713     
  0.126538903782598     
  0.126538932699420     
  0.126538963955798     
  0.126538987940691     
  0.126539013496280     
  0.126539038672963     
  0.126539063261700     
  0.126539109899440     
