  3.498874912695361E-002
  3.500080242587329E-002
  3.501261276940502E-002
  3.502500880805854E-002
  3.503760754813508E-002
  3.505035553865154E-002
  3.506338365868006E-002
  3.507660989795257E-002
  3.508981237582407E-002
  3.510290584362608E-002
  3.511586318478608E-002
  3.512856107182189E-002
  3.514094725636716E-002
  3.515294522012058E-002
  3.516441022075091E-002
  3.517544944244538E-002
  3.518595895798261E-002
  3.519593464333636E-002
  3.520545243547116E-002
  3.521442223760266E-002
  3.522286838759627E-002
  3.523079028022764E-002
  3.523821366786344E-002
  3.524515697233045E-002
  3.525141741971932E-002
  3.525737098814290E-002
  3.526296981940105E-002
  3.526819511246765E-002
  3.527305239853318E-002
  3.527757900515249E-002
  3.528178500857890E-002
  3.528569050547999E-002
  3.528926884052267E-002
  3.529260448483632E-002
  3.529569783372683E-002
  3.529858836617406E-002
  3.530127782232269E-002
  3.530377609299647E-002
  3.530610094351843E-002
  3.530818949094194E-002
  3.531016616384124E-002
  3.531198794354054E-002
  3.531368727645487E-002
  3.531527806344117E-002
  3.531677101349567E-002
  3.531816586274186E-002
  3.531946652332194E-002
  3.532067635846296E-002
  3.532180589256090E-002
  3.532286934797355E-002
  3.532375125294870E-002
  3.532456884059307E-002
  3.532532787099329E-002
  3.532602531459032E-002
  3.532668539849182E-002
  3.532730363466012E-002
  3.532786205591653E-002
  3.532841160982789E-002
  3.532892926468601E-002
  3.532938440449734E-002
  3.532981741964902E-002
  3.533022428495668E-002
  3.533060643123005E-002
  3.533096418309574E-002
  3.533129856285214E-002
  3.533161194930450E-002
  3.533190492492565E-002
  3.533217810519687E-002
  3.533243404828298E-002
  3.533267255600198E-002
  3.533289572277003E-002
  3.533310368451843E-002
  3.533329314747251E-002
  3.533347570046465E-002
  3.533364309114758E-002
  3.533379913474043E-002
  3.533394335160903E-002
  3.533407687774807E-002
  3.533420335156179E-002
  3.533431873576184E-002
  3.533442623851718E-002
  3.533452282406881E-002
  3.533461696840240E-002
  3.533470306021031E-002
  3.533478151405290E-002
  3.533485475919949E-002
  3.533492194747887E-002
  3.533498341858796E-002
  3.533503887973473E-002
  3.533508764664775E-002
  3.533513703635390E-002
  3.533517790021500E-002
  3.533521545192145E-002
  3.533525162901670E-002
  3.533528399012338E-002
  3.533531335434585E-002
  3.533533971226332E-002
  3.533536212814464E-002
  3.533537951407394E-002
  3.533559948759901E-002
