  0.133842026096112     
  0.134172027944927     
  0.134454650669538     
  0.134693867300546     
  0.134897428378578     
  0.135071586060267     
  0.135220619233858     
  0.135348817051327     
  0.135459534112122     
  0.135555849972263     
  0.135639336048905     
  0.135712378455135     
  0.135776428775999     
  0.135832000243128     
  0.135881394026973     
  0.135924345727833     
  0.135962433001475     
  0.135996600863201     
  0.136025938889427     
  0.136051880042669     
  0.136074772460815     
  0.136095021940767     
  0.136112941814790     
  0.136128755342903     
  0.136142176603534     
  0.136154492564973     
  0.136165198137868     
  0.136174599747352     
  0.136182845313155     
  0.136190074662480     
  0.136196377217879     
  0.136201851654863     
  0.136206471383696     
  0.136210644377089     
  0.136214211785508     
  0.136217325092336     
  0.136220010747989     
  0.136222336402333     
  0.136224317603633     
  0.136225816971130     
  0.136227182314714     
  0.136228353623944     
  0.136229873307548     
  0.136230643642003     
  0.136231313593633     
  0.136231861644441     
  0.136232295314716     
  0.136232632392020     
  0.136232906929426     
  0.136233132700418     
  0.136233158719698     
  0.136233149692992     
  0.136233131921160     
  0.136233072266940     
  0.136233031067976     
  0.136232980032508     
  0.136232872852069     
  0.136232795952906     
  0.136232749495127     
  0.136232670309280     
  0.136232599028003     
  0.136232529407332     
  0.136232463487272     
  0.136232398765794     
  0.136232338680124     
  0.136232280849249     
  0.136232228869505     
  0.136232177746193     
  0.136232132856087     
  0.136232090374259     
  0.136232055306239     
  0.136232022073195     
  0.136231977818128     
  0.136231953123150     
  0.136231928006666     
  0.136231905987518     
  0.136231885424053     
  0.136231865458325     
  0.136231852193060     
  0.136231836940637     
  0.136231824007140     
  0.136231791333358     
  0.136231783999230     
  0.136231774264722     
  0.136231765884280     
  0.136231758044245     
  0.136231748248787     
  0.136231853359168     
  0.136231842594618     
  0.136231833234669     
  0.136231831140269     
  0.136231820182931     
  0.136231812274990     
  0.136231804395019     
  0.136231794013566     
  0.136231784941041     
  0.136231771747028     
  0.136231752509071     
  0.136231725511009     
  0.134188872708957     
