   1.33737711660916     
   1.33783787132251     
   1.33828934117243     
   1.33876321925290     
   1.33924485889668     
   1.33973222591206     
   1.34023034182592     
   1.34073595621629     
   1.34124074306846     
   1.34174129213887     
   1.34223670015418     
   1.34272215457379     
   1.34319571665397     
   1.34365441108242     
   1.34409263068185     
   1.34451463079554     
   1.34491634669610     
   1.34529762494607     
   1.34566141065350     
   1.34600421138241     
   1.34632698379550     
   1.34662966538453     
   1.34691330706133     
   1.34717859995927     
   1.34741781802314     
   1.34764525610224     
   1.34785905791514     
   1.34805872871489     
   1.34824431218777     
   1.34841716774447     
   1.34857768606799     
   1.34872619380457     
   1.34886379381109     
   1.34899102676739     
   1.34910913732236     
   1.34921953656327     
   1.34932222314203     
   1.34941763562055     
   1.34950521763661     
   1.34958639779252     
   1.34966179565553     
   1.34973141066796     
   1.34979627553940     
   1.34985720290572     
   1.34991434198519     
   1.34996779315827     
   1.35001770773680     
   1.35006423586432     
   1.35010776279222     
   1.35014880372544     
   1.35018273690435     
   1.35021425912486     
   1.35024352326850     
   1.35027048835255     
   1.35029596629784     
   1.35031987064059     
   1.35034221061852     
   1.35036321747264     
   1.35038255952921     
   1.35040031393752     
   1.35041709844533     
   1.35043283055128     
   1.35044759175806     
   1.35046140603013     
   1.35047430847864     
   1.35048638428963     
   1.35049766411271     
   1.35050819744197     
   1.35051803199659     
   1.35052720284306     
   1.35053575620911     
   1.35054373667699     
   1.35055116073828     
   1.35055806615553     
   1.35056446611823     
   1.35057040716028     
   1.35057591438071     
   1.35058103701285     
   1.35058579454839     
   1.35059018770854     
   1.35059426387387     
   1.35059804121250     
   1.35060154232196     
   1.35060476205020     
   1.35060772028072     
   1.35061046255565     
   1.35061297380747     
   1.35061528463637     
   1.35061736201880     
   1.35061919163366     
   1.35062097143021     
   1.35062250226593     
   1.35062390678284     
   1.35062522327939     
   1.35062638534874     
   1.35062742494489     
   1.35062832246961     
   1.35062905694149     
   1.35062962031583     
   1.35063838560414     
