 -3.250170225557015E-003
 -3.045290770605435E-003
 -2.843321598463169E-003
 -2.648803206364323E-003
 -2.451936110690247E-003
 -2.255214673618670E-003
 -2.085716923348739E-003
 -1.913099226724664E-003
 -1.739618110959102E-003
 -1.572164696697116E-003
 -1.410911833241753E-003
 -1.256337004015393E-003
 -1.099176123258817E-003
 -9.468192319674814E-004
 -7.955591781043361E-004
 -6.415910028975587E-004
 -4.826664954469934E-004
 -3.314395549295910E-004
 -1.778406187349103E-004
 -1.250105176718439E-005
  1.381064926364421E-004
  2.686328588471783E-004
  4.005284159196343E-004
  5.284891640228332E-004
  6.593755976984095E-004
  7.830386322305022E-004
  9.010706098537735E-004
  1.015221977958428E-003
  1.125253051953544E-003
  1.234286415774302E-003
  1.345886005967977E-003
  1.460405787444901E-003
  1.581890982009186E-003
  1.700548110352772E-003
  1.821401094949217E-003
  1.943671362728721E-003
  2.065117915351508E-003
  2.187572596468020E-003
  2.317262330300304E-003
  2.455247983228609E-003
  2.600854394805975E-003
  2.742198265560897E-003
  2.875511252710518E-003
  3.005040424230758E-003
  3.135412962355442E-003
  3.265070011684906E-003
  3.393082987864274E-003
  3.524496855526740E-003
  3.652302221989267E-003
  3.779290120483644E-003
  3.906656779856740E-003
  4.032820276012100E-003
