  0.147915807020661     
  0.148014586719622     
  0.148220489136893     
  0.148449808128464     
  0.148659715366766     
  0.148839400489502     
  0.148995823477586     
  0.149131509554966     
  0.149260449112652     
  0.149378932546446     
  0.149488659431779     
  0.149591600241276     
  0.149689873762949     
  0.149782543619831     
  0.149870904024717     
  0.149956293164822     
  0.150037596228781     
  0.150113478184202     
  0.150186085219404     
  0.150254990443120     
  0.150322414376700     
  0.150385981600040     
  0.150445720491749     
  0.150503015859096     
  0.150558226300789     
  0.150610844378363     
  0.150660949646943     
  0.150708837151596     
  0.150754627228815     
  0.150798465171013     
  0.150841286745636     
  0.150881624922791     
  0.150924285594913     
  0.150965616846612     
  0.151007123738862     
  0.151044699588648     
  0.151079369264262     
  0.151112141530174     
  0.151142811391913     
  0.151171604823692     
  0.151198663068180     
  0.151224490074810     
  0.151248608147646     
  0.151271216111037     
  0.151292401900658     
  0.151312226084739     
  0.151330768441463     
  0.151348098207346     
  0.151364283478401     
  0.151379377779261     
  0.151393353032654     
  0.151406427576880     
  0.151418568205779     
  0.151429836908688     
  0.151440287423448     
  0.151449971996198     
  0.151458935106748     
  0.151467197451049     
  0.151476041914264     
  0.151483031277088     
  0.151490425097479     
  0.151497099723822     
  0.151502962183296     
  0.151508241926473     
  0.151513058684757     
  0.151517455655518     
  0.151521466624580     
  0.151525122131719     
  0.151528450378653     
  0.151531477070313     
  0.151534228658816     
  0.151536725451760     
  0.151538987133562     
  0.151541032606785     
  0.151542879663122     
  0.151544544559769     
  0.151546042208716     
  0.151547385904682     
  0.151548589632039     
  0.151549664517028     
  0.151550622220701     
  0.151551473243482     
  0.151552227125209     
  0.151552893425086     
  0.151553482832490     
  0.151553999744101     
  0.151554452470254     
  0.151554844700172     
  0.151555184564929     
  0.151555477631138     
  0.151555728894472     
  0.151555944155490     
  0.151556127679086     
  0.151556284547718     
  0.151556418987045     
  0.151556535375409     
  0.151556637847409     
  0.151556738555291     
  0.151556882504679     
  0.223591659886756     
  0.918967906158967     
  0.920123014760430     
  0.920899323215985     
  0.921445671162183     
  0.921839084131076     
  0.922137004906578     
  0.922365245974019     
  0.922544678031855     
  0.922691657796015     
  0.922825969035659     
  0.922953758469761     
  0.923076059538602     
  0.923191182637523     
  0.923296107242819     
  0.923391069318539     
  0.923476850780414     
  0.923553818320536     
  0.923621755271462     
  0.923683602705584     
  0.923739230086959     
  0.923790292809813     
  0.923836002786102     
  0.923876803052863     
  0.923913712780295     
  0.923947260247156     
  0.923977508940348     
  0.924004777146533     
  0.924029429419761     
  0.924051697112034     
  0.924071908085997     
  0.924090634629771     
  0.924107403132552     
  0.924124837478287     
  0.924141075495739     
  0.924157043382489     
  0.924170824002398     
  0.924182872201151     
  0.924193676260997     
  0.924203213598762     
  0.924211643436520     
  0.924219174844630     
  0.924226105974943     
  0.924232241079355     
  0.924237740798941     
  0.924242674482114     
  0.924247085420074     
  0.924251037923298     
  0.924254578277384     
  0.924257747866402     
  0.924260576132634     
  0.924263090366446     
  0.924265380420842     
  0.924267429077818     
  0.924269266846282     
  0.924270913043890     
  0.924272387511365     
  0.924273705232347     
  0.924274868885483     
  0.924276512864192     
  0.924277410030157     
  0.924278683380247     
  0.924279762531889     
  0.924280591357647     
  0.924281263263940     
  0.924281832041624     
  0.924282316438489     
  0.924282728794104     
  0.924283078175560     
  0.924283373080222     
  0.924283621032541     
  0.924283829176682     
  0.924284001428930     
  0.924284141951731     
  0.924284254766903     
  0.924284343489021     
  0.924284410915344     
  0.924284459750584     
  0.924284491825000     
  0.924284509730929     
  0.924284514766332     
  0.924284508794754     
  0.924284493450401     
  0.924284470095027     
  0.924284440362804     
  0.924284406559827     
  0.924284367893227     
  0.924284326308902     
  0.924284281199534     
  0.924284234218142     
  0.924284186371045     
  0.924284138066538     
  0.924284090888816     
  0.924284045702547     
  0.924284003831481     
  0.924283967341907     
  0.924283938669025     
  0.924283922324105     
  0.924283926759843     
  0.924283964162165     
  0.880122596773631     
  0.000000000000000E+000
  0.000000000000000E+000
  0.000000000000000E+000
  0.000000000000000E+000
  0.000000000000000E+000
  0.000000000000000E+000
  0.000000000000000E+000
  0.000000000000000E+000
  0.000000000000000E+000
  0.000000000000000E+000
  0.000000000000000E+000
  0.000000000000000E+000
  0.000000000000000E+000
  0.000000000000000E+000
  0.000000000000000E+000
  0.000000000000000E+000
  0.000000000000000E+000
  0.000000000000000E+000
  0.000000000000000E+000
  0.000000000000000E+000
  0.000000000000000E+000
  0.000000000000000E+000
  0.000000000000000E+000
  0.000000000000000E+000
  0.000000000000000E+000
  0.000000000000000E+000
  0.000000000000000E+000
  0.000000000000000E+000
  0.000000000000000E+000
  0.000000000000000E+000
  0.000000000000000E+000
  0.000000000000000E+000
  0.000000000000000E+000
  0.000000000000000E+000
  0.000000000000000E+000
  0.000000000000000E+000
  0.000000000000000E+000
  0.000000000000000E+000
  0.000000000000000E+000
  0.000000000000000E+000
  0.000000000000000E+000
  0.000000000000000E+000
  0.000000000000000E+000
  0.000000000000000E+000
  0.000000000000000E+000
  0.000000000000000E+000
  0.000000000000000E+000
  0.000000000000000E+000
  0.000000000000000E+000
  0.000000000000000E+000
  0.000000000000000E+000
  0.000000000000000E+000
  0.000000000000000E+000
  0.000000000000000E+000
  0.000000000000000E+000
  0.000000000000000E+000
  0.000000000000000E+000
  0.000000000000000E+000
  0.000000000000000E+000
  0.000000000000000E+000
  0.000000000000000E+000
  0.000000000000000E+000
  0.000000000000000E+000
  0.000000000000000E+000
  0.000000000000000E+000
  0.000000000000000E+000
  0.000000000000000E+000
  0.000000000000000E+000
  0.000000000000000E+000
  0.000000000000000E+000
  0.000000000000000E+000
  0.000000000000000E+000
  0.000000000000000E+000
  0.000000000000000E+000
  0.000000000000000E+000
  0.000000000000000E+000
  0.000000000000000E+000
  0.000000000000000E+000
  0.000000000000000E+000
  0.000000000000000E+000
  0.000000000000000E+000
  0.000000000000000E+000
  0.000000000000000E+000
  0.000000000000000E+000
  0.000000000000000E+000
  0.000000000000000E+000
  0.000000000000000E+000
  0.000000000000000E+000
  0.000000000000000E+000
  0.000000000000000E+000
  0.000000000000000E+000
  0.000000000000000E+000
  0.000000000000000E+000
  0.000000000000000E+000
  0.000000000000000E+000
  0.000000000000000E+000
  0.000000000000000E+000
  0.000000000000000E+000
  0.000000000000000E+000
  0.990624927714190     
  8.103209384103832E-002
  7.987698523956890E-002
  7.910067678401321E-002
  7.855432883782626E-002
  7.816091586892562E-002
  7.786299509342692E-002
  7.763475402598703E-002
  7.745532196814837E-002
  7.730834220398922E-002
  7.717403096433609E-002
  7.704624153024343E-002
  7.692394046140422E-002
  7.680881736248070E-002
  7.670389275717523E-002
  7.660893068145481E-002
  7.652314921958754E-002
  7.644618167946447E-002
  7.637824472854896E-002
  7.631639729441911E-002
  7.626076991305016E-002
  7.620970719019445E-002
  7.616399721390722E-002
  7.612319694713934E-002
  7.608628721970252E-002
  7.605273975284847E-002
  7.602249105966297E-002
  7.599522285347558E-002
  7.597057058024574E-002
  7.594830288797075E-002
  7.592809191400561E-002
  7.590936537023101E-002
  7.589259686745549E-002
  7.587516252171742E-002
  7.585892450425900E-002
  7.584295661751436E-002
  7.582917599759939E-002
  7.581712779885202E-002
  7.580632373900395E-002
  7.579678640123991E-002
  7.578835656348462E-002
  7.578082515537693E-002
  7.577389402505820E-002
  7.576775892065379E-002
  7.576225920106504E-002
  7.575732551789198E-002
  7.575291457992528E-002
  7.574896207670348E-002
  7.574542172262516E-002
  7.574225213359240E-002
  7.573942386735949E-002
  7.573690963355494E-002
  7.573461957916312E-002
  7.573257092219082E-002
  7.573073315371982E-002
  7.572908695611373E-002
  7.572761248862780E-002
  7.572629476765252E-002
  7.572513111451033E-002
  7.572348713581516E-002
  7.572258996984943E-002
  7.572131661974299E-002
  7.572023746810136E-002
  7.571940864235253E-002
  7.571873673606420E-002
  7.571816795837939E-002
  7.571768356150980E-002
  7.571727120589861E-002
  7.571692182443851E-002
  7.571662691977625E-002
  7.571637896745523E-002
  7.571617082332262E-002
  7.571599857106059E-002
  7.571585804826499E-002
  7.571574523309743E-002
  7.571565651098988E-002
  7.571558908466086E-002
  7.571554024941640E-002
  7.571550817500515E-002
  7.571549026906974E-002
  7.571548523367019E-002
  7.571549120524845E-002
  7.571550654959559E-002
  7.571552990497506E-002
  7.571555963719589E-002
  7.571559344017470E-002
  7.571563210677755E-002
  7.571567369110713E-002
  7.571571880046581E-002
  7.571576578186522E-002
  7.571581362896387E-002
  7.571586193347823E-002
  7.571590911118532E-002
  7.571595429745601E-002
  7.571599616852424E-002
  7.571603265810019E-002
  7.571606133097945E-002
  7.571607767590526E-002
  7.571607324016233E-002
  7.571603583784015E-002
  0.999666175766410     
