  0.100090265417999     
  9.976994636307035E-002
  9.950673537866439E-002
  9.928083705965904E-002
  9.909276834270106E-002
  9.893928765029315E-002
  9.880994307393945E-002
  9.869874085492526E-002
  9.860357729600105E-002
  9.852323924457007E-002
  9.845455944915213E-002
  9.839532550315927E-002
  9.834396801151186E-002
  9.829976044863629E-002
  9.826170967500159E-002
  9.822886605460057E-002
  9.820055609091408E-002
  9.817589683398589E-002
  9.815454684470297E-002
  9.813602369159109E-002
  9.811993146946046E-002
  9.810591446824665E-002
  9.809379203573006E-002
  9.808328849829878E-002
  9.807416652316112E-002
  9.806627632164830E-002
  9.805941537564598E-002
  9.805350837723974E-002
  9.804840026293744E-002
  9.804396054089921E-002
  9.804044650811754E-002
  9.803721331866030E-002
  9.803446672677765E-002
  9.803214649002219E-002
  9.803012204574607E-002
  9.802844935370483E-002
  9.802702369106736E-002
  9.802583417254702E-002
  9.802486621893090E-002
  9.802412579135183E-002
  9.802351506171712E-002
  9.802304725033779E-002
  9.802269889999163E-002
  9.802245164238768E-002
  9.802229067542080E-002
  9.802220365515020E-002
  9.802217522960396E-002
  9.802219379969902E-002
  9.802224730903955E-002
  9.802235268384102E-002
  9.802247730103168E-002
  9.802261378050554E-002
  9.802276016221428E-002
  9.802291321508588E-002
  9.802307057153159E-002
  9.802321717474916E-002
  9.802339230887509E-002
  9.802356836851037E-002
  9.802376074243917E-002
  9.802393138731338E-002
  9.802408991520836E-002
  9.802424607853907E-002
  9.802440030941668E-002
  9.802455053378427E-002
  9.802469600149230E-002
  9.802483908482076E-002
  9.802497690210424E-002
  9.802511670349341E-002
  9.802524446767166E-002
  9.802536715432872E-002
  9.802548598547187E-002
  9.802559763679662E-002
  9.802570431653590E-002
  9.802580613816211E-002
  9.802590226761859E-002
  9.802599323249755E-002
  9.802607920176722E-002
  9.802615984029074E-002
  9.802623655047445E-002
  9.802630764069374E-002
  9.802637510322861E-002
  9.802643753857024E-002
  9.802649709163593E-002
  9.802655172998100E-002
  9.802660347956520E-002
  9.802665197359735E-002
  9.802669510253775E-002
  9.802673755419476E-002
  9.802677598345755E-002
  9.802681163057768E-002
  9.802684576109803E-002
  9.802687703406725E-002
  9.802690765942783E-002
  9.802693674531371E-002
  9.802696585099221E-002
  9.802699570032003E-002
  9.802702947752351E-002
  9.802706842738014E-002
  9.802711412427526E-002
  0.100090188697848     
