  3.513242661310707E-002
  3.510888027146091E-002
  3.508802386800383E-002
  3.506942541455811E-002
  3.505090440099134E-002
  3.503211249858013E-002
  3.501375825286746E-002
  3.499676507045499E-002
  3.498037536741628E-002
  3.496439772304749E-002
  3.494903550949945E-002
  3.493434037332296E-002
  3.492030530190391E-002
  3.490687403505100E-002
  3.489408393143217E-002
  3.488194677378587E-002
  3.487044291747633E-002
  3.485960870630052E-002
  3.484939224282855E-002
  3.483980643936437E-002
  3.483080202343204E-002
  3.482235230106600E-002
  3.481444512137016E-002
  3.480705562791275E-002
  3.480015796258645E-002
  3.479372617738577E-002
  3.478773564948586E-002
  3.478216188010136E-002
  3.477698243595602E-002
  3.477218367285861E-002
  3.476769717461638E-002
  3.476363397535799E-002
  3.475992896794702E-002
  3.475651933532999E-002
  3.475332879100546E-002
  3.475036710261293E-002
  3.474763045443752E-002
  3.474508891152599E-002
  3.474273480930545E-002
  3.474054966076581E-002
  3.473853786197141E-002
  3.473667171906604E-002
  3.473494170910409E-002
  3.473333838473920E-002
  3.473185117857058E-002
  3.473047344051949E-002
  3.472919528339316E-002
  3.472800893375981E-002
  3.472690656891681E-002
  3.472587810367415E-002
  3.472497258163593E-002
  3.472413681232715E-002
  3.472335837954681E-002
  3.472263266765061E-002
  3.472195479927699E-002
  3.472132082674959E-002
  3.472073329412891E-002
  3.472017695994191E-002
  3.471966802501397E-002
  3.471918200705768E-002
  3.471873337211647E-002
  3.471831426890216E-002
  3.471792252236611E-002
  3.471755463243772E-002
  3.471720959564152E-002
  3.471688588111301E-002
  3.471658222737420E-002
  3.471629797569793E-002
  3.471603094436138E-002
  3.471578106443046E-002
  3.471554722851405E-002
  3.471532790439645E-002
  3.471512281393849E-002
  3.471493091209471E-002
  3.471475119415044E-002
  3.471458322446600E-002
  3.471442610238587E-002
  3.471427904396827E-002
  3.471414208070735E-002
  3.471401408257042E-002
  3.471389480989567E-002
  3.471378362450583E-002
  3.471368001717087E-002
  3.471358361915419E-002
  3.471349415919135E-002
  3.471341089909751E-002
  3.471333334941082E-002
  3.471326186718902E-002
  3.471319566475817E-002
  3.471313444566430E-002
  3.471307797206104E-002
  3.471302605719324E-002
  3.471297821853307E-002
  3.471293466051732E-002
  3.471289468514031E-002
  3.471285855987305E-002
  3.471282599556708E-002
  3.471279715180563E-002
  3.471277844606482E-002
  3.471237276485022E-002
