  0.135222692031106     
  0.134878826634531     
  0.134594759246668     
  0.134350262474217     
  0.134143672743692     
  0.133971400148873     
  0.133823701326807     
  0.133695505925380     
  0.133583952663417     
  0.133487636967618     
  0.133403594958652     
  0.133329665876482     
  0.133264273313416     
  0.133206634483687     
  0.133155793606434     
  0.133110812828386     
  0.133070999008390     
  0.133035505540286     
  0.133003939087532     
  0.132975830130955     
  0.132950733492892     
  0.132928266769313     
  0.132908237157100     
  0.132890344126212     
  0.132874324485748     
  0.132860002499034     
  0.132847151025132     
  0.132835670257341     
  0.132825382698893     
  0.132816144213758     
  0.132808143682734     
  0.132800847294018     
  0.132794395694725     
  0.132788665825352     
  0.132783450836752     
  0.132778816456318     
  0.132774654145505     
  0.132770923084073     
  0.132767601028236     
  0.132764675452118     
  0.132762052923689     
  0.132759718969404     
  0.132757640609096     
  0.132755790027127     
  0.132754141853991     
  0.132752677095670     
  0.132751370512997     
  0.132750202733459     
  0.132749153877956     
  0.132748230787515     
  0.132747449882668     
  0.132746750592833     
  0.132746118541761     
  0.132745545882736     
  0.132745025370809     
  0.132744538001499     
  0.132744125603004     
  0.132743745328452     
  0.132743428767453     
  0.132743113394371     
  0.132742823287325     
  0.132742560347441     
  0.132742322831783     
  0.132742105166222     
  0.132741905597134     
  0.132741724965934     
  0.132741559129478     
  0.132741414679191     
  0.132741275412033     
  0.132741148218759     
  0.132741033213986     
  0.132740925541193     
  0.132740827130474     
  0.132740737050257     
  0.132740653461769     
  0.132740576456964     
  0.132740505304153     
  0.132740438884259     
  0.132740378631182     
  0.132740321723264     
  0.132740269913124     
  0.132740221163076     
  0.132740177108807     
  0.132740135349135     
  0.132740097638757     
  0.132740062872695     
  0.132740028451949     
  0.132739999421384     
  0.132739971648216     
  0.132739946076242     
  0.132739923733159     
  0.132739903091260     
  0.132739885877961     
  0.132739871405831     
  0.132739860536133     
  0.132739854260193     
  0.132739855473091     
  0.132739865579186     
  0.132739892570340     
  0.134802561462699     
