   1.34287324910056     
   1.34197299673491     
   1.34117537938986     
   1.34046451095681     
   1.33975638397138     
   1.33903794340851     
   1.33833625426160     
   1.33768659660731     
   1.33706000872976     
   1.33644921509993     
   1.33586195664719     
   1.33530021351356     
   1.33476360313667     
   1.33425035398982     
   1.33376142280447     
   1.33329755042874     
   1.33285780910828     
   1.33244377624264     
   1.33205332455539     
   1.33168697772641     
   1.33134289711815     
   1.33102000067211     
   1.33071781938549     
   1.33043544802596     
   1.33017188256550     
   1.32992610984851     
   1.32969720685480     
   1.32948422881988     
   1.32928634682773     
   1.32910306757364     
   1.32893160054490     
   1.32877685104935     
   1.32863486241355     
   1.32850449218715     
   1.32838259652994     
   1.32826939200224     
   1.32816480354732     
   1.32806770385362     
   1.32797773776612     
   1.32789418441575     
   1.32781726851541     
   1.32774589521425     
   1.32767972193225     
   1.32761836934127     
   1.32756143734592     
   1.32750866550914     
   1.32745967440142     
   1.32741415737803     
   1.32737179722600     
   1.32733206385438     
   1.32729748760876     
   1.32726541019278     
   1.32723551553029     
   1.32720764100597     
   1.32718160478654     
   1.32715727759328     
   1.32713452236222     
   1.32711327766632     
   1.32709344700763     
   1.32707498893983     
   1.32705785779505     
   1.32704180042071     
   1.32702676105192     
   1.32701265511552     
   1.32699943466713     
   1.32698703720560     
   1.32697542501547     
   1.32696452961921     
   1.32695433842346     
   1.32694479709471     
   1.32693586854496     
   1.32692751015946     
   1.32691969285668     
   1.32691237733017     
   1.32690554138665     
   1.32689915023873     
   1.32689317566173     
   1.32688759882701     
   1.32688239599629     
   1.32687754565225     
   1.32687302309847     
   1.32686881285210     
   1.32686489382222     
   1.32686124989401     
   1.32685786484384     
   1.32685471844600     
   1.32685179867718     
   1.32684909996628     
   1.32684660365448     
   1.32684430147185     
   1.32684218089446     
   1.32684023066686     
   1.32683844427760     
   1.32683681639417     
   1.32683533530439     
   1.32683399803216     
   1.32683280893523     
   1.32683178156897     
   1.32683112437820     
   1.32681439336056     
