  0.600645551769610     
  0.599722247803868     
  0.598928502417259     
  0.598215733529163     
  0.597586909052406     
  0.597037653282711     
  0.596545376453934     
  0.596098187493112     
  0.595690877964770     
  0.595322383569558     
  0.594986346720720     
  0.594678737944569     
  0.594396389637746     
  0.594138238143762     
  0.593902220797854     
  0.593685876569265     
  0.593488200520735     
  0.593306072481615     
  0.593139038181082     
  0.592985697425540     
  0.592844625086014     
  0.592714818219465     
  0.592595650493785     
  0.592485923031530     
  0.592384911985238     
  0.592291945728953     
  0.592206210634414     
  0.592127287682865     
  0.592054515906089     
  0.591987350303910     
  0.591927069236332     
  0.591870306468781     
  0.591818121334196     
  0.591770045140356     
  0.591725458243754     
  0.591684417046581     
  0.591646424928366     
  0.591611307077125     
  0.591578893125538     
  0.591549149378728     
  0.591521512361330     
  0.591495979118018     
  0.591472367870529     
  0.591450526754566     
  0.591430319341323     
  0.591411624875333     
  0.591394312364761     
  0.591378269861990     
  0.591363385823482     
  0.591349689570339     
  0.591336997548200     
  0.591325215738172     
  0.591314275032256     
  0.591304115922402     
  0.591294677344969     
  0.591285856737864     
  0.591277789767684     
  0.591270297986927     
  0.591263394971110     
  0.591256969228185     
  0.591250950284122     
  0.591245374332635     
  0.591240216015911     
  0.591235433445243     
  0.591231002075314     
  0.591226904431973     
  0.591223108406732     
  0.591219624055656     
  0.591216375517756     
  0.591213372955519     
  0.591210602032300     
  0.591208034869442     
  0.591205666973667     
  0.591203481416398     
  0.591201462857334     
  0.591199601396944     
  0.591197885413970     
  0.591196301141274     
  0.591194846983233     
  0.591193503826518     
  0.591192272605999     
  0.591191135345008     
  0.591190094885430     
  0.591189137613794     
  0.591188262332491     
  0.591187459309125     
  0.591186718775218     
  0.591186046994175     
  0.591185432113072     
  0.591184871521865     
  0.591184363849449     
  0.591183901046377     
  0.591183487335597     
  0.591183116095158     
  0.591182792087397     
  0.591182512476306     
  0.591182286006630     
  0.591182117331230     
  0.591182001919849     
  0.591177223277352     
