   1.82617167351619     
   1.82815197993389     
   1.83052134996958     
   1.83316705396587     
   1.83599229793157     
   1.83892263791752     
   1.84190227933587     
   1.84488631322113     
   1.84783972328219     
   1.85073591541975     
   1.85355631859911     
   1.85628681775212     
   1.85891629072775     
   1.86143829571604     
   1.86384883170857     
   1.86614572265122     
   1.86833120314583     
   1.87040375040699     
   1.87236467224463     
   1.87421762267862     
   1.87596658840135     
   1.87761534469665     
   1.87916751610105     
   1.88062782285831     
   1.88200061972078     
   1.88329019250256     
   1.88450098925491     
   1.88563670446400     
   1.88670161813924     
   1.88769976148959     
   1.88863494497313     
   1.88951148836646     
   1.89033211594726     
   1.89110054085991     
   1.89181941793406     
   1.89249174456609     
   1.89312018596271     
   1.89370775394976     
   1.89425556829083     
   1.89476720748353     
   1.89524488828789     
   1.89569060922339     
   1.89610636708859     
   1.89649405102516     
   1.89685532719513     
   1.89719182699975     
   1.89750499538594     
   1.89779651893277     
   1.89806779110387     
   1.89832025744121     
   1.89855493045077     
   1.89877296914402     
   1.89897558962332     
   1.89916369334340     
   1.89933828602943     
   1.89950038931080     
   1.89965082384084     
   1.89979039643053     
   1.89991772777521     
   1.90003619998462     
   1.90014574805244     
   1.90024683792848     
   1.90033985576688     
   1.90042564232692     
   1.90050470630542     
   1.90057735267622     
   1.90064410471165     
   1.90070544357642     
   1.90076171006079     
   1.90081332252603     
   1.90086056580276     
   1.90090378912790     
   1.90094335832039     
   1.90097953473866     
   1.90101253877892     
   1.90104270198693     
   1.90107021555520     
   1.90109528480027     
   1.90111809853151     
   1.90113888301165     
   1.90115779494407     
   1.90117497742746     
   1.90119052919167     
   1.90120464250261     
   1.90121741525761     
   1.90122902282422     
   1.90123941910208     
   1.90124883891611     
   1.90125732171882     
   1.90126494829502     
   1.90127178100073     
   1.90127790293195     
   1.90128329188874     
   1.90128811493233     
   1.90129233186673     
   1.90129602076491     
   1.90129915132230     
   1.90130183191683     
   1.90130392549595     
   1.90132406399718     
