   9.09943691599106     
   9.16138532975168     
   9.22185076833662     
   9.27877390530668     
   9.33132772395512     
   9.37966211598543     
   9.42354448836393     
   9.46341857462470     
   9.49953011708203     
   9.53242473649902     
   9.56195254593091     
   9.58866988110585     
   9.61287087457677     
   9.63476625360509     
   9.65462732447830     
   9.67276092518418     
   9.68936020011567     
   9.70447743907994     
   9.71838723002291     
   9.73119777319057     
   9.74298435103926     
   9.75384003079246     
   9.76386198501962     
   9.77313732581946     
   9.78174107238109     
   9.78973107340494     
   9.79716696823446     
   9.80414467807443     
   9.81062144022406     
   9.81663715160407     
   9.82223910485464     
   9.82748051357460     
   9.83235834530686     
   9.83692913770169     
   9.84119620776917     
   9.84515912508831     
   9.84888652344731     
   9.85231759279511     
   9.85568450470551     
   9.85872377074958     
   9.86153070919595     
   9.86412589417018     
   9.86651445764263     
   9.86870859855046     
   9.87073278191672     
   9.87258571778703     
   9.87433337884312     
   9.87590369489572     
   9.87733547807283     
   9.87864395142809     
   9.87981428149147     
   9.88088291203028     
   9.88185679367770     
   9.88274702927913     
   9.88355785859084     
   9.88429663193172     
   9.88496597069017     
   9.88556798564867     
   9.88693592698386     
   9.88765447041889     
   9.88818502115127     
   9.88865497819698     
   9.88916531985249     
   9.88956724474237     
   9.88991041108297     
   9.89021497223854     
   9.89048714006381     
   9.89073028687670     
   9.89094733503933     
   9.89114084151537     
   9.89131382676081     
   9.89146741051692     
   9.89160397685091     
   9.89172531466768     
   9.89184693208203     
   9.89195011076092     
   9.89203761858264     
   9.89211383394863     
   9.89218105060483     
   9.89224017818191     
   9.89229212421403     
   9.89233762063452     
   9.89237734869259     
   9.89241194416172     
   9.89244191548586     
   9.89246773661575     
   9.89248986185470     
   9.89250866234972     
   9.89252450429950     
   9.89253777338863     
   9.89254868328168     
   9.89255756391553     
   9.89256462633587     
   9.89257011069373     
   9.89257419756143     
   9.89257713225948     
   9.89257917376140     
   9.89258078519467     
   9.89258857864718     
   5.87611930746775     
   5.40252375553478     
   5.40304973700294     
   5.40403516004810     
   5.40493883187127     
   5.40565635592193     
   5.40655814689078     
   5.40749308744626     
   5.40864150964916     
   5.40995084911849     
   5.41158516555823     
   5.41322169737816     
   5.41497728081679     
   5.41685748628283     
   5.41877901716980     
   5.42074217236108     
   5.42281684973574     
   5.42498173006027     
   5.42714024956518     
   5.42937538583673     
   5.43164475254974     
   5.43391895704903     
   5.43618379878604     
   5.43843871674438     
   5.44068308563121     
   5.44292134473804     
   5.44514245253896     
   5.44734943071465     
   5.44958025877887     
   5.45176078274811     
   5.45388014351884     
   5.45594906178546     
   5.45798178433482     
   5.45995884615395     
   5.46189868977336     
   5.46378325204086     
   5.46559422844949     
   5.46734631427544     
   5.46902180330736     
   5.47074823054465     
   5.47234597322874     
   5.47386683097993     
   5.47530451583605     
   5.47665937214839     
   5.47793369236877     
   5.47913374758107     
   5.48025891778841     
   5.48134906598536     
   5.48234762176158     
   5.48327812737065     
   5.48414766216926     
   5.48494350771294     
   5.48568604854862     
   5.48637810562594     
   5.48702400020955     
   5.48762530966451     
   5.48818503865208     
   5.48870359926348     
   5.48918113308514     
   5.49000160090197     
   5.49050674903095     
   5.49089514843989     
   5.49125240935516     
   5.49164782520640     
   5.49198299032890     
   5.49228081660055     
   5.49255400154373     
   5.49280557797049     
   5.49303726731159     
   5.49325055581533     
   5.49344677428338     
   5.49362768864241     
   5.49379366369966     
   5.49394612668656     
   5.49408611274857     
   5.49422599145912     
   5.49435004173818     
   5.49446032224659     
   5.49456019441650     
   5.49465146757723     
   5.49473477224766     
   5.49481077767258     
   5.49488004961421     
   5.49494313576046     
   5.49500055176586     
   5.49505273657502     
   5.49510011768391     
   5.49514310132234     
   5.49518203653890     
   5.49521727219299     
   5.49524917673471     
   5.49527799248574     
   5.49530403970775     
   5.49532755659233     
   5.49534880106649     
   5.49536798112050     
   5.49538533477465     
   5.49540111248826     
   5.49541567745742     
   5.49543256939992     
   52.5028293404889     
   7.49758828624685     
   7.49828495714409     
   7.49843042139357     
   7.49823159681913     
   7.49758356625994     
   7.49664582537318     
   7.49547099849901     
   7.49438833936892     
   7.49351514662272     
   7.49295550099956     
   7.49235299300579     
   7.49195520589863     
   7.49177862826422     
   7.49183655777063     
   7.49212291735937     
   7.49258034700228     
   7.49322174554803     
   7.49397016617493     
   7.49483148007188     
   7.49584441682161     
   7.49693221450877     
   7.49808774588633     
   7.49929889347331     
   7.50055780553008     
   7.50185037410820     
   7.50318193604929     
   7.50451472763259     
   7.50582729877453     
   7.50711515958847     
   7.50837738864872     
   7.50961927951342     
   7.51085169903638     
   7.51204006841369     
   7.51320029198320     
   7.51433046874701     
   7.51542681407516     
   7.51657930759559     
   7.51760692813066     
   7.51865523586484     
   7.51958918440842     
   7.52045727817766     
   7.52130223159433     
   7.52210322010083     
   7.52285693449294     
   7.52358665845915     
   7.52426485695686     
   7.52490941633466     
   7.52550953552659     
   7.52607286740725     
   7.52660239864305     
   7.52708553579151     
   7.52754063965361     
   7.52796898444931     
   7.52837270993657     
   7.52875130811800     
   7.52910621666707     
   7.52943692114604     
   7.52974267697177     
   7.53113450823952     
   7.53171087379312     
   7.53216247426619     
   7.53254927003113     
   7.53290702886533     
   7.53315790929318     
   7.53337062351313     
   7.53355899155727     
   7.53372914349969     
   7.53388357921391     
   7.53402480849308     
   7.53415428612480     
   7.53427316781267     
   7.53438236880152     
   7.53448273648296     
   7.53457494694250     
   7.53465958266242     
   7.53473725193960     
   7.53480846570904     
   7.53487388784381     
   7.53493368782818     
   7.53498832348181     
   7.53503821402337     
   7.53508371135495     
   7.53512515851178     
   7.53516289920563     
   7.53519721707683     
   7.53522838710461     
   7.53525664528052     
   7.53528225451224     
   7.53530542334459     
   7.53532640639718     
   7.53534533593925     
   7.53536244563769     
   7.53537787088603     
   7.53539180683715     
   7.53540437710949     
   7.53541580462845     
   7.53542627473241     
   7.53543609972865     
   7.53545206648602     
   199.864209557866     
   43.4501473894617     
   43.9418426115271     
   44.3992567949142     
   44.8170400466862     
   45.1910142067742     
   45.5207673461816     
   45.8072327403565     
   46.0533473264983     
   46.2630221818459     
   46.4402539149715     
   46.5892556636039     
   46.7135761049648     
   46.8169287256566     
   46.9024230148909     
   46.9728275617722     
   47.0305208648417     
   47.0772781886899     
   47.1153755303671     
   47.1461462763473     
   47.1707824915468     
   47.1903718344033     
   47.2058360249020     
   47.2178595300057     
   47.2270660885950     
   47.2339334212033     
   47.2388770249433     
   47.2423060833959     
   47.2445335111385     
   47.2458064352482     
   47.2463248484306     
   47.2462502814158     
   47.2457159868764     
   47.2448543020353     
   47.2437501129549     
   47.2424820936535     
   47.2411016888352     
   47.2396478025203     
   47.2381743690259     
   47.2366823920146     
   47.2352246597849     
   47.2338188937687     
   47.2324694895272     
   47.2311939794590     
   47.2299913797855     
   47.2288703375508     
   47.2278148944611     
   47.2268373848079     
   47.2259307302329     
   47.2251018669455     
   47.2243501600728     
   47.2235525155486     
   47.2228244446806     
   47.2221023818997     
   47.2214817690848     
   47.2208895616037     
   47.2203675199280     
   47.2198838176704     
   47.2194212408137     
   47.2189063252950     
   47.2185271240374     
   47.2182080033415     
   47.2179228640053     
   47.2176492723806     
   47.2175124156263     
   47.2174743901437     
   47.2174515351789     
   47.2174292591374     
   47.2174063951835     
   47.2173749654076     
   47.2173319284312     
   47.2172781389472     
   47.2172152698706     
   47.2171461501722     
   47.2170734328221     
   47.2169993754072     
   47.2169262275269     
   47.2168555260748     
   47.2167885330775     
   47.2167254170033     
   47.2166667219261     
   47.2166126115789     
   47.2165634198148     
   47.2165187665883     
   47.2164781027354     
   47.2164409822439     
   47.2164068945536     
   47.2163754707696     
   47.2163463196687     
   47.2163190947509     
   47.2162932957833     
   47.2162684330713     
   47.2162442917055     
   47.2162204082563     
   47.2161963525791     
   47.2161716893563     
   47.2161461456882     
   47.2161193508811     
   47.2160907699285     
   47.2160545155671     
   524.585677635960     
