  0.385207744939351     
  0.385589036274901     
  0.385965448931128     
  0.386332450616955     
  0.386686271598671     
  0.387026955319911     
  0.387353511876490     
  0.387665401727513     
  0.387962669304363     
  0.388245426807833     
  0.388512851299307     
  0.388766220665346     
  0.389005357942683     
  0.389230777595162     
  0.389443046519380     
  0.389643117117494     
  0.389830245486645     
  0.390005721852657     
  0.390170493458291     
  0.390324149295554     
  0.390467580170097     
  0.390601386498863     
  0.390725992508555     
  0.390842379249516     
  0.390950775095750     
  0.391051708573720     
  0.391145899721447     
  0.391233463427792     
  0.391314924467042     
  0.391390652632679     
  0.391461113847656     
  0.391526949619469     
  0.391587983136820     
  0.391644968656623     
  0.391697838855324     
  0.391747030091741     
  0.391792864465349     
  0.391835469342019     
  0.391875752581710     
  0.391912775935492     
  0.391947192096813     
  0.391979289286077     
  0.392009165631828     
  0.392036990071487     
  0.392062963230952     
  0.392087129481377     
  0.392109804576967     
  0.392130777649957     
  0.392150346562934     
  0.392168641267652     
  0.392185497685149     
  0.392201069654459     
  0.392215571290096     
  0.392229123398965     
  0.392241749277256     
  0.392253526920391     
  0.392264476660475     
  0.392274622520809     
  0.392284532389276     
  0.392293280105009     
  0.392301418709474     
  0.392308975641527     
  0.392316034794072     
  0.392322510985333     
  0.392328513704354     
  0.392334076256183     
  0.392339226877022     
  0.392343993066775     
  0.392348407910386     
  0.392352493344337     
  0.392356273207515     
  0.392359770599306     
  0.392363002509111     
  0.392365986699200     
  0.392368755507036     
  0.392371299774919     
  0.392373648384777     
  0.392375818074042     
  0.392377817549817     
  0.392379657248086     
  0.392381355448790     
  0.392382918687670     
  0.392384358266272     
  0.392385679908992     
  0.392386897543741     
  0.392388013730553     
  0.392389045516767     
  0.392389981308541     
  0.392390847436870     
  0.392391644881372     
  0.392392368345791     
  0.392393037396465     
  0.392393655321467     
  0.392394214564461     
  0.392394734269775     
  0.392395207576888     
  0.392395648394385     
  0.392396050274328     
  0.392396397544377     
  0.392399137205953     
