  0.788067716351853     
  0.788786531661797     
  0.789397667400225     
  0.789909023932259     
  0.790339594856275     
  0.790702903990048     
  0.791010089645537     
  0.791269842336325     
  0.791490885774973     
  0.791679664501982     
  0.791840687517143     
  0.791978933377895     
  0.792096475430797     
  0.792197601282249     
  0.792284735192636     
  0.792360097168745     
  0.792426371584870     
  0.792481588056133     
  0.792529107609492     
  0.792570396911954     
  0.792606141511007     
  0.792636770548246     
  0.792662706021654     
  0.792685534391812     
  0.792705136360085     
  0.792721891409058     
  0.792736533856572     
  0.792748695454816     
  0.792759049957609     
  0.792767842679959     
  0.792775289924279     
  0.792782260118405     
  0.792787442000021     
  0.792792171512145     
  0.792795611645657     
  0.792798358358560     
  0.792800497474441     
  0.792802179082261     
  0.792803151517344     
  0.792804019709870     
  0.792804564092198     
  0.792804763239008     
  0.792804786211502     
  0.792804591463632     
  0.792804220849082     
  0.792803731837139     
  0.792803163471095     
  0.792802501121394     
  0.792801833556103     
  0.792801255245822     
  0.792800495791928     
  0.792799590941678     
  0.792798815703833     
  0.792798028445543     
  0.792797274138257     
  0.792796600700420     
  0.792795971733376     
  0.792795354739858     
  0.792794298548745     
  0.792793741083084     
  0.792793103031835     
  0.792792465044624     
  0.792791786035417     
  0.792791174780030     
  0.792790555550765     
  0.792789953270639     
  0.792789377170954     
  0.792788832738509     
  0.792788321117803     
  0.792787843365043     
  0.792787406392868     
  0.792787002946582     
  0.792786633928247     
  0.792786301173227     
  0.792785995747777     
  0.792785723884732     
  0.792785476830927     
  0.792785254551489     
  0.792785055956926     
  0.792784877762992     
  0.792784717006171     
  0.792784574121726     
  0.792784445726559     
  0.792784331660481     
  0.792784230343581     
  0.792784139384922     
  0.792784056181012     
  0.792783984153925     
  0.792783918677560     
  0.792783857922635     
  0.792783804682351     
  0.792783752756346     
  0.792783702923238     
  0.792783654410156     
  0.792783603759037     
  0.792783547791852     
  0.792783482137316     
  0.792783396524369     
  0.792783290476298     
  0.792783439063392     
