  0.355634352174604     
  0.353292819766513     
  0.351253036172906     
  0.349494586569760     
  0.347970353361260     
  0.346641347396288     
  0.345479059140829     
  0.344458546670032     
  0.343559328031216     
  0.342759733810759     
  0.342048890312896     
  0.341413061851392     
  0.340843240545715     
  0.340331475823850     
  0.339870598425999     
  0.339453341130952     
  0.339074554104385     
  0.338731830082264     
  0.338419837382779     
  0.338136067689145     
  0.337877524525724     
  0.337642162036175     
  0.337427630098588     
  0.337231954813396     
  0.337053254772911     
  0.336890259657324     
  0.336741119983266     
  0.336603950065830     
  0.336478637003947     
  0.336364180956227     
  0.336259616104211     
  0.336163896575406     
  0.336076501228430     
  0.335996656498958     
  0.335923819843517     
  0.335857615036216     
  0.335797623443526     
  0.335742965484227     
  0.335690699079490     
  0.335643960394647     
  0.335601653823132     
  0.335563590826406     
  0.335529217278232     
  0.335498297115406     
  0.335470614810610     
  0.335445868866459     
  0.335423004016421     
  0.335403063547279     
  0.335385493388482     
  0.335370026518907     
  0.335356616118750     
  0.335344908696136     
  0.335334638733809     
  0.335325782475870     
  0.335318134030697     
  0.335311587010108     
  0.335306013463224     
  0.335301334351227     
  0.335294381115144     
  0.335291058295433     
  0.335289600312669     
  0.335288643429567     
  0.335286642879266     
  0.335285537339928     
  0.335285009588287     
  0.335284790443608     
  0.335284771126342     
  0.335284906246126     
  0.335285208422674     
  0.335285644904647     
  0.335286180135111     
  0.335286791914485     
  0.335287459197246     
  0.335288165247696     
  0.335288800429490     
  0.335289490755832     
  0.335290209862753     
  0.335290936180968     
  0.335291656069816     
  0.335292365667337     
  0.335293061020388     
  0.335293742628099     
  0.335294408233514     
  0.335295055039050     
  0.335295681942188     
  0.335296288532819     
  0.335296873402214     
  0.335297436455029     
  0.335297977297437     
  0.335298495946627     
  0.335298992795331     
  0.335299467996189     
  0.335299921664182     
  0.335300354756947     
  0.335300767532208     
  0.335301160508171     
  0.335301532915497     
  0.335301881776742     
  0.335302163328938     
  0.000000000000000E+000
