  0.188174054652860     
  0.186533240343505     
  0.185101335342125     
  0.183867246747674     
  0.182802522720618     
  0.181888217853737     
  0.181105478540180     
  0.180433199032713     
  0.179852341938916     
  0.179349221235114     
  0.178914117895610     
  0.178534855400642     
  0.178203816363450     
  0.177913753552822     
  0.177658991391339     
  0.177435631219691     
  0.177238809556723     
  0.177065877757044     
  0.176914086192401     
  0.176780530153660     
  0.176663361148861     
  0.176560704820997     
  0.176470865396041     
  0.176392383056356     
  0.176324171608808     
  0.176264772798238     
  0.176213816640580     
  0.176170675140615     
  0.176134271877293     
  0.176103685894296     
  0.176078290035836     
  0.176057457686171     
  0.176040883791425     
  0.176027927230926     
  0.176018096239352     
  0.176010944795586     
  0.176005119150600     
  0.176002270653604     
  0.176001224590987     
  0.176002225429904     
  0.176004756876090     
  0.176007995435850     
  0.176012347668736     
  0.176017560554340     
  0.176023229050236     
  0.176029466889363     
  0.176036220232855     
  0.176043197129245     
  0.176050355334661     
  0.176057642909242     
  0.176064970373068     
  0.176072238865387     
  0.176079352750051     
  0.176086329557935     
  0.176093107052679     
  0.176099682036008     
  0.176106023450831     
  0.176112129116072     
  0.176109153158873     
  0.176110642562936     
  0.176112036768063     
  0.176113303788111     
  0.176114412168082     
  0.176116521727425     
  0.176119275640271     
  0.176122173430521     
  0.176125162037674     
  0.176128244199585     
  0.176131279605609     
  0.176134214467850     
  0.176137026336120     
  0.176139699564643     
  0.176142226178661     
  0.176144605372013     
  0.176146865505191     
  0.176148975170336     
  0.176150944061727     
  0.176152779986968     
  0.176154494337326     
  0.176156093082246     
  0.176157582319333     
  0.176158969070067     
  0.176160259161057     
  0.176161457658672     
  0.176162569689891     
  0.176163601107188     
  0.176164556512034     
  0.176165440765838     
  0.176166258361218     
  0.176167013847045     
  0.176167711403150     
  0.176168355039874     
  0.176168948256898     
  0.176169494539943     
  0.176169996906151     
  0.176170457753724     
  0.176170878967917     
  0.176171261025472     
  0.176171547709477     
  0.000000000000000E+000
