  0.456191593172537     
  0.460173939889982     
  0.463645628484969     
  0.466638166682566     
  0.469227123918122     
  0.471470434749976     
  0.473415462318992     
  0.475108254297256     
  0.476588330029867     
  0.477891044954126     
  0.479036991791494     
  0.480052082747966     
  0.480952943090835     
  0.481754770623328     
  0.482470410182662     
  0.483111027649356     
  0.483686636338892     
  0.484202292160691     
  0.484666076424820     
  0.485083402157195     
  0.485459114325415     
  0.485797133142828     
  0.486101504505370     
  0.486375662130249     
  0.486622573618281     
  0.486844967544436     
  0.487045063376153     
  0.487225374793554     
  0.487387091118760     
  0.487532133149476     
  0.487662093859954     
  0.487778645738424     
  0.487882614980144     
  0.487975416270116     
  0.488058083917132     
  0.488131440168198     
  0.488197257405874     
  0.488254763862170     
  0.488308076329524     
  0.488353814175450     
  0.488393589300778     
  0.488428413737744     
  0.488458435053031     
  0.488484142330254     
  0.488506156139154     
  0.488524664244178     
  0.488540775750724     
  0.488553739323476     
  0.488564151276858     
  0.488572330571851     
  0.488578413508182     
  0.488582852438479     
  0.488586008516141     
  0.488587887966195     
  0.488588758916624     
  0.488588730953884     
  0.488587963085945     
  0.488586536532700     
  0.488596465725984     
  0.488598299141631     
  0.488598362919268     
  0.488598052782322     
  0.488598944952652     
  0.488597940932647     
  0.488595714771441     
  0.488593036125872     
  0.488590066835983     
  0.488586849554289     
  0.488583511971718     
  0.488580140627503     
  0.488576793528769     
  0.488573508520872     
  0.488570314624093     
  0.488567229380291     
  0.488564334065320     
  0.488561534073832     
  0.488558846075521     
  0.488556283832065     
  0.488553849592858     
  0.488551541250415     
  0.488549356660279     
  0.488547288301835     
  0.488545332605429     
  0.488543487302277     
  0.488541748367920     
  0.488540110359994     
  0.488538570085752     
  0.488537122779133     
  0.488535764341345     
  0.488534490206327     
  0.488533295801519     
  0.488532176963937     
  0.488531130078919     
  0.488530150703111     
  0.488529235561641     
  0.488528381738104     
  0.488527588116586     
  0.488526857197785     
  0.488526288961586     
  0.000000000000000E+000
