   8.12161605448139     
   8.13025337349102     
   8.13876225992731     
   8.14772126664563     
   8.15684763142791     
   8.16610774888668     
   8.17560270864556     
   8.18525684053345     
   8.19491987414339     
   8.20448023792540     
   8.21398165643693     
   8.22331508959577     
   8.23245231925683     
   8.24130944473164     
   8.24984473386755     
   8.25802156202285     
   8.26580518341640     
   8.27328792223382     
   8.28038493977523     
   8.28707377537125     
   8.29337748456312     
   8.29932091752497     
   8.30490779568627     
   8.31013925600668     
   8.31504029470048     
   8.31962731099826     
   8.32390419116292     
   8.32790166211579     
   8.33163673458197     
   8.33512415515249     
   8.33837430048146     
   8.34138916085760     
   8.34421464787558     
   8.34683855667237     
   8.34929456105570     
   8.35158476720248     
   8.35370945084987     
   8.35569603508418     
   8.35752636667726     
   8.35923707432634     
   8.36083705895332     
   8.36232928536810     
   8.36372588836276     
   8.36502987264618     
   8.36625129064683     
   8.36738828513138     
   8.36845160161710     
   8.36944690032959     
   8.37038568111798     
   8.37127620299224     
   8.37203883587699     
   8.37275354506625     
   8.37341669131342     
   8.37403945649239     
   8.37461939687150     
   8.37516286718045     
   8.37566489046576     
   8.37612050347322     
   8.37643471503253     
   8.37680345666520     
   8.37716840285497     
   8.37751163840711     
   8.37781297826370     
   8.37810587806856     
   8.37838351209237     
   8.37864335741066     
   8.37888584468564     
   8.37911221175878     
   8.37932350088209     
   8.37952056966804     
   8.37970436661570     
   8.37987564106004     
   8.38003529939956     
   8.38018390273845     
   8.38032173777994     
   8.38044998025953     
   8.38056922675072     
   8.38068018029074     
   8.38078302455117     
   8.38087842377448     
   8.38096694973231     
   8.38104896837958     
   8.38112487617587     
   8.38119509598246     
   8.38125997575433     
   8.38131990062708     
   8.38137503592975     
   8.38142578120294     
   8.38147249282097     
   8.38151544345986     
   8.38155461096882     
   8.38159051430661     
   8.38162316638284     
   8.38165283116014     
   8.38167953323273     
   8.38170348499179     
   8.38172482181440     
   8.38174350102948     
   8.38175384546827     
   8.38202596394700     
