  0.776291388966868     
  0.776226078102371     
  0.776197617629306     
  0.776208224554025     
  0.776247198213785     
  0.776310330870480     
  0.776395892626253     
  0.776494767762039     
  0.776599192310250     
  0.776704141553985     
  0.776811219709397     
  0.776915443812130     
  0.777015203861463     
  0.777109034872510     
  0.777196270163498     
  0.777276970662515     
  0.777350589225788     
  0.777418591791487     
  0.777480423189285     
  0.777535766531552     
  0.777585485344167     
  0.777630054159242     
  0.777669657690907     
  0.777704674614610     
  0.777735538389258     
  0.777762421319864     
  0.777785954613626     
  0.777806692440254     
  0.777824927037515     
  0.777840998123822     
  0.777854915994970     
  0.777866654580288     
  0.777876911100488     
  0.777885517601946     
  0.777892791147927     
  0.777898836456562     
  0.777902773577940     
  0.777906702533178     
  0.777909099257662     
  0.777911581677041     
  0.777913757956706     
  0.777915177572926     
  0.777916382917626     
  0.777917339709916     
  0.777917909422806     
  0.777918312208015     
  0.777918515342881     
  0.777918647125369     
  0.777918773284151     
  0.777918960364697     
  0.777918408444421     
  0.777917813763895     
  0.777917136409804     
  0.777916446895210     
  0.777915733791071     
  0.777915026971248     
  0.777914267261853     
  0.777913402512619     
  0.777901855300454     
  0.777897070486982     
  0.777893190781259     
  0.777889684056811     
  0.777885966907355     
  0.777883704017602     
  0.777882290701908     
  0.777881238939040     
  0.777880467082965     
  0.777879944719155     
  0.777879549874123     
  0.777879233264933     
  0.777878974543204     
  0.777878755564491     
  0.777878566667778     
  0.777878401487251     
  0.777878255087029     
  0.777878128010665     
  0.777878018028541     
  0.777877923457752     
  0.777877843514247     
  0.777877777935818     
  0.777877725970785     
  0.777877686667823     
  0.777877658682645     
  0.777877640213172     
  0.777877629685530     
  0.777877626123764     
  0.777877627580784     
  0.777877633838522     
  0.777877643659909     
  0.777877656412307     
  0.777877669605313     
  0.777877683680116     
  0.777877696871972     
  0.777877708520245     
  0.777877715944306     
  0.777877718260269     
  0.777877713560831     
  0.777877695718185     
  0.777877544144958     
  0.777878040002492     
