  0.796812352286321     
  0.796691146150365     
  0.796445996779536     
  0.796132643017543     
  0.795786934112471     
  0.795434284212701     
  0.795093089288741     
  0.794771759900321     
  0.794473981202411     
  0.794201446183604     
  0.793955943872257     
  0.793735724774440     
  0.793539099740832     
  0.793363636451878     
  0.793207132152064     
  0.793067578549049     
  0.792943152403126     
  0.792832481539476     
  0.792733535664325     
  0.792644626573386     
  0.792564739475543     
  0.792492921374748     
  0.792428162528049     
  0.792369661678513     
  0.792316850463074     
  0.792269096939304     
  0.792225762111768     
  0.792186503040057     
  0.792150924292291     
  0.792118690679690     
  0.792089397311301     
  0.792062665935888     
  0.792038477040049     
  0.792016421760024     
  0.791996433692404     
  0.791978282037562     
  0.791961505353454     
  0.791946513943172     
  0.791932661578965     
  0.791920311720987     
  0.791909235918768     
  0.791899176892554     
  0.791890181954135     
  0.791882114771525     
  0.791874874914518     
  0.791868394314512     
  0.791862636221654     
  0.791857539084442     
  0.791853106788882     
  0.791849324230092     
  0.791845458148826     
  0.791842059846897     
  0.791839102662745     
  0.791836518885802     
  0.791834284080819     
  0.791832363435297     
  0.791830682315097     
  0.791829151251723     
  0.791824780058937     
  0.791822638305765     
  0.791820989091948     
  0.791819606359755     
  0.791818231050325     
  0.791817271644980     
  0.791816518633516     
  0.791815931073953     
  0.791815491376239     
  0.791815184883667     
  0.791814990944407     
  0.791814896161547     
  0.791814890710302     
  0.791814961551111     
  0.791815098076024     
  0.791815288753650     
  0.791815521939235     
  0.791815790668877     
  0.791816086479265     
  0.791816403579387     
  0.791816734347395     
  0.791817074577386     
  0.791817420475637     
  0.791817767618755     
  0.791818113194398     
  0.791818454845850     
  0.791818790398011     
  0.791819118334729     
  0.791819436845416     
  0.791819745725133     
  0.791820044040415     
  0.791820331618671     
  0.791820606662170     
  0.791820870183352     
  0.791821121323080     
  0.791821360368938     
  0.791821585855150     
  0.791821798302374     
  0.791821997526964     
  0.791822180747380     
  0.791822288439180     
  0.791824901353887     
