  0.747501593426467     
  0.747901199112745     
  0.748167250402647     
  0.748335408126359     
  0.748428213944335     
  0.748466264026785     
  0.748467320539006     
  0.748442260449788     
  0.748398284177292     
  0.748341528667471     
  0.748277414127905     
  0.748208730653016     
  0.748137935999501     
  0.748066361726622     
  0.747994945113457     
  0.747924693482803     
  0.747856163283013     
  0.747789784161540     
  0.747725867208530     
  0.747664134868936     
  0.747604793471554     
  0.747548177035445     
  0.747493419270809     
  0.747441528957928     
  0.747392119620254     
  0.747345128988291     
  0.747300485252676     
  0.747258203229420     
  0.747218317781002     
  0.747180611362367     
  0.747144935283086     
  0.747111517340545     
  0.747079830234497     
  0.747050132713599     
  0.747022222090397     
  0.746996066088420     
  0.746971395030798     
  0.746948420824125     
  0.746926811226585     
  0.746906823018616     
  0.746888321164395     
  0.746871007435732     
  0.746855068311981     
  0.746840227419712     
  0.746826567191477     
  0.746813794628855     
  0.746802279236196     
  0.746791560237313     
  0.746781936486195     
  0.746773494339891     
  0.746763561946989     
  0.746754276857989     
  0.746745643756166     
  0.746737781051601     
  0.746730478653851     
  0.746723863920910     
  0.746717623907563     
  0.746711447422010     
  0.746704773356912     
  0.746699654470611     
  0.746695037240534     
  0.746690904951171     
  0.746687041089879     
  0.746683741107173     
  0.746680811674329     
  0.746678227486611     
  0.746675946319085     
  0.746673943491549     
  0.746672194394771     
  0.746670667709474     
  0.746669363669487     
  0.746668249292393     
  0.746667305754014     
  0.746666519244891     
  0.746665882332538     
  0.746665361937813     
  0.746664942121805     
  0.746664621860410     
  0.746664384353198     
  0.746664217734254     
  0.746664112261762     
  0.746664061612826     
  0.746664062428617     
  0.746664102498619     
  0.746664175303489     
  0.746664268030989     
  0.746664388215084     
  0.746664526537837     
  0.746664673990899     
  0.746664829777280     
  0.746664994436493     
  0.746665158252008     
  0.746665327820219     
  0.746665494688112     
  0.746665654262898     
  0.746665807358760     
  0.746665954949387     
  0.746666077651787     
  0.746666058984559     
  0.746669167230606     
