  0.805663146574264     
  0.805359182850445     
  0.804883549864979     
  0.804316350246472     
  0.803711266246437     
  0.803104012598442     
  0.802518999050122     
  0.801969325204667     
  0.801461016022634     
  0.800996535697651     
  0.800576290098743     
  0.800198367078371     
  0.799860010868700     
  0.799557499762960     
  0.799287303631427     
  0.799046039618034     
  0.798830871237462     
  0.798638988708446     
  0.798467455249363     
  0.798313778854994     
  0.798176010943037     
  0.798052472311017     
  0.797941536568081     
  0.797841819511695     
  0.797752267221597     
  0.797671836935033     
  0.797599342177204     
  0.797534032920927     
  0.797475192248838     
  0.797422166245886     
  0.797374349534753     
  0.797331187821168     
  0.797292365355958     
  0.797257344017731     
  0.797225883764132     
  0.797197601961355     
  0.797172139501522     
  0.797149313379806     
  0.797128737020220     
  0.797110335574708     
  0.797093912277756     
  0.797079250046794     
  0.797066217113990     
  0.797054626002784     
  0.797044373661056     
  0.797035282848957     
  0.797027303195527     
  0.797020299994016     
  0.797014246884788     
  0.797009093276326     
  0.797004124200362     
  0.796999831435790     
  0.796996187118503     
  0.796993071527142     
  0.796990450615874     
  0.796988264013950     
  0.796986428464738     
  0.796984839089946     
  0.796983041262977     
  0.796981944043697     
  0.796981195981232     
  0.796980672780312     
  0.796980222211995     
  0.796979836342849     
  0.796979440228522     
  0.796979142671032     
  0.796978947600483     
  0.796978846192514     
  0.796978851533519     
  0.796978961626496     
  0.796979169470918     
  0.796979463139350     
  0.796979831116705     
  0.796980259650215     
  0.796980734451619     
  0.796981245733859     
  0.796981782720862     
  0.796982338119751     
  0.796982901957834     
  0.796983468704881     
  0.796984033593836     
  0.796984591143056     
  0.796985138181207     
  0.796985672308205     
  0.796986191307253     
  0.796986693681271     
  0.796987177837192     
  0.796987643770082     
  0.796988090836136     
  0.796988519221312     
  0.796988927556191     
  0.796989317239719     
  0.796989687895661     
  0.796990040325077     
  0.796990373642379     
  0.796990689010888     
  0.796990986974247     
  0.796991266012132     
  0.796991487188858     
  0.796995079178701     
