  2.110664867566443E-002
  2.104874967479781E-002
  2.099182831598053E-002
  2.093206404480848E-002
  2.087132666807393E-002
  2.080983782393334E-002
  2.074693574884095E-002
  2.068312317339076E-002
  2.061938660794478E-002
  2.055643980363013E-002
  2.049402586643497E-002
  2.043283741874562E-002
  2.037304533552945E-002
  2.031518482778698E-002
  2.025952727422438E-002
  2.020628519470955E-002
  2.015567050798724E-002
  2.010711214682163E-002
  2.006110135654971E-002
  2.001778723387255E-002
  1.997701214906567E-002
  1.993859436430915E-002
  1.990257057286884E-002
  1.986883692356002E-002
  1.983726315066003E-002
  1.980773629918593E-002
  1.978022605339943E-002
  1.975453539041035E-002
  1.973054339197494E-002
  1.970815753917237E-002
  1.968731317165431E-002
  1.966796126648164E-002
  1.964986559189044E-002
  1.963305587474685E-002
  1.961733828379501E-002
  1.960268863518624E-002
  1.958909672705524E-002
  1.957640240563537E-002
  1.956469792462810E-002
  1.955376563093506E-002
  1.954354280498101E-002
  1.953401525728924E-002
  1.952509455658835E-002
  1.951677352428263E-002
  1.950897399434336E-002
  1.950172552808356E-002
  1.949492406277717E-002
  1.948856954796963E-002
  1.948256285409511E-002
  1.947684175690789E-002
  1.947207349288364E-002
  1.946761904360902E-002
  1.946349664450753E-002
  1.945962088528339E-002
  1.945602168733055E-002
  1.945264342528952E-002
  1.944953675780370E-002
  1.944675122076742E-002
  1.944471913617659E-002
  1.944239429905090E-002
  1.944010887983721E-002
  1.943795700649497E-002
  1.943606110621232E-002
  1.943421820225398E-002
  1.943247033063067E-002
  1.943083136722107E-002
  1.942929958553716E-002
  1.942786729664025E-002
  1.942652802926511E-002
  1.942527726619454E-002
  1.942410794998423E-002
  1.942301656565694E-002
  1.942199748648101E-002
  1.942104707006220E-002
  1.942016284120338E-002
  1.941933903093127E-002
  1.941857225342159E-002
  1.941785731012303E-002
  1.941719343395874E-002
  1.941657655897995E-002
  1.941600325497009E-002
  1.941547107117821E-002
  1.941497736624381E-002
  1.941451977062812E-002
  1.941409622873241E-002
  1.941370476423835E-002
  1.941334377431439E-002
  1.941301077840331E-002
  1.941270412410695E-002
  1.941242192598877E-002
  1.941216394725706E-002
  1.941192756972620E-002
  1.941171217570970E-002
  1.941151629024796E-002
  1.941134015710160E-002
  1.941118214857758E-002
  1.941104139852939E-002
  1.941091915783450E-002
  1.941085657080067E-002
  1.940906979738938E-002
