  0.151275314673944     
  0.151179909941046     
  0.150993580844237     
  0.150808528478332     
  0.150643420219007     
  0.150494871669597     
  0.150355315896838     
  0.150228819141800     
  0.150110204382950     
  0.149997993967645     
  0.149887474721708     
  0.149785550592423     
  0.149687580975633     
  0.149593433523071     
  0.149503657965316     
  0.149417567142801     
  0.149333625151816     
  0.149251732456348     
  0.149173892431767     
  0.149097715009672     
  0.149023495641893     
  0.148951795525171     
  0.148882830962572     
  0.148816366126647     
  0.148752246355347     
  0.148690323407340     
  0.148630587550158     
  0.148573032258116     
  0.148516936784630     
  0.148463596279500     
  0.148412724477852     
  0.148364216415160     
  0.148317736273340     
  0.148273797154186     
  0.148231788162122     
  0.148192008036989     
  0.148154686357379     
  0.148118922083339     
  0.148085957124250     
  0.148052039827678     
  0.148021814163674     
  0.147993904129481     
  0.147968030463317     
  0.147944268644435     
  0.147922493722975     
  0.147902429717429     
  0.147884134816880     
  0.147866638348735     
  0.147851197444243     
  0.147837288864668     
  0.147824745634562     
  0.147813425676894     
  0.147803212705333     
  0.147794018318094     
  0.147785739345452     
  0.147778334360777     
  0.147771715860850     
  0.147765837088784     
  0.147760661498719     
  0.147742972106608     
  0.147735323140175     
  0.147730443591594     
  0.147726282041975     
  0.147721153708311     
  0.147717570883680     
  0.147714728441166     
  0.147712300468784     
  0.147710196877690     
  0.147708378495202     
  0.147706812660380     
  0.147705472258675     
  0.147704323896001     
  0.147703361006464     
  0.147702557757036     
  0.147701895565110     
  0.147701146099329     
  0.147700600836468     
  0.147700224090972     
  0.147699955921204     
  0.147699764500155     
  0.147699640731721     
  0.147699574827884     
  0.147699558734103     
  0.147699585131157     
  0.147699646949376     
  0.147699738775998     
  0.147699855859831     
  0.147699992810753     
  0.147700146481709     
  0.147700312824413     
  0.147700488071152     
  0.147700669384681     
  0.147700853985883     
  0.147701039191989     
  0.147701222764196     
  0.147701401679539     
  0.147701573194919     
  0.147701733448894     
  0.147701873244219     
  1.179894952833999E-002
  0.674812861253065     
  0.674787798168785     
  0.674663521496304     
  0.674492610966434     
  0.674313774970442     
  0.674131743392381     
  0.673935816560427     
  0.673733275901303     
  0.673523473133078     
  0.673311434011125     
  0.673092310085266     
  0.672872538020504     
  0.672652525647467     
  0.672434730210722     
  0.672223262612335     
  0.672018543167356     
  0.671816949779148     
  0.671619784871213     
  0.671430763899729     
  0.671246242704508     
  0.671068797415264     
  0.670898114757601     
  0.670734792571827     
  0.670578458669626     
  0.670428951296408     
  0.670285606345284     
  0.670149009392382     
  0.670017834125775     
  0.669889902488673     
  0.669768044719033     
  0.669652257668076     
  0.669542187438307     
  0.669437338520899     
  0.669337638573186     
  0.669242413722295     
  0.669152215945289     
  0.669067538795097     
  0.668989572719537     
  0.668914815981804     
  0.668840170921164     
  0.668771046207691     
  0.668706002125209     
  0.668646089655113     
  0.668590493078510     
  0.668538915882131     
  0.668491510390493     
  0.668447529108996     
  0.668405325369275     
  0.668367339270831     
  0.668332560284015     
  0.668300642029652     
  0.668271387288824     
  0.668244589708454     
  0.668219976003196     
  0.668197504307373     
  0.668176917694671     
  0.668158144282498     
  0.668141037325003     
  0.668125482277114     
  0.668119057985467     
  0.668109209297300     
  0.668102355941203     
  0.668095902840690     
  0.668087401994165     
  0.668079597243898     
  0.668072850742572     
  0.668066734693247     
  0.668061174709620     
  0.668056092937815     
  0.668051458438410     
  0.668047233199002     
  0.668043362865221     
  0.668039852790319     
  0.668036665241901     
  0.668033774962837     
  0.668030683306317     
  0.668028055824132     
  0.668025823340232     
  0.668023862988729     
  0.668022102933609     
  0.668020528187614     
  0.668019121218658     
  0.668017867621007     
  0.668016752547771     
  0.668015762238828     
  0.668014885568020     
  0.668014111208291     
  0.668013428155733     
  0.668012828835096     
  0.668012304143051     
  0.668011845422956     
  0.668011445703396     
  0.668011098260956     
  0.668010796951519     
  0.668010536453494     
  0.668010311306024     
  0.668010117475935     
  0.668009949570807     
  0.668009798543286     
  5.084756802535986E-004
  0.241749873147386     
  0.241335763361631     
  0.240913350175523     
  0.240520824141511     
  0.240150845216295     
  0.239806079726233     
  0.239498048437827     
  0.239222601451508     
  0.238978581572000     
  0.238761148382837     
  0.238572330523276     
  0.238409694899178     
  0.238269077230227     
  0.238148159468764     
  0.238042289938931     
  0.237949865204994     
  0.237872762661269     
  0.237808159331991     
  0.237753667354268     
  0.237710486442425     
  0.237675273315790     
  0.237647884872504     
  0.237627097515743     
  0.237612284550892     
  0.237602755328294     
  0.237598377819152     
  0.237597860259205     
  0.237601851014349     
  0.237611451763480     
  0.237624049869882     
  0.237638915705741     
  0.237655816463455     
  0.237674547911410     
  0.237695035864581     
  0.237717170327998     
  0.237740156297302     
  0.237763276145413     
  0.237784428867749     
  0.237807573823629     
  0.237833145813912     
  0.237858382576788     
  0.237883604091982     
  0.237907348813267     
  0.237930268857243     
  0.237952386417082     
  0.237973191693264     
  0.237993290997956     
  0.238013562238757     
  0.238032221752794     
  0.238049813716815     
  0.238066454994968     
  0.238082147051138     
  0.238096914886529     
  0.238110776200028     
  0.238123806349787     
  0.238136020021170     
  0.238147465564966     
  0.238158160115978     
  0.238168128332008     
  0.238161364327900     
  0.238164681584232     
  0.238167013889302     
  0.238169619179497     
  0.238173855132577     
  0.238178758234163     
  0.238183405027435     
  0.238187836584940     
  0.238192027980569     
  0.238196017331444     
  0.238199784773654     
  0.238203329798292     
  0.238206672131506     
  0.238209793520167     
  0.238212709360386     
  0.238215428883916     
  0.238218302640009     
  0.238220846869485     
  0.238223105913552     
  0.238225162176599     
  0.238227065261295     
  0.238228822651892     
  0.238230444082429     
  0.238231938680565     
  0.238233315270706     
  0.238234581745708     
  0.238235745029417     
  0.238236812728835     
  0.238237792348889     
  0.238238689031346     
  0.238239509425386     
  0.238240259462654     
  0.238240944805029     
  0.238241570493471     
  0.238242141397277     
  0.238242661557104     
  0.238243135379113     
  0.238243565622143     
  0.238243955882804     
  0.238244310727616     
  2.301831043417281E-005
  8.343726559954837E-002
  8.387643846958298E-002
  8.442312832817267E-002
  8.498656489205623E-002
  8.553537981326430E-002
  8.606217688138641E-002
  8.656613500174558E-002
  8.704412264718911E-002
  8.749794529492184E-002
  8.792741760603741E-002
  8.833535939145892E-002
  8.871776708031888E-002
  8.907839712230588E-002
  8.941711032051407E-002
  8.973444744873410E-002
  9.003159162764925E-002
  9.031028755958244E-002
  9.057205579679570E-002
  9.081556874600313E-002
  9.104327085306808E-002
  9.125592926894657E-002
  9.145400036989441E-002
  9.163810991242971E-002
  9.180925677948198E-002
  9.196829337529838E-002
  9.211601583556292E-002
  9.225313034841283E-002
  9.238031485987522E-002
  9.249864574784547E-002
  9.260790541108573E-002
  9.270882662618440E-002
  9.280199609823780E-002
  9.288811356769131E-002
  9.296732556223318E-002
  9.304041594970805E-002
  9.310762775740918E-002
  9.316918505948935E-002
  9.322599841271342E-002
  9.327761019456728E-002
  9.332668326492402E-002
  9.337057121551964E-002
  9.341039378280884E-002
  9.344656153161918E-002
  9.347923806424607E-002
  9.350869770078647E-002
  9.353529791624249E-002
  9.355917989304750E-002
  9.358111239196944E-002
  9.360043897637380E-002
  9.361762599916987E-002
  9.363290297538007E-002
  9.364646566003895E-002
  9.365849540501715E-002
  9.366924779677706E-002
  9.367868934284022E-002
  9.368706228415991E-002
  9.369439015253749E-002
  9.370080255901844E-002
  9.370638939087658E-002
  9.371957768663280E-002
  9.372610911846839E-002
  9.373063016949348E-002
  9.373447797981342E-002
  9.373874287325783E-002
  9.374164452194016E-002
  9.374374422999315E-002
  9.374542872181302E-002
  9.374679730981210E-002
  9.374788973074043E-002
  9.374875678793670E-002
  9.374943700270620E-002
  9.374996500327318E-002
  9.375035368951495E-002
  9.375062539771439E-002
  9.375079615324594E-002
  9.375101405367504E-002
  9.375109730638412E-002
  9.375107074621543E-002
  9.375097483467222E-002
  9.375083180509525E-002
  9.375064916049403E-002
  9.375043469891377E-002
  9.375019369842852E-002
  9.374993218152296E-002
  9.374965601546396E-002
  9.374936940256333E-002
  9.374907606287405E-002
  9.374877949537784E-002
  9.374848213355895E-002
  9.374818643156385E-002
  9.374789511439009E-002
  9.374760949157460E-002
  9.374733124557215E-002
  9.374706165120400E-002
  9.374680198940077E-002
  9.374655331486315E-002
  9.374631690192251E-002
  9.374609454639030E-002
  9.374589072909804E-002
  7.669186244005147E-007
