  0.999999996020357     
  0.999999996003969     
  0.999999995988918     
  0.999999995975588     
  0.999999995963658     
  0.999999995953100     
  0.999999995943909     
  0.999999995935856     
  0.999999995928697     
  0.999999995922280     
  0.999999995916600     
  0.999999995911476     
  0.999999995906834     
  0.999999995902601     
  0.999999995898722     
  0.999999995895168     
  0.999999995891892     
  0.999999995888883     
  0.999999995886108     
  0.999999995883536     
  0.999999995881159     
  0.999999995878963     
  0.999999995876933     
  0.999999995875056     
  0.999999995873325     
  0.999999995871720     
  0.999999995870250     
  0.999999995868911     
  0.999999995867693     
  0.999999995866582     
  0.999999995865571     
  0.999999995864651     
  0.999999995863824     
  0.999999995863078     
  0.999999995862405     
  0.999999995861801     
  0.999999995861224     
  0.999999995860736     
  0.999999995860278     
  0.999999995859897     
  0.999999995859571     
  0.999999995859275     
  0.999999995859023     
  0.999999995858811     
  0.999999995858625     
  0.999999995858471     
  0.999999995858341     
  0.999999995858236     
  0.999999995858154     
  0.999999995858091     
  0.999999995858047     
  0.999999995858017     
  0.999999995857999     
  0.999999995857992     
  0.999999995857995     
  0.999999995858005     
  0.999999995858022     
  0.999999995858045     
  0.999999995857722     
  0.999999995857608     
  0.999999995857517     
  0.999999995857434     
  0.999999995857343     
  0.999999995857297     
  0.999999995857279     
  0.999999995857272     
  0.999999995857275     
  0.999999995857287     
  0.999999995857304     
  0.999999995857324     
  0.999999995857346     
  0.999999995857369     
  0.999999995857393     
  0.999999995857418     
  0.999999995857442     
  0.999999995857467     
  0.999999995857491     
  0.999999995857515     
  0.999999995857539     
  0.999999995857562     
  0.999999995857584     
  0.999999995857605     
  0.999999995857626     
  0.999999995857646     
  0.999999995857665     
  0.999999995857684     
  0.999999995857701     
  0.999999995857718     
  0.999999995857734     
  0.999999995857749     
  0.999999995857764     
  0.999999995857777     
  0.999999995857790     
  0.999999995857802     
  0.999999995857813     
  0.999999995857824     
  0.999999995857833     
  0.999999995857842     
  0.999999995857847     
   100.000000000000     
