  0.126164671628313     
  0.126124152467547     
  0.126086187031059     
  0.126047586443686     
  0.126009263972359     
  0.125971199147808     
  0.125932362420102     
  0.125893049238024     
  0.125853824442769     
  0.125815367694064     
  0.125777053979222     
  0.125739525730014     
  0.125702875410362     
  0.125667454605221     
  0.125633499437346     
  0.125601213000074     
  0.125570376489608     
  0.125540936516283     
  0.125513247512882     
  0.125487092107312     
  0.125462541274156     
  0.125439479279836     
  0.125417940130799     
  0.125397829987444     
  0.125379047178860     
  0.125361524957650     
  0.125345228704450     
  0.125330087851156     
  0.125315935452864     
  0.125302734484238     
  0.125290472106199     
  0.125279064971568     
  0.125268440672266     
  0.125258594231346     
  0.125249353439435     
  0.125240749024288     
  0.125232802485074     
  0.125225354075429     
  0.125218740279108     
  0.125212349524143     
  0.125206355973435     
  0.125200824354036     
  0.125195609693370     
  0.125190765800440     
  0.125186226155287     
  0.125181997611767     
  0.125177992396561     
  0.125174263341396     
  0.125170688170993     
  0.125167201591370     
  0.125164653289627     
  0.125162271470338     
  0.125160084500430     
  0.125158006958288     
  0.125156090751287     
  0.125154270135527     
  0.125152623550584     
  0.125151209787568     
  0.125150601188894     
  0.125149423434544     
  0.125148343298057     
  0.125147300606780     
  0.125146414111945     
  0.125145478165661     
  0.125144582697139     
  0.125143731203446     
  0.125142923205516     
  0.125142155825079     
  0.125141430526415     
  0.125140744309537     
  0.125140094372657     
  0.125139481743455     
  0.125138903280924     
  0.125138356617768     
  0.125137847592889     
  0.125137364582001     
  0.125136912624913     
  0.125136487541561     
  0.125136089845172     
  0.125135716592824     
  0.125135367053647     
  0.125135039879708     
  0.125134734285763     
  0.125134447848484     
  0.125134181513837     
  0.125133932809707     
  0.125133704331234     
  0.125133488798137     
  0.125133290374379     
  0.125133108347977     
  0.125132939777170     
  0.125132785630334     
  0.125132646378780     
  0.125132519102512     
  0.125132407359759     
  0.125132308341944     
  0.125132223973125     
  0.125132158502268     
  0.125132133364569     
  0.125131176009737     
