  3.496263469305961E-002
  3.496250607765151E-002
  3.496239405051133E-002
  3.496232727205204E-002
  3.496228492502997E-002
  3.496226031634734E-002
  3.496225928307804E-002
  3.496227064746851E-002
  3.496228468745909E-002
  3.496230055604938E-002
  3.496233122656640E-002
  3.496236238631917E-002
  3.496239261563386E-002
  3.496241683470490E-002
  3.496243976294805E-002
  3.496245590816814E-002
  3.496246016034105E-002
  3.496247767817827E-002
  3.496247970742028E-002
  3.496247288076108E-002
  3.496245923524029E-002
  3.496244753668822E-002
  3.496243682067920E-002
  3.496241597300744E-002
  3.496239094615819E-002
  3.496236629023333E-002
  3.496233694859174E-002
  3.496231002635492E-002
  3.496227851393346E-002
  3.496224928582843E-002
  3.496221782578161E-002
  3.496217385137642E-002
  3.496214855546426E-002
  3.496211405668128E-002
  3.496208564973449E-002
  3.496205890751937E-002
  3.496202865859620E-002
  3.496200760703704E-002
  3.496197406699558E-002
  3.496194062933164E-002
  3.496190837890745E-002
  3.496188320260100E-002
  3.496185143326080E-002
  3.496182622613448E-002
  3.496179253622650E-002
  3.496176002395302E-002
  3.496172154417958E-002
  3.496168740857634E-002
  3.496163811703126E-002
  3.496156526339744E-002
  3.496163471938256E-002
  3.496170342501673E-002
  3.496177582283350E-002
  3.496183928878298E-002
  3.496190685355890E-002
  3.496196652563591E-002
  3.496203384067936E-002
  3.496211747306211E-002
  3.496208770349705E-002
  3.496211059596630E-002
  3.496213899012049E-002
  3.496216452407534E-002
  3.496218207232778E-002
  3.496220037767004E-002
  3.496221723459369E-002
  3.496223157729862E-002
  3.496224395239803E-002
  3.496225424989313E-002
  3.496226291304369E-002
  3.496226974732024E-002
  3.496227466601846E-002
  3.496227813860292E-002
  3.496228077973833E-002
  3.496228247937419E-002
  3.496228226993758E-002
  3.496228179229014E-002
  3.496228083832387E-002
  3.496227839363830E-002
  3.496227558916012E-002
  3.496227281751373E-002
  3.496226962233695E-002
  3.496226596666703E-002
  3.496226162948027E-002
  3.496225748554977E-002
  3.496225293520789E-002
  3.496224893138933E-002
  3.496224374411446E-002
  3.496224013648016E-002
  3.496223563753433E-002
  3.496223106824786E-002
  3.496222772125045E-002
  3.496222406593549E-002
  3.496221976042413E-002
  3.496221732541223E-002
  3.496221458348043E-002
  3.496221280038142E-002
  3.496221081312539E-002
  3.496221059753039E-002
  3.496221412109153E-002
  3.496224327114635E-002
