  0.133816016993432     
  0.134135076872491     
  0.134407004871864     
  0.134635022892859     
  0.134827341652785     
  0.134989834141884     
  0.135127403503871     
  0.135243853714398     
  0.135343033306142     
  0.135427797294539     
  0.135500167490265     
  0.135562331297892     
  0.135615212437587     
  0.135660723743928     
  0.135699946725517     
  0.135733884323451     
  0.135763737379546     
  0.135788595352607     
  0.135809995940656     
  0.135828588027501     
  0.135844682529192     
  0.135858560222913     
  0.135870145263364     
  0.135880417483124     
  0.135889232607206     
  0.135896766633651     
  0.135903345971715     
  0.135908811022692     
  0.135913458847482     
  0.135917409006796     
  0.135920748472257     
  0.135923884432484     
  0.135926197866723     
  0.135928319207767     
  0.135929854609980     
  0.135931087791829     
  0.135932042680762     
  0.135932807076989     
  0.135933229218424     
  0.135933607326507     
  0.135933844947365     
  0.135933933260963     
  0.135933933889105     
  0.135933845294327     
  0.135933664017672     
  0.135933429660200     
  0.135933151101537     
  0.135932831527474     
  0.135932483507731     
  0.135932118161819     
  0.135931910195821     
  0.135931593704245     
  0.135931337224964     
  0.135931055011200     
  0.135930787462112     
  0.135930542855962     
  0.135930328336302     
  0.135930141379820     
  0.135929595660732     
  0.135929359124083     
  0.135929087129296     
  0.135928810995024     
  0.135928505756838     
  0.135928233112830     
  0.135927954733881     
  0.135927681925010     
  0.135927418033564     
  0.135927167412219     
  0.135926930195783     
  0.135926706848422     
  0.135926500573977     
  0.135926308145292     
  0.135926131415798     
  0.135925971196769     
  0.135925821404200     
  0.135925687902030     
  0.135925565550854     
  0.135925453492356     
  0.135925352305642     
  0.135925261853399     
  0.135925178917124     
  0.135925104372529     
  0.135925036124608     
  0.135924975492692     
  0.135924920549576     
  0.135924871894828     
  0.135924825363199     
  0.135924787110641     
  0.135924750395437     
  0.135924716227793     
  0.135924688234465     
  0.135924660305914     
  0.135924632421177     
  0.135924609104237     
  0.135924584156024     
  0.135924559585714     
  0.135924531004874     
  0.135924497646704     
  0.135924461398484     
  0.133815726135533     
