  9.885338230037249E-002
  9.917257079483990E-002
  9.944461082135314E-002
  9.967269562080656E-002
  9.986505672775538E-002
  0.100027573825537     
  0.100165144220793     
  0.100281583066929     
  0.100380748618683     
  0.100465496738489     
  0.100537836263698     
  0.100599968911573     
  0.100652819821953     
  0.100698306909223     
  0.100737506962569     
  0.100771428415283     
  0.100801277219204     
  0.100826117674429     
  0.100847516233236     
  0.100866115146740     
  0.100882223293951     
  0.100896112686225     
  0.100907708442685     
  0.100918001510117     
  0.100926841661048     
  0.100934400343417     
  0.100941009023124     
  0.100946500996337     
  0.100951180333548     
  0.100955159720968     
  0.100958530646475     
  0.100961710581107     
  0.100964049311258     
  0.100966205151086     
  0.100967768960246     
  0.100969028884310     
  0.100970014022166     
  0.100970799469952     
  0.100971255151429     
  0.100971666697175     
  0.100971936568458     
  0.100972050058362     
  0.100972082455844     
  0.100972019068193     
  0.100971871481445     
  0.100971669636247     
  0.100971429557357     
  0.100971144118898     
  0.100970845390700     
  0.100970552898421     
  0.100970275476438     
  0.100969890279229     
  0.100969561402130     
  0.100969215722417     
  0.100968880608553     
  0.100968576330326     
  0.100968294495623     
  0.100968023906758     
  0.100967507957235     
  0.100967248528116     
  0.100966948139176     
  0.100966646470949     
  0.100966323684510     
  0.100966032735160     
  0.100965737499287     
  0.100965450347711     
  0.100965174081166     
  0.100964913162326     
  0.100964667282740     
  0.100964437101102     
  0.100964225907958     
  0.100964030006689     
  0.100963850636059     
  0.100963688717395     
  0.100963539134263     
  0.100963406109740     
  0.100963284712530     
  0.100963175098718     
  0.100963076716482     
  0.100962989035885     
  0.100962909294787     
  0.100962838405862     
  0.100962774495128     
  0.100962718007142     
  0.100962667614369     
  0.100962622963439     
  0.100962581619085     
  0.100962546974161     
  0.100962514757903     
  0.100962485159545     
  0.100962460513214     
  0.100962436239979     
  0.100962412660753     
  0.100962391778825     
  0.100962369572544     
  0.100962346785332     
  0.100962320191749     
  0.100962287049173     
  0.100962247277392     
  9.885348286438714E-002
