   1.33738163176763     
   1.33785211109195     
   1.33831513549140     
   1.33880180841832     
   1.33929695542049     
   1.33979879428197     
   1.34031275724688     
   1.34083477074530     
   1.34135677792494     
   1.34187292181097     
   1.34238529103900     
   1.34288817590145     
   1.34338013646905     
   1.34385672465500     
   1.34431565124912     
   1.34475510570201     
   1.34517327782216     
   1.34557483143052     
   1.34595565323839     
   1.34631445390086     
   1.34665248695796     
   1.34697121299106     
   1.34727028546788     
   1.34755052751683     
   1.34781298651272     
   1.34805857056284     
   1.34828750393966     
   1.34850140162143     
   1.34870124928933     
   1.34888779910563     
   1.34906157345859     
   1.34922296626314     
   1.34937393518722     
   1.34951422147363     
   1.34964543335971     
   1.34976776478048     
   1.34988129362732     
   1.34998735135745     
   1.35008516160773     
   1.35017653835784     
   1.35026200203399     
   1.35034166788629     
   1.35041627241997     
   1.35048587313915     
   1.35055112165743     
   1.35061176870811     
   1.35066868326086     
   1.35072186430661     
   1.35077214026714     
   1.35082003105971     
   1.35085994970261     
   1.35089724440132     
   1.35093176180326     
   1.35096421649404     
   1.35099435744208     
   1.35102265004924     
   1.35104866966394     
   1.35107200097063     
   1.35108902222497     
   1.35110849644556     
   1.35112764130736     
   1.35114566821236     
   1.35116155135626     
   1.35117699105906     
   1.35119163508252     
   1.35120536708779     
   1.35121820145654     
   1.35123020253736     
   1.35124142448748     
   1.35125190509995     
   1.35126170346146     
   1.35127084898194     
   1.35127938877315     
   1.35128735332406     
   1.35129476334669     
   1.35130166715974     
   1.35130809311469     
   1.35131408475808     
   1.35131964850107     
   1.35132481840373     
   1.35132962320077     
   1.35133408342018     
   1.35133822118911     
   1.35134205635809     
   1.35134560614776     
   1.35134888711541     
   1.35135191268900     
   1.35135470365391     
   1.35135727385520     
   1.35135963909186     
   1.35136180134529     
   1.35136378255708     
   1.35136558790200     
   1.35136722974050     
   1.35136870602767     
   1.35137003040467     
   1.35137121012995     
   1.35137223471784     
   1.35137275930605     
   1.35138773583570     
