  0.424749339841102     
  0.426842823479770     
  0.428694242550289     
  0.430315004863991     
  0.431709657014663     
  0.432897890391867     
  0.433905800718978     
  0.434754551653262     
  0.435463226007426     
  0.436049675963025     
  0.436533094687222     
  0.436927691180283     
  0.437246176187888     
  0.437500831341836     
  0.437701636294284     
  0.437856969660130     
  0.437974985891790     
  0.438060792019489     
  0.438119601459783     
  0.438156473381728     
  0.438175002405131     
  0.438178530280830     
  0.438169983829536     
  0.438151650464332     
  0.438125395553153     
  0.438092774577337     
  0.438055639633761     
  0.438014800707286     
  0.437971688109452     
  0.437926783227142     
  0.437881015520467     
  0.437835000266850     
  0.437789278462480     
  0.437744209508680     
  0.437699985901763     
  0.437657011790448     
  0.437614978496863     
  0.437574919980347     
  0.437534802023745     
  0.437497336315406     
  0.437461847901948     
  0.437428055700121     
  0.437396116775205     
  0.437366023956556     
  0.437337542954560     
  0.437310883258112     
  0.437285342396222     
  0.437261688728871     
  0.437239542655261     
  0.437218749438036     
  0.437200441739427     
  0.437183535687780     
  0.437168113091353     
  0.437153830709907     
  0.437140867039188     
  0.437128931026832     
  0.437118133130118     
  0.437108566917447     
  0.437093207199087     
  0.437082953406424     
  0.437074255811528     
  0.437066313352807     
  0.437058255188791     
  0.437051349563855     
  0.437045113475570     
  0.437039406068696     
  0.437034174157901     
  0.437029384540123     
  0.437025010203180     
  0.437021030211566     
  0.437017416732910     
  0.437014150729673     
  0.437011205998942     
  0.437008560662056     
  0.437006149001809     
  0.437004011568175     
  0.437002118890653     
  0.437000439926394     
  0.436998957201075     
  0.436997651411789     
  0.436996504742666     
  0.436995502020186     
  0.436994628926791     
  0.436993871974483     
  0.436993219272862     
  0.436992661290554     
  0.436992186917118     
  0.436991786726616     
  0.436991451492549     
  0.436991173828690     
  0.436990947594795     
  0.436990764543903     
  0.436990618568342     
  0.436990504039714     
  0.436990416146686     
  0.436990347872537     
  0.436990291724329     
  0.436990239312949     
  0.436990180077810     
  0.436995406057090     
