  0.596378847264510     
  0.597297544007482     
  0.598120049055770     
  0.598848451003787     
  0.599498066689392     
  0.600079468803730     
  0.600602090924314     
  0.601072787687296     
  0.601499026013401     
  0.601886055994720     
  0.602238150588522     
  0.602559638124040     
  0.602852133210866     
  0.603119925266232     
  0.603365377185130     
  0.603590718549693     
  0.603799444981316     
  0.603988754263293     
  0.604162586892305     
  0.604323058928122     
  0.604470998206935     
  0.604607315735249     
  0.604732004955118     
  0.604847830427665     
  0.604954708474238     
  0.605053321055642     
  0.605144772577726     
  0.605228811706208     
  0.605306545021201     
  0.605378487444773     
  0.605445052854066     
  0.605507582928176     
  0.605564601349578     
  0.605617924717694     
  0.605666804490238     
  0.605712071644253     
  0.605753926857257     
  0.605792810706567     
  0.605828138532790     
  0.605861330982301     
  0.605892111118266     
  0.605920475085618     
  0.605946796889188     
  0.605971129811394     
  0.605993586962687     
  0.606014371965036     
  0.606033623785325     
  0.606051399868649     
  0.606067877352929     
  0.606083199685852     
  0.606097450125796     
  0.606110393597984     
  0.606122514385965     
  0.606133683731923     
  0.606144035087613     
  0.606153683417717     
  0.606162652979468     
  0.606170962142724     
  0.606177309098193     
  0.606184213591340     
  0.606190365018283     
  0.606195981849397     
  0.606201013987004     
  0.606205730813801     
  0.606210012582188     
  0.606213915358059     
  0.606217481153107     
  0.606220750374052     
  0.606223739407145     
  0.606226476767971     
  0.606228987124635     
  0.606231281532414     
  0.606233387890542     
  0.606235325165091     
  0.606237082945320     
  0.606238709663248     
  0.606240194977433     
  0.606241551158320     
  0.606242791245368     
  0.606243929689249     
  0.606244967426786     
  0.606245915564987     
  0.606246774965871     
  0.606247561887647     
  0.606248276070673     
  0.606248931423486     
  0.606249511379229     
  0.606250051854031     
  0.606250533809300     
  0.606250964674354     
  0.606251360153722     
  0.606251707804452     
  0.606252005356719     
  0.606252277327385     
  0.606252501860503     
  0.606252691413496     
  0.606252829484941     
  0.606252919993756     
  0.606252962275465     
  0.606255281171387     
