   1.83498046868034     
   1.82784047160105     
   1.82019507464689     
   1.81231475199454     
   1.80437392215344     
   1.79650573339938     
   1.78881999066736     
   1.78137408139658     
   1.77420067926001     
   1.76732019355330     
   1.76075466593341     
   1.75452426403752     
   1.74862438746162     
   1.74304740392026     
   1.73778883944429     
   1.73284021872460     
   1.72817006915136     
   1.72377102244977     
   1.71963695432764     
   1.71577087306283     
   1.71215804172703     
   1.70878465136407     
   1.70562957791256     
   1.70268562844618     
   1.69994170044895     
   1.69738676655611     
   1.69500769106581     
   1.69279380878242     
   1.69073488023987     
   1.68882187948760     
   1.68704737597555     
   1.68521059781313     
   1.68343514947056     
   1.68176491244114     
   1.68020968725841     
   1.67877290757855     
   1.67744189104413     
   1.67620897749897     
   1.67506673897080     
   1.67400631851842     
   1.67302188793962     
   1.67210937047121     
   1.67126278410556     
   1.67047667781494     
   1.66974703509036     
   1.66906933894018     
   1.66843964207458     
   1.66785454397151     
   1.66731072511563     
   1.66680481329494     
   1.66633438926654     
   1.66589685991795     
   1.66548974397259     
   1.66511122613197     
   1.66475931943986     
   1.66443227465180     
   1.66412843360312     
   1.66384618967811     
   1.66358413580714     
   1.66334088586914     
   1.66311314975664     
   1.66290185906901     
   1.66270619857783     
   1.66252493743331     
   1.66235697893437     
   1.66220136780520     
   1.66205728044508     
   1.66192389743926     
   1.66180049187647     
   1.66168632784887     
   1.66158082737369     
   1.66148360003903     
   1.66139386347259     
   1.66131096967658     
   1.66123446983807     
   1.66116388094608     
   1.66109881072995     
   1.66103924448696     
   1.66098461046500     
   1.66093434244673     
   1.66088814051658     
   1.66084570938433     
   1.66080676064918     
   1.66077103427891     
   1.66073832590071     
   1.66070835876795     
   1.66068097505198     
   1.66065595201982     
   1.66063313572633     
   1.66061234942809     
   1.66059343745859     
   1.66057626051867     
   1.66056069799127     
   1.66054665431449     
   1.66053402140512     
   1.66052272117867     
   1.66051277214375     
   1.66050402098037     
   1.66049655656311     
   1.66038408328851     
