  0.801086682990019     
  0.798711677919031     
  0.796825588952639     
  0.795291432035205     
  0.794038603609621     
  0.793012727393967     
  0.792162121412514     
  0.791447628515826     
  0.790845484747202     
  0.790339403767095     
  0.789909940543428     
  0.789547545469812     
  0.789234376155340     
  0.788965264267434     
  0.788735142815093     
  0.788536805153346     
  0.788361832961539     
  0.788210025562093     
  0.788080802994254     
  0.787972495780802     
  0.787878806403862     
  0.787796417651124     
  0.787723033860278     
  0.787660504680083     
  0.787606798811024     
  0.787559951990006     
  0.787518886979729     
  0.787483407611217     
  0.787452757887049     
  0.787426479082975     
  0.787403906752258     
  0.787354711482501     
  0.787329171360531     
  0.787324261765950     
  0.787325790823704     
  0.787326394756100     
  0.787326485314826     
  0.787325321662448     
  0.787325133252343     
  0.787323727599738     
  0.787323005818730     
  0.787322782824089     
  0.787322130793991     
  0.787321403807742     
  0.787320721953574     
  0.787320147818887     
  0.787319654194008     
  0.787319244112825     
  0.787318911431151     
  0.787318625514216     
  0.787318382368584     
  0.787318141099743     
  0.787317943680116     
  0.787317807705435     
  0.787317742857864     
  0.787317726107843     
  0.787317759318832     
  0.787317845082670     
  0.787317976997769     
  0.787318144114248     
  0.787318088820056     
  0.787318547251244     
  0.787318928325094     
  0.787319186596276     
  0.787319424916469     
  0.787319683406766     
  0.787319928903556     
  0.787320179325597     
  0.787320418978386     
  0.787320660656871     
  0.787320888951584     
  0.787321175842361     
  0.787321406272939     
  0.787321649586757     
  0.787321891051815     
  0.787322132430964     
  0.787322376594451     
  0.787322700159874     
  0.787322957536227     
  0.787323218185706     
  0.787323464737237     
  0.787323706485796     
  0.787323937842729     
  0.787324170357153     
  0.787324392446949     
  0.787324610058286     
  0.787324819787310     
  0.787325020475369     
  0.787325210679718     
  0.787325390559540     
  0.787325562734178     
  0.787325727789013     
  0.787325881628063     
  0.787326034417134     
  0.787326183679785     
  0.787326338667157     
  0.787326509142815     
  0.787326682871888     
  0.787326853426410     
  0.787326037987625     
