  0.122923727204014     
  0.122933986397817     
  0.122932553524841     
  0.122923223573613     
  0.122909342189304     
  0.122892720113530     
  0.122874483548489     
  0.122855476380214     
  0.122836086644939     
  0.122816753838408     
  0.122797554983533     
  0.122776196232440     
  0.122757117250131     
  0.122738704007515     
  0.122720261946620     
  0.122702601563952     
  0.122685513484535     
  0.122668995375755     
  0.122652977931160     
  0.122637379787579     
  0.122622839934677     
  0.122609059289418     
  0.122595939124002     
  0.122583417689009     
  0.122571479556397     
  0.122559830513461     
  0.122549128010795     
  0.122538867169183     
  0.122529092123960     
  0.122519735237091     
  0.122510824676642     
  0.122502450413028     
  0.122494547556005     
  0.122486579789920     
  0.122479182673578     
  0.122472202944751     
  0.122465759438216     
  0.122459807558206     
  0.122454245229552     
  0.122449171087032     
  0.122444490100609     
  0.122440155481619     
  0.122436078163423     
  0.122432305441637     
  0.122428645273268     
  0.122425383869820     
  0.122422304785203     
  0.122419523011270     
  0.122416952063964     
  0.122414581259713     
  0.122412324658754     
  0.122410232354380     
  0.122408244143712     
  0.122406424469701     
  0.122404719824729     
  0.122403125512645     
  0.122401636111249     
  0.122400253343520     
  0.122398957319388     
  0.122397758386685     
  0.122396646051555     
  0.122395616568568     
  0.122394658571819     
  0.122393766364163     
  0.122392937321189     
  0.122392167448692     
  0.122391453028003     
  0.122390789809243     
  0.122390174841788     
  0.122389605578510     
  0.122389091078747     
  0.122388522439398     
  0.122388077785224     
  0.122387644499271     
  0.122387237412197     
  0.122386854259333     
  0.122386497941288     
  0.122386071511321     
  0.122385773888804     
  0.122385487207432     
  0.122385222800680     
  0.122384979096082     
  0.122384755295839     
  0.122384547376818     
  0.122384355777816     
  0.122384178372481     
  0.122384013996565     
  0.122383862644106     
  0.122383722857652     
  0.122383592801588     
  0.122383471451880     
  0.122383357999297     
  0.122383251183018     
  0.122383149431851     
  0.122383050548737     
  0.122382952430070     
  0.122382848875074     
  0.122382754584126     
  0.122382667730734     
  0.122382563548545     
