  3.515507055793689E-002
  3.510739907823197E-002
  3.506356721130476E-002
  3.502191308501357E-002
  3.497972501316676E-002
  3.493778913219636E-002
  3.489652574353230E-002
  3.485719911297906E-002
  3.481927343898909E-002
  3.478231660177902E-002
  3.474667579127228E-002
  3.471256662641112E-002
  3.468029437664379E-002
  3.464969568658591E-002
  3.462063678379684E-002
  3.459308780819220E-002
  3.456706600631153E-002
  3.454242362821444E-002
  3.451914137463503E-002
  3.449718375879699E-002
  3.447675971208838E-002
  3.445772685509793E-002
  3.444001776684993E-002
  3.442351635988156E-002
  3.440818545012980E-002
  3.439401127095898E-002
  3.438089751622277E-002
  3.436879479299056E-002
  3.435761158563821E-002
  3.434731081527009E-002
  3.433783920214312E-002
  3.432863947459980E-002
  3.431906539122482E-002
  3.430938542249500E-002
  3.430030866581418E-002
  3.429215467541472E-002
  3.428474038612044E-002
  3.427799874177393E-002
  3.427183491228573E-002
  3.426624195774426E-002
  3.426107218729033E-002
  3.425631819562264E-002
  3.425197773687116E-002
  3.424799579481342E-002
  3.424433806456528E-002
  3.424095788392759E-002
  3.423785298587850E-002
  3.423497951615827E-002
  3.423231962954212E-002
  3.422983694758803E-002
  3.422765105516809E-002
  3.422562272187567E-002
  3.422372282531157E-002
  3.422195921630915E-002
  3.422030941130396E-002
  3.421876951061097E-002
  3.421733049373157E-002
  3.421597974975980E-002
  3.421471978986346E-002
  3.421354018769157E-002
  3.421242982146559E-002
  3.421136386030409E-002
  3.421037420735833E-002
  3.420945649567875E-002
  3.420860022330729E-002
  3.420779633810113E-002
  3.420704561991931E-002
  3.420634313162348E-002
  3.420568586373812E-002
  3.420507067290218E-002
  3.420449471805161E-002
  3.420396434387034E-002
  3.420346395934525E-002
  3.420299926163761E-002
  3.420257063258399E-002
  3.420216975930696E-002
  3.420179477557706E-002
  3.420145348088102E-002
  3.420113220472282E-002
  3.420084390037872E-002
  3.420057394360593E-002
  3.420032134014358E-002
  3.420008584825550E-002
  3.419986646244466E-002
  3.419966307898522E-002
  3.419947466283488E-002
  3.419929993771430E-002
  3.419913947538522E-002
  3.419899016787154E-002
  3.419885241554364E-002
  3.419872599872557E-002
  3.419860934567400E-002
  3.419850279848554E-002
  3.419840565010944E-002
  3.419831757605782E-002
  3.419823819493323E-002
  3.419816947384280E-002
  3.419810547812967E-002
  3.419806446215103E-002
  3.419722849155747E-002
