   1.34373890772368     
   1.34191601793602     
   1.34024057241405     
   1.33864806804350     
   1.33703524338501     
   1.33543208767811     
   1.33385459016468     
   1.33235131946331     
   1.33090154990852     
   1.32948888602185     
   1.32812709568278     
   1.32682161730923     
   1.32558963253054     
   1.32441991184496     
   1.32330919166677     
   1.32225623072082     
   1.32126167818659     
   1.32031987658548     
   1.31943013078475     
   1.31859097052881     
   1.31781044828191     
   1.31708307111694     
   1.31640641754207     
   1.31577579368537     
   1.31518999525121     
   1.31464837132060     
   1.31414719773928     
   1.31368468852529     
   1.31325715612341     
   1.31286380675051     
   1.31250304435634     
   1.31215046045429     
   1.31178464471772     
   1.31141477851727     
   1.31106787479268     
   1.31075614678084     
   1.31047267005451     
   1.31021501199229     
   1.30997921140954     
   1.30976531571348     
   1.30956760353414     
   1.30938576953789     
   1.30921974644505     
   1.30906750521431     
   1.30892740685697     
   1.30879816146267     
   1.30867903093784     
   1.30856889789455     
   1.30846683850772     
   1.30837150228806     
   1.30828783553608     
   1.30821008168916     
   1.30813727305022     
   1.30806966772917     
   1.30800642743030     
   1.30794740470199     
   1.30789219073352     
   1.30784048443667     
   1.30779220654759     
   1.30774700655663     
   1.30770446871053     
   1.30766367877230     
   1.30762580136272     
   1.30759069311679     
   1.30755793833196     
   1.30752723469979     
   1.30749856012368     
   1.30747173245577     
   1.30744665554046     
   1.30742319570922     
   1.30740132263778     
   1.30738080072713     
   1.30736187891825     
   1.30734422709372     
   1.30732785913624     
   1.30731260203857     
   1.30729834985845     
   1.30728507824430     
   1.30727306338905     
   1.30726215112762     
   1.30725193950077     
   1.30724236935952     
   1.30723343755661     
   1.30722513296721     
   1.30721741222437     
   1.30721027625230     
   1.30720365692647     
   1.30719757903294     
   1.30719192262844     
   1.30718670072877     
   1.30718190202888     
   1.30717747826014     
   1.30717343912768     
   1.30716975634206     
   1.30716640259158     
   1.30716337345999     
   1.30716066199289     
   1.30715832090834     
   1.30715669025380     
   1.30712317367421     
