   9.04055680857734     
   9.03718429652187     
   9.03460503301527     
   9.03304941938208     
   9.03333801001007     
   9.03564744182204     
   9.03938588526897     
   9.04411096730544     
   9.04820809257743     
   9.05127239903768     
   9.05344736731314     
   9.05471085900773     
   9.05566008030427     
   9.05664536151271     
   9.05791007125866     
   9.05972892496002     
   9.06119623466083     
   9.06214785047928     
   9.06237264277000     
   9.06312832141165     
   9.06431783129723     
   9.06479460003021     
   9.06554306503452     
   9.06616468219288     
   9.06627868772885     
   9.06640002528258     
   9.06425489828713     
   9.06437426449183     
   9.06447500070955     
   9.06426537556371     
   9.06332018354498     
   9.06310315544430     
   9.06257240307890     
   9.06215679271449     
   9.06145202389136     
   9.05867983774018     
   9.05693906964439     
   9.05717280721175     
   9.05745723680230     
   9.04691066473026     
   9.03785398658025     
   9.03606129091555     
   9.03317426786962     
   9.03165432333629     
   9.03005292826435     
   9.02896963800754     
   9.02787251770869     
   9.02685098725674     
   9.02518532408206     
   9.02355786233352     
   9.02216910861413     
   9.02087234781930     
   5.40348394558912     
   5.38549933050342     
   5.36730760945677     
   5.34545441414776     
   5.32153238228488     
   5.29542322039709     
   5.26902286904623     
   5.24393400343415     
   5.22005855012376     
   5.19766740047332     
   5.17712084259388     
   5.15736401109770     
   5.13920525368066     
   5.12288736423202     
   5.10769022263980     
   5.09419223948313     
   5.08134844780647     
   5.06939864959287     
   5.05795980284097     
   5.04744669872926     
   5.03790230062494     
   5.02843195059567     
   5.01948397485760     
   5.01097592704927     
   5.00258655964066     
   4.99457773473817     
   4.98512351917642     
   4.97756981673430     
   4.97025469100301     
   4.96310052266211     
   4.95561493387813     
   4.94884116321415     
   4.94218780105778     
   4.93573094857499     
   4.92941025017935     
   4.92236268451279     
   4.91592556539206     
   4.91071413924666     
   4.90576992167267     
   4.89432273335202     
   4.88369875909390     
   4.87818088647686     
   4.87236229533337     
   4.86705847226887     
   4.86180125576095     
   4.85696993840187     
   4.85234314326005     
   4.84785797917418     
   4.84316702697280     
   4.83857918939871     
   4.83421162499826     
   4.82996737029294     
   7.49833903757318     
   7.47090860580250     
   7.44083925744920     
   7.40653362024226     
   7.36830730112138     
   7.32968862643468     
   7.29351494080341     
   7.26072320882461     
   7.23072264394428     
   7.20322335288997     
   7.17778269537003     
   7.15457905802232     
   7.13273217587367     
   7.11327355471849     
   7.09652107144896     
   7.08134412233438     
   7.06693025838545     
   7.05287080953837     
   7.03888553017735     
   7.02611337027512     
   7.01450994966675     
   7.00344472123149     
   6.99317533169943     
   6.98272106425518     
   6.97195104455868     
   6.96147395890701     
   6.95201323199698     
   6.94232934938611     
   6.93246790022511     
   6.92290262850230     
   6.91318967548319     
   6.90391775522856     
   6.89480027821173     
   6.88611138229306     
   6.87760365395981     
   6.86740662767309     
   6.85854748387126     
   6.85137272039920     
   6.84471476208507     
   6.82440599890215     
   6.80624166494711     
   6.79780363263499     
   6.78883353892319     
   6.78078494371209     
   6.77305355851060     
   6.76586348219718     
   6.75896112135949     
   6.75222324702594     
   6.74501313276812     
   6.73790326630897     
   6.73117532227252     
   6.72465358100246     
   42.9242952192886     
   42.6691120666547     
   42.4387297454225     
   42.2307263467881     
   42.0439280422701     
   41.8723707247100     
   41.7107506552565     
   41.5548210133594     
   41.4040328504837     
   41.2549798306200     
   41.1094434343894     
   40.9682617876423     
   40.8337036053112     
   40.7106922866670     
   40.5915735507564     
   40.4804498274828     
   40.3754295822734     
   40.2753017268325     
   40.1792920600968     
   40.0881657601284     
   40.0012125404379     
   39.9175668301768     
   39.8377203078161     
   39.7609189551472     
   39.6867682340828     
   39.6211203529980     
   39.5531116646836     
   39.4884113950692     
   39.4260902788785     
   39.3646633973138     
   39.3051082601354     
   39.2481006377274     
   39.1918145321525     
   39.1372671817525     
   39.0842514746175     
   39.0307576140180     
   38.9799727744813     
   38.9330674784893     
   38.8881063223665     
   38.8264334746658     
   38.7668846086112     
   38.7264995129315     
   38.6817668161561     
   38.6406111634730     
   38.6003007879979     
   38.5617154404597     
   38.5242716466172     
   38.4883529327557     
   38.4521421489279     
   38.4170536296889     
   38.3830808262269     
   38.3504757675962     
