  0.822520650540287     
  0.822460739193488     
  0.822424703077969     
  0.822409358233935     
  0.822408556246516     
  0.822408572739000     
  0.822397617002012     
  0.822387446152837     
  0.822386059599541     
  0.822402922592165     
  0.822435441209814     
  0.822483178276446     
  0.822544818859865     
  0.822599514156875     
  0.822643431904134     
  0.822680792138348     
  0.822722899457298     
  0.822777538157798     
  0.822842014304777     
  0.822905217100369     
  0.822955453306835     
  0.823004676888740     
  0.823055860518857     
  0.823100659252952     
  0.823142450703763     
  0.823178822964064     
  0.823192408227997     
  0.823246438673606     
  0.823295212800648     
  0.823341337939499     
  0.823385246071368     
  0.823436753881189     
  0.823481411934889     
  0.823525490625436     
  0.823565787475590     
  0.823605049539873     
  0.823641039428081     
  0.823682390507461     
  0.823719970615015     
  0.823846612832279     
  0.823978040537339     
  0.824028076334997     
  0.824074202532732     
  0.824132434522657     
  0.824189394784230     
  0.824244559286175     
  0.824292086868139     
  0.824341605923553     
  0.824393130703826     
  0.824447241146698     
  0.824498605958807     
  0.824545479280857     
