  0.637724199687434     
  0.637849368308304     
  0.637967425138641     
  0.638115128985722     
  0.638277719132807     
  0.638463861378954     
  0.638660304746342     
  0.638856200321270     
  0.639042843022140     
  0.639212521637207     
  0.639360265572089     
  0.639503385041471     
  0.639634796435924     
  0.639746793567644     
  0.639851448783631     
  0.639943446049082     
  0.640025821143084     
  0.640096033776265     
  0.640157737117532     
  0.640218455689742     
  0.640273965057735     
  0.640322144198081     
  0.640373207200245     
  0.640421801671126     
  0.640463738529925     
  0.640503621606395     
  0.640544281866232     
  0.640576530289410     
  0.640611468869757     
  0.640640471279662     
  0.640672675407136     
  0.640702698524873     
  0.640730310588608     
  0.640759358360985     
  0.640782906824417     
  0.640800134152701     
  0.640817983743706     
  0.640842811076431     
  0.640865243900084     
  0.640883744512650     
  0.640900218286201     
  0.640913470287283     
  0.640910009857522     
  0.640925946923777     
  0.640941520350933     
  0.640958393320029     
  0.640971071230146     
  0.640984305822026     
  0.640993069574870     
  0.641001746406981     
  0.641010461027714     
  0.641019830719948     
