  0.796000000000000     
  0.796000000000000     
  0.796000000000000     
  0.796000000000000     
  0.796000000000000     
  0.796000000000000     
  0.796000000000000     
  0.796000000000000     
  0.796000000000000     
  0.796000000000000     
  0.796000000000000     
  0.796000000000000     
  0.796000000000000     
  0.796000000000000     
  0.796000000000000     
  0.796000000000000     
  0.796000000000000     
  0.796000000000000     
  0.796000000000000     
  0.796000000000000     
  0.796000000000000     
  0.796000000000000     
  0.796000000000000     
  0.796000000000000     
  0.796000000000000     
  0.796000000000000     
  0.796000000000000     
  0.796000000000000     
  0.796000000000000     
  0.796000000000000     
  0.796000000000000     
  0.796000000000000     
  0.796000000000000     
  0.796000000000000     
  0.796000000000000     
  0.796000000000000     
  0.796000000000000     
  0.796000000000000     
  0.796000000000000     
  0.796000000000000     
  0.796000000000000     
  0.796000000000000     
  0.796000000000000     
  0.796000000000000     
  0.796000000000000     
  0.796000000000000     
  0.796000000000000     
  0.796000000000000     
  0.796000000000000     
  0.796000000000000     
  0.796000000000000     
  0.796000000000000     
