  0.703481695376313     
  0.701955846660985     
  0.700295020687741     
  0.698485741706010     
  0.696537106659385     
  0.694611862400563     
  0.692860399056062     
  0.691270595256494     
  0.689773033838436     
  0.688249525836019     
  0.686707328243237     
  0.685161399876379     
  0.683641235594915     
  0.682314453379989     
  0.681187296560702     
  0.680253129178644     
  0.679373647720427     
  0.678447234251347     
  0.677466038634167     
  0.676515957830274     
  0.675702780425987     
  0.674884896287444     
  0.674118897163568     
  0.673427238103240     
  0.672754536814594     
  0.672148133702969     
  0.671531511666959     
  0.670800460389747     
  0.670108287337658     
  0.669442128660114     
  0.668757557043188     
  0.668095354934600     
  0.667501266093856     
  0.666911867855994     
  0.666328847725661     
  0.665762332282325     
  0.665158019349246     
  0.664584487646612     
  0.664055649617207     
  0.662843998104084     
  0.661238858281964     
  0.660646054841812     
  0.660041963077480     
  0.659389233803672     
  0.658733309352437     
  0.658126419478736     
  0.657593377715623     
  0.657062070021097     
  0.656502239352039     
  0.655921796186364     
  0.655351155225957     
  0.654816184034350     
