   1.12122143392538     
   1.12096856610861     
   1.12067931798729     
   1.12045161731443     
   1.12042870114908     
   1.12067107368549     
   1.12114396103776     
   1.12169553194526     
   1.12216667606415     
   1.12246696250175     
   1.12261619473219     
   1.12263865299941     
   1.12258230440078     
   1.12251737998993     
   1.12254041002450     
   1.12259988977945     
   1.12260587671712     
   1.12252630090345     
   1.12233910472023     
   1.12222847076096     
   1.12219595424436     
   1.12212773391729     
   1.12206300013919     
   1.12198203798217     
   1.12184042638238     
   1.12170073939382     
   1.12167972821601     
   1.12143898492616     
   1.12128103411958     
   1.12109209740213     
   1.12090724644638     
   1.12069389534860     
   1.12044411035073     
   1.12021383488864     
   1.11997867246151     
   1.11954246184851     
   1.11927778843278     
   1.11914717741195     
   1.11902504608275     
   1.11782218271768     
   1.11717720005863     
   1.11680419587948     
   1.11631643906861     
   1.11593331209788     
   1.11556175702132     
   1.11524768377171     
   1.11494401921011     
   1.11463918230169     
   1.11426392282223     
   1.11388117416044     
   1.11352753090747     
   1.11320211767696     
