  0.147709397742377     
  0.147780622076947     
  0.147853589722453     
  0.147934308077145     
  0.148032694754582     
  0.148145439937932     
  0.148264649994410     
  0.148381028173266     
  0.148487688870254     
  0.148582755643078     
  0.148667703679616     
  0.148743525419762     
  0.148811263025733     
  0.148868511984419     
  0.148921336363587     
  0.148967083129366     
  0.149006108711921     
  0.149039837085940     
  0.149067457002994     
  0.149098159844617     
  0.149128424845776     
  0.149156491478263     
  0.149180685973308     
  0.149200343727156     
  0.149218384278768     
  0.149231424233488     
  0.149268605399092     
  0.149262085874515     
  0.149275396112545     
  0.149283628249280     
  0.149294302621182     
  0.149302584160582     
  0.149304704200499     
  0.149308076154436     
  0.149310735956358     
  0.149306571120875     
  0.149312754399106     
  0.149319364946673     
  0.149321358684929     
  0.149382861076787     
  0.149531764808351     
  0.149527931952095     
  0.149517672972352     
  0.149512608053324     
  0.149508353923054     
  0.149506466503622     
  0.149500935445241     
  0.149494404843158     
  0.149486597755192     
  0.149477305563588     
  0.149468373840859     
  0.149461762875773     
