 -4.034873108838904E-003
 -3.774517114012027E-003
 -3.528779555985406E-003
 -3.276546502237576E-003
 -3.038666630177572E-003
 -2.799035265731331E-003
 -2.558713801054019E-003
 -2.326335298049598E-003
 -2.109015874656561E-003
 -1.913445931139790E-003
 -1.744182276902595E-003
 -1.586829345560092E-003
 -1.450317933100326E-003
 -1.330852799798249E-003
 -1.215183728093094E-003
 -1.111309150071599E-003
 -1.019870232654568E-003
 -9.483475341385272E-004
 -8.917449215380402E-004
 -8.353858611131193E-004
 -7.766055506406022E-004
 -7.230911144325280E-004
 -6.736486382466211E-004
 -6.266947789961841E-004
 -5.805359849479774E-004
 -5.397943854615894E-004
 -4.971833050458618E-004
 -4.711895109523190E-004
 -4.439304377257813E-004
 -4.226369169383071E-004
 -4.021669526193261E-004
 -3.843983600572698E-004
 -3.696744983819888E-004
 -3.549298247759736E-004
 -3.426112006031934E-004
 -3.347712765243982E-004
 -3.237746286754162E-004
 -3.167225605281154E-004
 -3.146267272075842E-004
 -2.525570484226691E-004
 -1.247756426152880E-004
 -1.356410454804169E-004
 -1.542698701921530E-004
 -1.751475683892112E-004
 -1.978400942032055E-004
 -2.151834757478099E-004
 -2.326839505179534E-004
 -2.533095170723365E-004
 -2.780102932397055E-004
 -3.092335672139346E-004
 -3.419511669890130E-004
 -3.697166727951173E-004
