  0.674810056557866     
  0.674495478324937     
  0.674271577307425     
  0.673685724153240     
  0.673320423513459     
  0.672788861697183     
  0.672083888601830     
  0.671279872504330     
  0.670493949921519     
  0.669784122421761     
  0.669210667201113     
  0.668582763721486     
  0.667977755094392     
  0.667463516424862     
  0.666820517364604     
  0.666176525606738     
  0.665533600177125     
  0.665062211496031     
  0.664712315011961     
  0.664340482512786     
  0.663942622124858     
  0.663624871087106     
  0.663311613594916     
  0.662975294061039     
  0.662699277241729     
  0.662442533911429     
  0.662350394020963     
  0.662081873561001     
  0.661874509996200     
  0.661673998262766     
  0.661485925214474     
  0.661322376019623     
  0.661164762657934     
  0.660997113178589     
  0.660843622115019     
  0.660881543364468     
  0.660811269878288     
  0.660643436945295     
  0.660456968160204     
  0.661560269752897     
  0.662788704333854     
  0.662824957393247     
  0.662894638126874     
  0.662901787856565     
  0.662923380583079     
  0.662918255233313     
  0.662889154841039     
  0.662867247265456     
  0.662896901586912     
  0.662923392568438     
  0.662931900548383     
  0.662936302137399     
