  0.429411294226784     
  0.427499537824731     
  0.425658600290737     
  0.423265664911042     
  0.420744559862965     
  0.417745454167371     
  0.414410813947591     
  0.410959370107767     
  0.407553990398705     
  0.404308359727139     
  0.401317460140892     
  0.398405424272830     
  0.395689737185625     
  0.393193944793962     
  0.390737654239499     
  0.388441261280687     
  0.386262461420050     
  0.384321771664811     
  0.382561516731824     
  0.380882601420741     
  0.379280099058363     
  0.377779854606646     
  0.376347106701472     
  0.374973470396148     
  0.373681931066728     
  0.372442535115437     
  0.371270271785714     
  0.370103796777608     
  0.379240543022593     
  0.378219446744495     
  0.377226122097251     
  0.376295932605983     
  0.375399843049982     
  0.374528078933151     
  0.373695220591161     
  0.372999223073038     
  0.372275459340893     
  0.371537940606673     
  0.370819192677569     
  0.370841428524914     
  0.370977438420246     
  0.370466933096279     
  0.370010726195749     
  0.369528863207756     
  0.369071271609411     
  0.368624697727357     
  0.368189940304873     
  0.367774748482790     
  0.367403705062962     
  0.367046059996174     
  0.366692588394443     
  0.366350243523547     
  0.209035638210533     
  0.206903608443444     
  0.204567762171464     
  0.202305075726190     
  0.199578101373860     
  0.196900502575335     
  0.194463407863638     
  0.192272259247936     
  0.190274396604418     
  0.188408644452397     
  0.186604983582059     
  0.185018156711630     
  0.183528280399554     
  0.182125879642415     
  0.180975953995257     
  0.179919576445057     
  0.178935619243165     
  0.177876149907407     
  0.176770133943011     
  0.175733964617568     
  0.174774315800858     
  0.173817559350436     
  0.172896472553430     
  0.172007325978880     
  0.171092150074985     
  0.170200501529925     
  0.169309062431322     
  0.168485312279822     
  0.173103208740845     
  0.172287158201851     
  0.171491978454391     
  0.170684575223301     
  0.169908943304542     
  0.169166172569820     
  0.168444775944156     
  0.167605710232066     
  0.166869350342489     
  0.166228095872403     
  0.165637703866512     
  0.163878635738292     
  0.162014653904435     
  0.161301870221512     
  0.160574346127676     
  0.159911344618018     
  0.159266786142151     
  0.158662055511330     
  0.158099461359834     
  0.157551115630188     
  0.156973628974710     
  0.156409783853750     
  0.155874621020962     
  0.155357040444041     
  0.361553063463980     
  0.365596849629014     
  0.369773633430483     
  0.374429255250438     
  0.379677334645761     
  0.385354039135205     
  0.391125774062736     
  0.396768366514873     
  0.402171608864007     
  0.407282991684028     
  0.412077552137006     
  0.416576414871776     
  0.420781978267401     
  0.424680171412809     
  0.428286387611515     
  0.431639158117947     
  0.434801915177794     
  0.437802074265925     
  0.440668345160187     
  0.443383429794096     
  0.445945580970964     
  0.448402581870798     
  0.450756416570857     
  0.453019199448615     
  0.455225914679615     
  0.457356959173782     
  0.459420661600103     
  0.461410886757079     
  0.447656244228874     
  0.449493391043743     
  0.451281895436266     
  0.453019488156549     
  0.454691209629090     
  0.456305744478553     
  0.457859999444094     
  0.459395062671507     
  0.460855186291040     
  0.462233959493772     
  0.463543099427215     
  0.465279931703898     
  0.467007903640498     
  0.468231192645082     
  0.469414923636605     
  0.470559788131946     
  0.471661938203891     
  0.472713242714778     
  0.473710594286779     
  0.474674131836545     
  0.475622661909587     
  0.476544152095053     
  0.477432786527400     
  0.478292711973193     
