  0.205473912521257     
  0.198689829240477     
  0.191959973131588     
  0.183871575178166     
  0.177012563413291     
  0.170230218630751     
  0.163546450436351     
  0.157067004062451     
  0.150769617522633     
  0.144623876417157     
  0.138842695218787     
  0.132256442746711     
  0.126088944851477     
  0.120695553702991     
  0.114820199732720     
  0.110027246767097     
  0.105178768844473     
  0.103502078616075     
  0.103247791509570     
  0.103058584867379     
  0.102935658632285     
  0.102820828786570     
  0.102721640245895     
  0.102627161079745     
  0.102532162971806     
  0.102382252805085     
  0.102284216373414     
  0.102159409489197     
  0.102075248613730     
  0.101994343459498     
  0.101864814404381     
  0.101779634294585     
  0.101704888815740     
  0.101581605011044     
  0.101424264790579     
  0.101345250549782     
  0.101211913633315     
  0.101150007568872     
  0.101096871472624     
  0.100766171351155     
  0.100578813895583     
  0.100513653338257     
  0.100442321752563     
  0.100365928434180     
  0.100302400834319     
  0.100245814483964     
  0.100185589332379     
  0.100134581641947     
  0.100080326778599     
  0.100027683061081     
  9.997788733236611E-002
  9.992978413611885E-002
