  0.512930302257525     
  0.511571489968611     
  0.510369293660490     
  0.508686637272631     
  0.511122427856309     
  0.509294402493296     
  0.507211277272619     
  0.505034760288050     
  0.502894858490784     
  0.500878553220740     
  0.499074619685068     
  0.497237948486826     
  0.495519148122289     
  0.493958486040510     
  0.492306524780297     
  0.490743764881315     
  0.489229987060937     
  0.487944100851433     
  0.486820365264325     
  0.485714900249610     
  0.484632860007888     
  0.483631260673329     
  0.482663678277705     
  0.481726400753073     
  0.480870446263815     
  0.480052854568679     
  0.479287941074760     
  0.478486293563818     
  0.482335301952491     
  0.481662561429280     
  0.481001510264817     
  0.480400964167283     
  0.479817888322397     
  0.479233962053960     
  0.478676071134509     
  0.478305340351256     
  0.477846779867556     
  0.477323243890296     
  0.476795900217789     
  0.477454184001339     
  0.478232204006393     
  0.477948831157435     
  0.477727105661452     
  0.477433928461981     
  0.477152373870593     
  0.476863323614836     
  0.476568379061089     
  0.476283349998981     
  0.476050484621145     
  0.475821592646731     
  0.475583974998776     
  0.475348848675222     
  0.254760290290733     
  0.253061728085831     
  0.251205405656389     
  0.249625873348817     
  0.250419161747100     
  0.248624375289913     
  0.247105832496940     
  0.245809562776891     
  0.244639270589902     
  0.243517558863164     
  0.242362227752587     
  0.241404254952408     
  0.240497533206026     
  0.239628990645894     
  0.239038385306143     
  0.238517011875019     
  0.238052742435610     
  0.237445087993246     
  0.236741316289718     
  0.236114348486861     
  0.235566444559808     
  0.234998431318464     
  0.234459923595553     
  0.233948589108320     
  0.233383166493509     
  0.232835936493173     
  0.232263973222619     
  0.231778498610683     
  0.234605810856953     
  0.234088705602362     
  0.233586116354135     
  0.233047406413567     
  0.232526557888776     
  0.232035944430474     
  0.231557201143328     
  0.230868297325484     
  0.230325780953366     
  0.229906096023234     
  0.229539896730721     
  0.227421957473440     
  0.225229613531265     
  0.224627523614636     
  0.223989918325731     
  0.223431025024418     
  0.222883267034387     
  0.222379508960252     
  0.221919505352936     
  0.221467039471269     
  0.220963934509579     
  0.220472559573992     
  0.220013366107639     
  0.219570511794389     
  0.232309405084333     
  0.235366779575471     
  0.238425298309948     
  0.241687487001846     
  0.238458408094755     
  0.242081219912302     
  0.245682887923780     
  0.249155674626518     
  0.252465868608697     
  0.255603885603126     
  0.258563150246808     
  0.261357794242460     
  0.263983316350580     
  0.266412520989911     
  0.268655087587721     
  0.270739220915919     
  0.272717268173665     
  0.274610808823287     
  0.276438316111418     
  0.278170748926913     
  0.279800693093975     
  0.281370305668097     
  0.282876395784971     
  0.284325007795189     
  0.285746384897406     
  0.287111206591145     
  0.288448083354026     
  0.289735205475008     
  0.283058884915613     
  0.284248730691817     
  0.285412371102855     
  0.286551627139335     
  0.287655551507273     
  0.288730091232361     
  0.289766725437322     
  0.290826360036053     
  0.291827436890072     
  0.292770657796234     
  0.293664200760125     
  0.295123856228522     
  0.296538180162231     
  0.297423642926101     
  0.298282973708930     
  0.299135044208062     
  0.299964356787900     
  0.300757165116444     
  0.301512113276203     
  0.302249608218716     
  0.302985578556811     
  0.303705845465377     
  0.304402656578329     
  0.305080637213867     
