  0.340665729542626     
  0.342566775028787     
  0.344514497518687     
  0.346533010721501     
  0.348859629155628     
  0.351304577384943     
  0.353749007159653     
  0.356116370360336     
  0.358388254183835     
  0.360543025985467     
  0.362594784270855     
  0.364467209977549     
  0.366219174207962     
  0.367843012526698     
  0.369295450510834     
  0.370643923983405     
  0.371896411638027     
  0.373114934978694     
  0.374295252108992     
  0.375396454966220     
  0.376429581525951     
  0.377419530678899     
  0.378351612662319     
  0.379253247126940     
  0.380137466890283     
  0.380982940177414     
  0.381781367359130     
  0.382580938211428     
  0.383357230845608     
  0.384105138197098     
  0.384832754332292     
  0.385538204953658     
  0.386224453301733     
  0.386879143895877     
  0.387516547184894     
  0.388219612170998     
  0.388855929184045     
  0.389420959549605     
  0.389951925511929     
  0.391041770099849     
  0.392018675584845     
  0.392586622261958     
  0.393178174758219     
  0.393712538034800     
  0.394228915413686     
  0.394715059031007     
  0.395187501073355     
  0.395644630965301     
  0.396108096635325     
  0.396560858735449     
  0.396995754990494     
  0.397416355816861     
