  2.840448666988560E-002
  2.759694539029467E-002
  2.757053573103840E-002
  2.695589256845254E-002
  2.681441029191012E-002
  2.714782463193410E-002
  2.785097127389702E-002
  2.760718590392386E-002
  2.764880259756375E-002
  2.758051438920328E-002
  2.754410833454002E-002
  2.744147610187098E-002
  2.731675342258844E-002
  2.717087835916110E-002
  2.711454674838942E-002
  2.700481563077495E-002
  2.690629874164796E-002
  2.682556021550409E-002
  2.679457395212526E-002
  2.666293725633606E-002
  2.672536070786502E-002
  2.676338055535754E-002
  2.670952223281620E-002
  2.671905726017321E-002
  2.670784649846158E-002
  2.669212626236939E-002
  2.669311823757592E-002
  2.672626040233506E-002
  2.668918266250175E-002
  2.670884932279471E-002
  2.671498119612814E-002
  2.665530780400160E-002
  2.668763107126804E-002
  2.665343017380106E-002
  2.670999336102908E-002
  2.667606045794257E-002
  2.671467663115235E-002
  2.039662905759165E-002
  2.638818060733328E-002
  2.684020002423892E-002
  2.708270221830689E-002
  2.707332782102989E-002
  2.715045008566042E-002
  2.084397615628975E-002
  2.660199129427154E-002
  2.607229576917569E-002
  2.654233406937667E-002
  2.657605192570167E-002
  2.670146628481573E-002
  2.677679776246356E-002
  2.686124308213222E-002
  2.683702380497155E-002
