  0.154678226530264     
  0.154701052192420     
  0.154705287808846     
  0.154700491579401     
  0.154692385390149     
  0.154686302077644     
  0.154687573719648     
  0.154682819554406     
  0.154677719298243     
  0.154666730192588     
  0.154650131638584     
  0.154631645194291     
  0.154607675973436     
  0.154581915311497     
  0.154563502851955     
  0.154540660470551     
  0.154516459233783     
  0.154489281731233     
  0.154459687119855     
  0.154431583847221     
  0.154406843739140     
  0.154389336433019     
  0.154367684073075     
  0.154345962332683     
  0.154324540863610     
  0.154303259901126     
  0.154336885956400     
  0.154301729037002     
  0.154278281611886     
  0.154255852925169     
  0.154246502814209     
  0.154220836798729     
  0.154195493384084     
  0.154170873169902     
  0.154150497005027     
  0.154137613882467     
  0.154130792542068     
  0.154108829502175     
  0.154087172849307     
  0.154100977683004     
  0.154166394360854     
  0.154145496535301     
  0.154127418249151     
  0.154100450057217     
  0.154076460779183     
  0.154051563164727     
  0.154028333481960     
  0.154003646554120     
  0.153980211905489     
  0.153955081708613     
  0.153929893198931     
  0.153907030420540     
