  5.857815465426596E-003
  5.946805405854469E-003
  6.035564275554716E-003
  6.138323801572714E-003
  6.237916672866766E-003
  6.342266146720770E-003
  6.448436057527079E-003
  6.553063701624034E-003
  6.654301298432900E-003
  6.751445139729403E-003
  6.842523177959903E-003
  6.936982842054866E-003
  7.025234923842917E-003
  7.103945254680047E-003
  7.184712380278959E-003
  7.254534719475325E-003
  7.322721613433482E-003
  7.363029329697318E-003
  7.389636975039512E-003
  7.414606241853677E-003
  7.437855131198958E-003
  7.459652819263014E-003
  7.480299778185756E-003
  7.499782043909740E-003
  7.518204855178844E-003
  7.535498685456718E-003
  7.551527721941566E-003
  7.568372496456755E-003
  7.583796349885098E-003
  7.598250537751905E-003
  7.612738375638765E-003
  7.626280750840833E-003
  7.638965393371827E-003
  7.651751210428954E-003
  7.664139940739769E-003
  7.674579441541491E-003
  7.685877740207005E-003
  7.696811124210932E-003
  7.706973736720843E-003
  7.720246061866266E-003
  7.735997791380197E-003
  7.744001571402970E-003
  7.751246742301720E-003
  7.759359298981512E-003
  7.767168181106961E-003
  7.774901901194021E-003
  7.782152417841021E-003
  7.789077486136456E-003
  7.795544300656710E-003
  7.801759810719225E-003
  7.807866274223065E-003
  7.813906531830001E-003
