  0.133815321031082     
  0.133931114367680     
  0.134031708767822     
  0.134133023035248     
  0.134228155821843     
  0.134333865511662     
  0.134452605668607     
  0.134573379458161     
  0.134684491582853     
  0.134775092702003     
  0.134843498464371     
  0.134899665981117     
  0.134940345314072     
  0.134974729799676     
  0.135015258301648     
  0.135054674845165     
  0.135085728610760     
  0.135099851564380     
  0.135098998814928     
  0.135101439149950     
  0.135112093891542     
  0.135118362376721     
  0.135122935117042     
  0.135127237615347     
  0.135130343150723     
  0.135130703237253     
  0.135139420706160     
  0.135121944891249     
  0.135110767897595     
  0.135094929285388     
  0.135079191414745     
  0.135060990933399     
  0.135041194597818     
  0.135022357913751     
  0.135002005191325     
  0.134974028668791     
  0.134952931056835     
  0.134932925688352     
  0.134910383436137     
  0.134896689491412     
  0.134945300114191     
  0.134905751222597     
  0.134857185413953     
  0.134808940588509     
  0.134760067018712     
  0.134718120788973     
  0.134678028318415     
  0.134635831826608     
  0.134588506696339     
  0.134535877713381     
  0.134483392128541     
  0.134436606501682     
