  3.496215752261105E-002
  3.495411778242310E-002
  3.494505095348235E-002
  3.493529338842287E-002
  3.492578455068710E-002
  3.491752433356500E-002
  3.491108521543716E-002
  3.490576588890161E-002
  3.490060761365973E-002
  3.489482384270009E-002
  3.488844502553145E-002
  3.488166531449396E-002
  3.487477144572911E-002
  3.486852777217582E-002
  3.486390237343742E-002
  3.486019703893371E-002
  3.485648989354663E-002
  3.485239677435455E-002
  3.484769150140851E-002
  3.484346636570684E-002
  3.484016216769237E-002
  3.483687686805978E-002
  3.483389756358306E-002
  3.483111886390811E-002
  3.482782921740273E-002
  3.482462147511092E-002
  3.482535231940356E-002
  3.481938197399777E-002
  3.481614824705346E-002
  3.481308529799484E-002
  3.481018570539501E-002
  3.480680654136631E-002
  3.480367285877568E-002
  3.480063652640501E-002
  3.479761662352219E-002
  3.479293957792426E-002
  3.478939748314671E-002
  3.478714954600030E-002
  3.478548422520642E-002
  3.476543581127825E-002
  3.474408702084522E-002
  3.473978675248270E-002
  3.473492893794714E-002
  3.473083852443720E-002
  3.472695611112566E-002
  3.472342646700347E-002
  3.472029094525599E-002
  3.471725980735259E-002
  3.471360552971964E-002
  3.471003233487095E-002
  3.470675295008011E-002
  3.470358207175132E-002
