  8.244573508499042E-002
  8.243249926319811E-002
  8.240911376393953E-002
  8.238310780328602E-002
  8.235119356982432E-002
  8.232694984425502E-002
  8.231645064650635E-002
  8.231370265011650E-002
  8.231028420739837E-002
  8.229660936803827E-002
  8.227296771639434E-002
  8.224346158065353E-002
  8.220872961986095E-002
  8.217937640010324E-002
  8.216178729098073E-002
  8.215251580748469E-002
  8.214259504401869E-002
  8.212283378883881E-002
  8.209294868459421E-002
  8.206592292907318E-002
  8.204835344794335E-002
  8.202805745869865E-002
  8.200805606624302E-002
  8.199034842147704E-002
  8.197310532121543E-002
  8.195676683850162E-002
  8.195019169742893E-002
  8.191260690238704E-002
  8.188558691321975E-002
  8.185636362695527E-002
  8.182629240639165E-002
  8.179545450528139E-002
  8.176550068847452E-002
  8.173599748338553E-002
  8.170589284673405E-002
  8.167273940436402E-002
  8.164200448768931E-002
  8.161140475769653E-002
  8.158029057935975E-002
  8.154471349180517E-002
  8.154138265707027E-002
  8.149870568099621E-002
  8.145020966825628E-002
  8.139831434432268E-002
  8.134562448940398E-002
  8.129895433952296E-002
  8.125589347225692E-002
  8.121111842518469E-002
  8.116226066975586E-002
  8.110866014607593E-002
  8.105504900720589E-002
  8.100644354618901E-002
  1.417303539294843E-002
  1.409946275634592E-002
  1.402932210664636E-002
  1.394002148391773E-002
  1.384694962774847E-002
  1.373904068645347E-002
  1.362200034954190E-002
  1.350265093055185E-002
  1.338729239012409E-002
  1.327953097673550E-002
  1.318219726559145E-002
  1.308888832673282E-002
  1.300214460536557E-002
  1.292390834442195E-002
  1.284697487416580E-002
  1.277457390705988E-002
  1.270576681828618E-002
  1.264524676227498E-002
  1.259093027070100E-002
  1.253927431240351E-002
  1.248981476983786E-002
  1.244494614817219E-002
  1.240157288934928E-002
  1.235903812124014E-002
  1.231966170111140E-002
  1.228213827014127E-002
  1.224910966744406E-002
  1.221490217620374E-002
  1.218199184235039E-002
  1.215020113792533E-002
  1.211980428559415E-002
  1.209077746845599E-002
  1.206235864239717E-002
  1.203461802575967E-002
  1.200832725081742E-002
  1.198661256808093E-002
  1.196431075731425E-002
  1.194054509960947E-002
  1.191700266255804E-002
  1.192373803250112E-002
  1.194270639551418E-002
  1.192568149941338E-002
  1.190941680147148E-002
  1.189222195419952E-002
  1.187599885176067E-002
  1.185989337286576E-002
  1.184348873836124E-002
  1.182770793373107E-002
  1.181352949376558E-002
  1.179958445336189E-002
  1.178561907641207E-002
  1.177207763582395E-002
  7.087053491907997E-003
  7.033503481328547E-003
  6.975505608715159E-003
  6.921712179377405E-003
  6.853306139899298E-003
  6.784877161680380E-003
  6.721337205765066E-003
  6.663133441916695E-003
  6.609029762049940E-003
  6.557876710270213E-003
  6.508065027844464E-003
  6.464952096144713E-003
  6.425534520578120E-003
  6.388490774920251E-003
  6.358919261600390E-003
  6.332495050559714E-003
  6.308865015597003E-003
  6.283020452649110E-003
  6.256079024828014E-003
  6.231719517714529E-003
  6.209932926787184E-003
  6.188013027944844E-003
  6.167230608466953E-003
  6.148089892300549E-003
  6.128382412645827E-003
  6.109666589278767E-003
  6.088721591742261E-003
  6.072699211290960E-003
  6.054638429975150E-003
  6.037339848042595E-003
  6.021085070227423E-003
  6.004163922546708E-003
  5.987790868377803E-003
  5.972394331404357E-003
  5.957533501334416E-003
  5.938535513259201E-003
  5.923285027146005E-003
  5.910501160665396E-003
  5.898942466949567E-003
  5.853053985299965E-003
  5.807862204522645E-003
  5.792354049294155E-003
  5.776234631190061E-003
  5.761627674948893E-003
  5.747203892789530E-003
  5.733831945833600E-003
  5.721543911047778E-003
  5.709394323210631E-003
  5.696336899615596E-003
  5.683604546127107E-003
  5.671624088716807E-003
  5.660163073233330E-003
  2.896007773081812E-002
  2.921660551665277E-002
  2.946902776301375E-002
  2.973970900152729E-002
  3.002841450409688E-002
  3.033485677173836E-002
  3.064480695497659E-002
  3.094597590588119E-002
  3.123003646564315E-002
  3.149331901563213E-002
  3.173261924442554E-002
  3.195482546910858E-002
  3.215648922818128E-002
  3.233555841656566E-002
  3.250024945477398E-002
  3.264779095854808E-002
  3.278120867981513E-002
  3.290146817890582E-002
  3.301178313674403E-002
  3.311728421349636E-002
  3.321676677894905E-002
  3.331015820591104E-002
  3.339892830191808E-002
  3.348265401947146E-002
  3.356209540198564E-002
  3.363501955641558E-002
  3.370366206172956E-002
  3.377480092638798E-002
  3.384164549044966E-002
  3.390417787423839E-002
  3.396524555413395E-002
  3.402385952800919E-002
  3.407885406544719E-002
  3.413270255980785E-002
  3.418365433435814E-002
  3.422951574648823E-002
  3.427672901038105E-002
  3.432394686870406E-002
  3.436772602075121E-002
  3.442768318670140E-002
  3.450447848217587E-002
  3.454012267869027E-002
  3.457243011232217E-002
  3.460792661773431E-002
  3.464244182774072E-002
  3.467668004962877E-002
  3.470838535609944E-002
  3.473894764606662E-002
  3.476775443340113E-002
  3.479546561650988E-002
  3.482261364970525E-002
  3.484949120680995E-002
