   1.33636194676979     
   1.33604946579111     
   1.33570253993565     
   1.33532496937885     
   1.33496438787963     
   1.33464747759896     
   1.33440493733958     
   1.33420084058184     
   1.33400297167377     
   1.33378133109461     
   1.33353803702567     
   1.33327999992635     
   1.33301644022585     
   1.33277711897599     
   1.33260111061539     
   1.33245916023212     
   1.33231753972642     
   1.33216060574008     
   1.33198032717579     
   1.33181923010160     
   1.33169272786572     
   1.33156675088819     
   1.33145257661236     
   1.33134660717516     
   1.33122028672854     
   1.33109799645899     
   1.33116580829412     
   1.33089747158893     
   1.33077387979745     
   1.33065668463718     
   1.33054614893975     
   1.33041660475976     
   1.33029667812405     
   1.33018096581397     
   1.33006557148039     
   1.32988628512648     
   1.32975130916503     
   1.32966487271129     
   1.32960136467935     
   1.32883718961900     
   1.32802151447870     
   1.32785759111399     
   1.32766990900657     
   1.32751401398419     
   1.32736606698250     
   1.32723136822155     
   1.32711148231458     
   1.32699557325315     
   1.32685583266376     
   1.32671916699363     
   1.32659382147270     
   1.32647263865223     
