   1.82872728709289     
   1.83369158272021     
   1.83949732372853     
   1.84596138112121     
   1.85290343345778     
   1.86017040133432     
   1.86763847243620     
   1.87519747060834     
   1.88275131950059     
   1.89022189079167     
   1.89755954298255     
   1.90472225021308     
   1.91167746795398     
   1.91839754846191     
   1.92486638176827     
   1.93107327633088     
   1.93701289193991     
   1.94268162528521     
   1.94807537455595     
   1.95319724840962     
   1.95805468230812     
   1.96265588561317     
   1.96700728170524     
   1.97111807473532     
   1.97499601030643     
   1.97864896255360     
   1.98208592802754     
   1.98531450381382     
   1.98834525663316     
   1.99118433093920     
   1.99384299319078     
   1.99633164861089     
   1.99865962925292     
   2.00083459075129     
   2.00286601740752     
   2.00476186814437     
   2.00652992317342     
   2.00817779439869     
   2.00971249671703     
   2.01114079246103     
   2.01246855727651     
   2.01370232525569     
   2.01484810554938     
   2.01591077777404     
   2.01689586866490     
   2.01780948423130     
   2.01865563183866     
   2.01943996581254     
   2.02016545525766     
   2.02083630871421     
   2.02145655556688     
   2.02202970040620     
   2.02255913420661     
   2.02304809959482     
   2.02350087538390     
   2.02391850144173     
   2.02430388563992     
   2.02465931736928     
   2.02498710631753     
   2.02528927689662     
   2.02556776242116     
   2.02582448653661     
   2.02606109909807     
   2.02627916391479     
   2.02648011269048     
   2.02666528532719     
   2.02683587107280     
   2.02699290937879     
   2.02713737645383     
   2.02727041298935     
   2.02739296746572     
   2.02750583444097     
   2.02760980013238     
   2.02770553617560     
   2.02779370910989     
   2.02787425485640     
   2.02794840319884     
   2.02801662960624     
   2.02807923864266     
   2.02813680972406     
   2.02818982136471     
   2.02823858279653     
   2.02828344289742     
   2.02832472827311     
   2.02836268945927     
   2.02839753988935     
   2.02842957943469     
   2.02845895758378     
   2.02848586285700     
   2.02851053305192     
   2.02853311165668     
   2.02855367739631     
   2.02857236645266     
   2.02858924485593     
   2.02860440659215     
   2.02861782357488     
   2.02862944861226     
   2.02863926926385     
   2.02864685527800     
   2.02883394571121     
