  1.014525752978628E-006
  1.014525753173382E-006
  1.014525756095705E-006
  1.014525768758909E-006
  1.014525802852304E-006
  1.014525874740448E-006
  1.014526005463886E-006
  1.014526220738853E-006
  1.014526550956974E-006
  1.014527031185599E-006
  1.014527701168010E-006
  1.014528605322679E-006
  1.014529792744143E-006
  1.014531317202159E-006
  1.014533237142778E-006
  1.014535615687124E-006
  1.014538520632234E-006
  1.014542024450767E-006
  1.014546204290887E-006
  1.014551141976705E-006
  1.014556924007620E-006
  1.014563641559043E-006
  1.014571390481710E-006
  1.014580271302172E-006
  1.014590389222755E-006
  1.014601854121168E-006
  1.014614780550688E-006
  1.014629287740656E-006
  1.014645499595685E-006
  1.014663544696025E-006
  1.014683556297885E-006
  1.014705672332650E-006
  1.014730035407581E-006
  1.014756792805475E-006
  1.014786096484788E-006
  1.014818103079513E-006
  1.014852973899256E-006
  1.014890874929236E-006
  1.014931976830092E-006
  1.014976454938370E-006
  1.015024489265682E-006
  1.015076264499651E-006
  1.015131970003178E-006
  1.015191799814552E-006
  1.015255952648046E-006
  1.015324631892842E-006
  3.389563605661421E-004
  8.150614518168004E-004
  1.318253545341369E-003
  1.981468763208587E-003
  2.573841036781757E-003
  3.193703714005330E-003
  3.718233755902651E-003
  4.599530239837453E-003
  5.137183081863266E-003
  6.144555027538327E-003
  6.934434792439905E-003
  7.636025373988551E-003
  8.627934589268202E-003
  9.755329207138386E-003
  1.098711772193225E-002
  1.216743876907436E-002
  1.389034008668114E-002
  1.533631908524940E-002
  1.688110126286751E-002
  1.882936316546615E-002
  2.084147650660826E-002
  2.245344527270168E-002
  2.426541081877149E-002
  2.649790327795417E-002
  2.886033006502872E-002
  3.136485355210079E-002
  3.397386695205063E-002
  3.627781272060518E-002
  3.926355386049357E-002
  4.247747000748010E-002
  4.584565954372216E-002
  4.930011204603349E-002
  5.246344497521425E-002
  5.561822103162458E-002
  5.929999879507235E-002
  6.347259205375216E-002
  6.780591671160749E-002
  7.230575982342718E-002
  7.698761049016745E-002
  8.186014611406051E-002
  8.625431413228382E-002
  9.102527799679912E-002
  9.637267671464755E-002
  0.102020192344467     
  0.107985770688625     
  0.114174596527174     
  0.120666668072194     
  0.127359688259699     
  0.134176914238945     
  0.140570106683908     
  0.147145355886902     
  0.154763272482546     
  0.162728582290827     
  0.170940315261317     
  0.179423671871426     
  0.188153737723483     
  0.197047956759227     
  0.206232777441044     
  0.215846035546433     
  0.225902529092667     
  0.235697781264550     
  0.245366154252208     
  0.256059381853998     
  0.267096130512027     
  0.278579862916228     
  0.290694255424102     
  0.303091468225911     
  0.315671805340242     
  0.328599998720523     
  0.341775536048583     
  0.355293554839298     
  0.369357804180721     
  0.384005189635287     
  0.398947696360088     
  0.414250038650692     
  0.429146182063253     
  0.444268804694196     
  0.460642563020298     
  0.477610146586811     
  0.494972163779176     
  0.512802930633388     
  0.530910475124438     
  0.549544663006530     
  0.568786362928077     
  0.588484283675541     
  0.608597158669267     
  0.629211474410937     
  0.650184209235901     
  0.671708480340850     
  0.693825478395865     
  0.716429553139446     
  0.739566531274476     
  0.763187162566569     
  0.787282150561575     
  0.811976852461418     
  0.837264386323291     
  0.863129230144289     
  0.889496821101978     
  0.915951664665754     
  0.942595771458767     
  0.969816975098066     
  0.998251840727612     
   1.02750015070536     
   1.05736038575147     
   1.08787245860741     
   1.11905166383421     
   1.15080898124893     
   1.18318926707080     
   1.21622170208534     
   1.24994450215060     
   1.28436950841718     
   1.31944207733246     
   1.35519457001827     
   1.39160948074131     
   1.42874797158854     
   1.46661679240649     
   1.50519258607338     
   1.54448808573098     
   1.58450943672140     
   1.62531002987940     
   1.66688217461181     
   1.70920222419306     
   1.75228176385362     
   1.79615243816946     
   1.84084063277372     
   1.88634449130803     
   1.93264019883471     
   1.97974682835055     
   2.02769901366346     
   2.07650948177699     
   2.12616346800525     
   2.17666930337315     
   2.22804568349525     
   2.28033825813785     
   2.33351069704867     
   2.38757422937819     
   2.44254671101408     
   2.49846460501424     
   2.55532228312893     
   2.61311031818228     
   2.67184628738709     
   2.73154702503751     
   2.79223401775739     
   2.85390040186544     
   2.91655390568009     
   2.98021558112851     
   3.04489844187748     
   3.11061009819755     
   3.17735519521305     
   3.24514668585633     
   3.31400467106387     
   3.38393630334852     
   3.45494552866984     
   3.52704833804551     
   3.60025752897497     
   3.67458610683700     
   3.75004158012780     
   3.82663642400353     
   3.90438380099207     
   3.98329491525350     
   4.06337831586793     
   4.14464795722973     
   4.22711730769417     
   4.31081615677809     
   4.39572463949394     
   4.48185342802749     
   4.56922886813088     
   4.65787394625075     
   4.74778314105236     
   4.83896255873701     
   4.93143348004839     
   5.02521749290335     
   5.12031617429821     
   5.21673730756822     
   5.31449660258597     
   5.41361494493451     
   5.51409811606039     
   5.61595528817224     
   5.71920517333858     
   5.82386596177110     
   5.92993876476683     
   6.03743345561715     
   6.14636864207274     
   6.25676411432808     
   6.36862626146127     
   6.48196229740785     
   6.59678923582675     
   6.71312672483945     
   6.83098562014767     
   6.95037285123811     
   7.07130069724810     
   7.19378875911510     
   7.31785235141282     
   7.44350148539914     
   7.57074596463980     
   7.69960130007859     
   7.83008291800846     
   7.96220455083195     
   8.09597838863296     
   8.23141782353651     
   8.36853756546822     
   8.50735115151958     
   8.64787150496205     
   8.79011317499098     
   8.93409072103800     
   9.07981841172892     
   9.22730930193330     
   9.37657899120377     
   9.52764543561384     
   9.68052153041362     
   9.83521287823166     
   9.99173587962702     
   10.1501094340802     
   10.3103479850299     
   10.4724672064705     
   10.6364764431772     
   10.8023928479592     
   10.9702331946060     
   11.1400129226555     
   11.3117446810742     
   11.4854427973962     
   11.6611236462047     
   11.8388030717391     
   12.0184951767358     
   12.2002128989982     
   12.3839716040732     
   12.5697891541147     
   12.7576826460823     
   12.9476756406482     
   13.1397666143781     
   13.3339707120040     
   13.5303109362115     
   13.7288061686157     
   13.9294686976528     
   14.1323072902418     
   14.3373390451892     
   14.5445839925023     
   14.7540609332763     
   14.9657810391982     
   15.1797576190340     
   15.3960086528902     
   15.6145527422202     
   15.8354059426984     
   16.0585811431778     
   16.2840939768989     
   16.5119624711105     
   16.7422042246236     
   16.9748338492885     
   17.2098663981977     
   17.4473190232681     
   17.6872089817912     
   17.9295536931091     
   18.1743684416820     
   18.4216717525990     
   18.6714802692167     
   18.9238068590435     
   19.1786704304662     
   19.4360894323296     
   19.6960815164909     
   19.9586622825950     
   20.2238448667252     
   20.4916491079814     
   20.7620940338816     
   21.0351982411722     
   21.3109761803444     
   21.5894409394290     
   21.8706071498987     
   22.1545091135322     
   22.4411557058770     
   22.7305598160622     
   23.0227385861294     
   23.3177098364894     
   23.6155014964323     
   23.9161255562064     
   24.2195957947179     
   24.5259288650672     
   24.8351457327530     
   25.1472705096686     
   25.4623159681840     
   25.7802974130691     
   26.1012319286648     
   26.4251419026667     
   26.7520496271612     
   27.0819688520712     
   27.4149152303604     
   27.7509067053987     
   28.0899658079418     
   28.4321137259464     
   28.7773647308237     
   29.1257367228512     
   29.4772470296730     
   29.8319175882879     
   30.1897703972453     
   30.5508203440037     
   30.9150854985682     
   31.2825836336299     
   31.6533364443207     
   32.0273654504490     
   32.4049748419907     
   32.7890295957709     
   33.1764880610200     
   33.5673703010657     
   33.9616964001973     
   34.3594865434333     
   34.7607609451761     
   35.1655399172784     
   35.5703854495810     
   35.9783955031571     
   36.3898960491182     
   36.8048914652372     
   37.2234050932465     
   37.6454758070275     
   38.0711311132565     
   38.5003754581388     
   38.9332154154496     
   39.3696733997739     
   39.8097873361955     
   40.2535847919254     
   40.7010730287357     
   41.1522593552613     
   41.6071662624103     
   42.0658288035145     
   42.5282735771529     
   42.9945111958504     
   43.4645517848364     
   43.9384174810749     
   44.4161402571063     
   44.8977466152668     
   45.3832494999957     
   45.8726619058682     
   46.3660041957583     
   46.8633060911481     
   47.3645944607662     
   47.8698858549234     
   48.3791941519645     
   48.8925388708932     
   49.4099474308256     
   49.9314472031853     
   50.4570572790470     
   50.9867926364273     
   51.5206726670955     
   52.0587227743300     
   52.6009760732296     
   53.1474364784949     
   53.6981454435881     
   54.2531077675175     
   54.8123360579364     
   55.3758775775428     
   55.9437370229006     
   56.5159571450554     
   57.0925463828919     
   57.6735064515040     
   58.2588839160890     
   58.8486930775823     
   59.4429725504044     
   60.0417380894463     
   60.6449888903289     
   61.2527597512000     
   61.8650761073887     
   62.4819711597320     
   63.1034693039314     
   63.7295717938561     
   64.3603029998347     
   64.9956909331548     
   65.6357664807864     
   66.2805585753315     
   66.9300766941236     
   67.5843392332137     
   68.2433699023738     
   68.9072003862116     
   69.5758611362007     
   70.2493693762789     
   70.9277406906749     
   71.6109959152046     
   72.2991635988629     
   72.9922733387810     
   73.6903500440307     
   74.3934104529219     
   75.1014751006807     
   75.8145676075071     
   76.5327166929861     
   77.2559498046988     
   77.9842875692496     
   78.7177514618484     
   79.4563629544546     
   80.2001477998609     
   80.9491327769172     
   81.7033428483562     
   82.4628020922196     
   83.2275308245554     
   83.9975530145126     
   84.7728944708179     
   85.5535808207560     
   86.3396377027195     
   87.1310864411337     
   87.9279519326630     
   88.7302589818787     
   89.5380319814860     
   90.3512961663691     
   91.1700764390102     
   91.9943989076050     
   92.8242863393216     
   93.6597634160788     
   94.5008546786873     
   95.3552847437319     
   96.2172479329469     
   97.0850417355137     
   97.9586923846089     
   98.8382261840313     
   99.7215687744455     
   100.602993328287     
   101.490172200428     
   102.383194104225     
   103.282085870253     
   104.186872950365     
   105.097582206280     
   106.014275220960     
   106.936914605003     
   107.865550111635     
   108.800210377926     
   109.740921035222     
   110.687707857546     
   111.640627405259     
   112.599655609758     
   113.564835194172     
   114.536197083559     
   115.513765126602     
   116.497567787269     
   117.487653255143     
   118.484013398315     
   119.486679974267     
   120.495685118212     
   121.511056646893     
   122.532820145288     
   123.561021032237     
   124.595663929668     
   125.636773879825     
   126.684381201776     
   127.738514016651     
   128.799201580764     
   129.866481403683     
   130.940367326268     
   132.020882204868     
   133.108055533071     
   134.201918192316     
   135.302499501523     
   136.409834544251     
   137.523942101433     
   138.644842961651     
   139.772567837220     
   140.907145700850     
   142.048608367965     
   143.196986033063     
   144.352305162194     
   145.514586645930     
   146.683857965451     
   147.860148352316     
   149.043488521589     
   150.233910324651     
   151.431442698189     
   152.636108269017     
   153.847935372655     
   155.066954924370     
   156.293187288244     
   157.526670106428     
   158.767434197293     
   160.015508579052     
   161.270914593900     
   162.533682722681     
   163.803840989555     
   165.081418175447     
   166.366446671996     
   167.658957621626     
   168.958977401241     
   170.266531454401     
   171.581650885497     
   172.904362597764     
   174.234696549588     
   175.572686529922     
   176.918362067607     
   178.271749161171     
   179.632872954338     
   181.001763142037     
   182.378453743114     
   183.762977799540     
   185.155362497702     
   186.555638577859     
   187.963830857607     
   189.379877269958     
   190.803764097531     
   192.235670660568     
   193.675626115314     
   195.123664943074     
   196.579810373926     
   198.043636674985     
   199.516084227622     
   201.014790006166     
   202.521923356369     
   204.037515789098     
   205.561598910868     
   207.094204378146     
   208.617244365542     
   210.147875829794     
   211.686600704363     
   213.234338817636     
   214.790577971515     
   216.355307990222     
   217.928583542686     
   219.510522275426     
   221.100799470383     
   222.699428701477     
   224.307188244711     
   225.923701486741     
   227.548918006675     
   229.182896013128     
   230.825748903252     
   232.477214602750     
   234.137286468102     
   235.806572588793     
   237.484881564800     
   239.172121391415     
   240.868340546745     
   242.573643136500     
   244.287847827576     
   246.010914128097     
   247.743272869006     
   249.484910817259     
   251.235729718982     
   252.995741457659     
   254.765043288916     
   256.543540096025     
   258.331167508534     
   260.128183508024     
   261.934706443989     
   263.750669803653     
   265.576057211131     
   267.410939871871     
   269.255294516420     
   271.109056860352     
   272.972356829871     
   274.845344984802     
   276.728031006249     
   278.620389647182     
   280.522453340527     
   282.434246293106     
   284.355731952643     
   286.286946108883     
   288.228017744610     
   290.179023285446     
   292.139960570720     
   294.110828452503     
   296.091668518808     
   298.082472932134     
   300.083246573796     
   302.094059567295     
   304.115011259896     
   306.146143393944     
   308.187458861257     
   310.238976387902     
   312.300718198369     
   314.372691823268     
   316.454921747275     
   318.547484439671     
   320.650454675219     
   322.763862318343     
   324.887717715558     
   327.022044404079     
   329.166862778891     
   331.322188788341     
   333.488057145886     
   335.664543711782     
   337.851705116046     
   340.049570030355     
   342.258156663381     
   344.477484211244     
   346.707579504386     
   348.948464457935     
   351.200180210273     
   353.462789343823     
   355.736346851114     
   358.020879577399     
   360.316406308500     
   362.622952436189     
   364.940546593073     
   367.269211258405     
   369.628176795597     
   372.007111520186     
   374.397510972307     
   376.799411914590     
   379.212851193187     
   381.620876329448     
   384.028896673341     
   386.448292810607     
   388.879010305868     
   391.320955602867     
   393.774385022207     
   396.239362562762     
   398.715904813663     
   401.204097656417     
   403.704145517296     
   406.215880570247     
   408.739234840498     
   411.274135047372     
   413.820803584263     
   416.379303620028     
   418.949661642133     
   421.531948714654     
   424.126342375476     
   426.732733373477     
   429.351054557736     
   431.981244895703     
   434.623477220086     
   437.277830328848     
   439.944332833302     
   442.623051641545     
   445.314123580144     
   448.017507930429     
   450.733157419473     
   453.460993470752     
   456.201143883851     
   458.953707532235     
   461.718716375494     
   464.496226480069     
   467.286338298776     
   470.089084889532     
   472.904423295091     
   475.732282580561     
   478.572748012466     
   481.425903161118     
   484.291804889315     
   487.170501376169     
   490.062064561655     
   492.966570011045     
   495.883986987646     
   498.814273356070     
   501.757478976011     
   504.713650540399     
   507.682859090475     
   510.665167455359     
   513.660622979427     
   516.669304996546     
   519.691223897674     
   522.726377994782     
   525.774749305995     
   528.836384191239     
   531.911352228285     
   534.999713642390     
   538.101525560838     
   541.216847672583     
   544.345720719600     
   547.488156580000     
   550.644177543052     
   553.813772219433     
   556.996984987020     
   560.193880844176     
   563.404533143113     
   566.628997713799     
   569.867320174178     
   573.119530642233     
   576.385647572628     
   579.665676960956     
   582.959683674318     
   586.267624195938     
   589.589617382648     
   592.925757754884     
   596.276048092682     
   599.640524190301     
   603.019283914236     
   606.412271057409     
   609.819529942904     
   613.241137357895     
   616.677029016467     
   620.127322133647     
   623.592173282376     
   627.071515090500     
   630.569350460999     
   634.119345065213     
   637.684308009648     
   641.264281291019     
   644.859306986898     
   648.467227230163     
   652.049976431611     
   655.647493637716     
   659.260040853755     
   662.887494001677     
   666.529506841861     
   670.186455387637     
   673.857455086410     
   677.546305702849     
   681.247474415291     
   684.964892298635     
   688.697670051040     
   692.445793007006     
   696.209257495877     
   699.987688534141     
   703.781008111544     
   707.585662870644     
   711.412947495142     
   715.262263999294     
   719.110678951096     
   722.981974347897     
   726.869022800705     
   730.771857795334     
   734.690050875024     
   738.622745516125     
   742.568170468879     
   746.536213242454     
   750.527271405112     
   754.519326064937     
   758.530716027234     
   762.560012851355     
   766.605549328101     
   770.666933168323     
   774.742712375404     
   778.833464596826     
   782.944851846948     
   787.077732292718     
   791.217868042175     
   795.375852398096     
   799.549280606756     
   803.740887503364     
   807.948866860294     
   812.171798513459     
   816.410404671323     
   820.669264659141     
   824.944699686004     
   829.234058089978     
   833.551881975807     
   837.868323065159     
   842.208691354959     
   846.566661115261     
   850.940517341643     
   855.329952111296     
   859.739718861233     
   864.165164170278     
   868.607097935456     
   873.072070143081     
   877.551271056771     
   882.040136628597     
   886.551200966046     
   891.079721517146     
   895.623778354381     
   900.186184026727     
   904.767919059745     
   909.364986902580     
   913.980662004534     
   918.619326287256     
   923.255097379693     
   927.933311037813     
   932.590042054303     
   937.365928822276     
   942.041627648759     
   946.774409346590     
   951.542990355250     
