  0.185228334818957     
  0.185228337303234     
  0.185228374567382     
  0.185228536045356     
  0.185228970793748     
  0.185229887491785     
  0.185231554441332     
  0.185234299566890     
  0.185238510415595     
  0.185244634157217     
  0.185253177584163     
  0.185264707111470     
  0.185279848776806     
  0.185299288240466     
  0.185323770785370     
  0.185354101317054     
  0.185391144363670     
  0.185435824075971     
  0.185489124227310     
  0.185552088213621     
  0.185625819053411     
  0.185711479387742     
  0.185810291480214     
  0.185923537216941     
  0.186052558106530     
  0.186198755280049     
  0.186363589490998     
  0.186548581115271     
  0.186755310151113     
  0.186985416219079     
  0.187240598561977     
  0.187522616044815     
  0.187833287154734     
  0.188174490000940     
  0.188548162314625     
  0.188956301448885     
  0.189400964378621     
  0.189884267700446     
  0.190408387632566     
  0.190975560014664     
  0.191588080307771     
  0.192248303594120     
  0.192958644576998     
  0.193721577580582     
  0.194539636549758     
  0.195415415049937     
  0.196013625304329     
  0.196536757030915     
  0.197098659708658     
  0.197569229261034     
  0.198182223421587     
  0.198842260126364     
  0.199675173317113     
  0.200231934437710     
  0.201216083711471     
  0.201817448149982     
  0.202726488412209     
  0.203817310492276     
  0.204714675181228     
  0.205576843934471     
  0.206438396097614     
  0.207458740490362     
  0.208047436444393     
  0.209027653233137     
  0.210027391655994     
  0.210745761077485     
  0.211526235306845     
  0.212836715492150     
  0.214081025023868     
  0.215042658124648     
  0.216016291345042     
  0.216993905887046     
  0.218017311719838     
  0.219500329176860     
  0.220460417650782     
  0.221355579506550     
  0.222264157967074     
  0.223258664663974     
  0.224721042947216     
  0.226373350528470     
  0.227684708840111     
  0.228696043705125     
  0.229742238428552     
  0.230822364761158     
  0.231925852002821     
  0.233049000746101     
  0.234865901141202     
  0.236526486914705     
  0.237836275827815     
  0.239076802178321     
  0.240235396106910     
  0.241412208361587     
  0.242532635841676     
  0.243704430304197     
  0.245009848872787     
  0.247002704724406     
  0.249082540993842     
  0.250394440047817     
  0.251639428639940     
  0.252924288964452     
  0.254229692255873     
  0.255586484189776     
  0.257083211666078     
  0.258599476625538     
  0.260003553252968     
  0.261286813050173     
  0.263159961905760     
  0.265494926254835     
  0.267146320473523     
  0.268801885840828     
  0.270364626931858     
  0.271657394195335     
  0.273034613785587     
  0.274602627564105     
  0.276203408990087     
  0.277944235323877     
  0.279736793519247     
  0.281384218480144     
  0.282856548156287     
  0.284448800419634     
  0.286103323517249     
  0.288593273945800     
  0.291293155168432     
  0.293185551771177     
  0.294935074771253     
  0.296748475841710     
  0.298558858497381     
  0.300565673802663     
  0.302526594527484     
  0.304368350028421     
  0.306249889000916     
  0.308220194979432     
  0.310200557885940     
  0.312341835273455     
  0.314458805294184     
  0.316518232083231     
  0.318633780159277     
  0.320767696524254     
  0.322977364560587     
  0.325280273309230     
  0.327559317589305     
  0.329829690794336     
  0.332115285803000     
  0.334499095733881     
  0.337405104829393     
  0.340739851589085     
  0.344124110924691     
  0.346929985622247     
  0.349566420650107     
  0.352243722005811     
  0.354930823051945     
  0.357621334712918     
  0.360413242033417     
  0.363270713027147     
  0.366173650507613     
  0.369092981576680     
  0.372026067399403     
  0.375036813194551     
  0.378102178851688     
  0.381249050455475     
  0.384425705605000     
  0.387634893469160     
  0.390909529509156     
  0.394246498241345     
  0.397649331295031     
  0.401074374114816     
  0.404539112875730     
  0.408077049182391     
  0.411686511975071     
  0.415345830134887     
  0.419038650766694     
  0.422776922242340     
  0.426594610783113     
  0.430482853940480     
  0.434417287714110     
  0.438395514161928     
  0.442442686279818     
  0.446560920596047     
  0.450742028287037     
  0.454950925609977     
  0.459234568067789     
  0.463592410982573     
  0.468017342155840     
  0.472483701430292     
  0.477007979162450     
  0.481610523836014     
  0.486284738741861     
  0.491024829280317     
  0.495820407707706     
  0.500689495766158     
  0.505635582373786     
  0.510648892010695     
  0.515727746583243     
  0.520875930554996     
  0.526100252691918     
  0.531399273103399     
  0.536764463041441     
  0.542200301323762     
  0.547714532458842     
  0.553302915030030     
  0.558964460267402     
  0.564698030645761     
  0.570508044642200     
  0.576394013189303     
  0.582354818959127     
  0.588391362098598     
  0.594507256937539     
  0.600700771590454     
  0.606970719305933     
  0.613299651262071     
  0.619719832228644     
  0.626233048885624     
  0.632825473426501     
  0.639486696426505     
  0.646234875315026     
  0.653076599054702     
  0.660003341131706     
  0.667006326921704     
  0.674096851780302     
  0.681280063780449     
  0.688553243510976     
  0.695908554900468     
  0.703353325061347     
  0.710891549388417     
  0.718517742458340     
  0.726226999743671     
  0.734031554668051     
  0.741934937694751     
  0.749932003859206     
  0.758016484782184     
  0.766195572227698     
  0.774475692126930     
  0.782853529710169     
  0.791323194765585     
  0.799887648519571     
  0.808553837430062     
  0.817323417319082     
  0.826190781221486     
  0.835154667547093     
  0.844219177031245     
  0.853388677109460     
  0.862661886845893     
  0.872037668960701     
  0.881516639068387     
  0.891101014104665     
  0.900791867965571     
  0.910589015746844     
  0.920493504377530     
  0.930507053604945     
  0.940629816249807     
  0.950861993892911     
  0.961204137916484     
  0.971658072453822     
  0.982223135949262     
  0.992896369319761     
   1.00367993329858     
   1.01458334023290     
   1.02560536353131     
   1.03674233667245     
   1.04799510816775     
   1.05936335496406     
   1.07085314221754     
   1.08246278604085     
   1.09419104055651     
   1.10603805312857     
   1.11800682068247     
   1.13009872056578     
   1.14231314206699     
   1.15465006380823     
   1.16711126490457     
   1.17969974839441     
   1.19241614856268     
   1.20525866207795     
   1.21822630979351     
   1.23131170784147     
   1.24453261545124     
   1.25789018267764     
   1.27137776061387     
   1.28499288041596     
   1.29873972541133     
   1.31262605943810     
   1.32665137344025     
   1.34081228615507     
   1.35510670422655     
   1.36954022270209     
   1.38411635854581     
   1.39883401637753     
   1.41369153846687     
   1.42868987186033     
   1.44383318942336     
   1.45912297863303     
   1.47455839195745     
   1.49013906930242     
   1.50586769653524     
   1.52174657728270     
   1.53777597534899     
   1.55395610816675     
   1.57028709012154     
   1.58677122948542     
   1.60340765290630     
   1.62019742777062     
   1.63714545631965     
   1.65425065892342     
   1.67151247450256     
   1.68893119797371     
   1.70650923547593     
   1.72425151572003     
   1.74215632341188     
   1.76022281385113     
   1.77845063212184     
   1.79684362857714     
   1.81540707504487     
   1.83414475892613     
   1.85304085633237     
   1.87210502862297     
   1.89134298259317     
   1.91075623114432     
   1.93034566782783     
   1.95010213633572     
   1.97003247842244     
   1.99014180620633     
   2.01043241663398     
   2.03090235327631     
   2.05154657233405     
   2.07237142855547     
   2.09338080331444     
   2.11457685744012     
   2.13595650743360     
   2.15751682443295     
   2.17926348076804     
   2.20120030475704     
   2.22332889334171     
   2.24564631510836     
   2.26815104047367     
   2.29084851543169     
   2.31374061614272     
   2.33682985043369     
   2.36011417581093     
   2.38359154726458     
   2.40726708991100     
   2.43114280535587     
   2.45522105155549     
   2.47950032306238     
   2.50397934879042     
   2.52837424652450     
   2.54984040623921     
   2.57143990454337     
   2.59317316298888     
   2.61504064120678     
   2.63704275714002     
   2.65917995839002     
   2.68145265414972     
   2.70731963466741     
   2.73370377800251     
   2.76030001121976     
   2.78712491376760     
   2.81417616017961     
   2.84143595188619     
   2.86889791656856     
   2.89657880142570     
   2.92449328513376     
   2.95264026460618     
   2.98100318530589     
   3.00957590961655     
   3.03837266440979     
   3.06740768874340     
   3.09668009845171     
   3.12617650599514     
   3.15589203763763     
   3.18583786474760     
   3.21602570504031     
   3.24645532354802     
   3.27711670877827     
   3.30800537849520     
   3.33913046741218     
   3.37050111915985     
   3.40211916812323     
   3.43397714913252     
   3.46607050882562     
   3.49840507131199     
   3.53098939172193     
   3.56382644358141     
   3.59691135935900     
   3.63023937827091     
   3.66381407893801     
   3.69764321209487     
   3.73173017377957     
   3.76607240757724     
   3.80065970430908     
   3.83551111425140     
   3.87060820797569     
   3.90596926956461     
   3.94160483351292     
   3.97749083832854     
   4.01364584771111     
   4.05005042993648     
   4.08671952449948     
   4.12367485374399     
   4.16089334896910     
   4.19838426479402     
   4.23613260141202     
   4.27414627760443     
   4.31244983048186     
   4.35103225368701     
   4.38989196274061     
   4.42901966671507     
   4.46841493887750     
   4.50810055338719     
   4.54807622700343     
   4.58833809458672     
   4.62887947437466     
   4.66969569803297     
   4.71080161155616     
   4.75220320128096     
   4.79390119888383     
   4.83588842026536     
   4.87815897352081     
   4.92072025334147     
   4.96358135318840     
   5.00674617399579     
   5.05021096257929     
   5.09397097667910     
   5.13802622115510     
   5.18238493068999     
   5.22705160211079     
   5.27202770633109     
   5.31730967394077     
   5.36289526659347     
   5.40878912598117     
   5.45499510425032     
   5.50151711585890     
   5.54835485349236     
   5.59550704283951     
   5.64297428476726     
   5.69075812389384     
   5.73886392589228     
   5.78729346239500     
   5.83604672451732     
   5.88512394387733     
   5.93452540004569     
   5.98425574562074     
   6.03431612002248     
   6.08470781382445     
   6.13543258852644     
   6.18649142250976     
   6.23788568561804     
   6.28961560104170     
   6.34168479205910     
   6.39409502625759     
   6.44684827139339     
   6.49224647850806     
   6.53612195255378     
   6.58020389009606     
   6.62449280276414     
   6.66898919062558     
   6.71579427594131     
   6.77066180826176     
   6.82594641375850     
   6.88158641918123     
   6.93758209311652     
   6.99393514193609     
   7.05064592120306     
   7.10768012429565     
   7.16510247601832     
   7.22289061760230     
   7.28104336549636     
   7.33956260093197     
   7.39845012152223     
   7.45767699759854     
   7.51729498751840     
   7.57728911696164     
   7.63765626874171     
   7.69840046110258     
   7.75952115605955     
   7.82099814907586     
   7.88286761615906     
   7.94512590298827     
   8.00776903656561     
   8.07079742142201     
   8.13421375291081     
   8.19800095158124     
   8.26218279395104     
   8.32676269527892     
   8.39173885305490     
   8.45711172176735     
   8.52288067977483     
   8.58903691123899     
   8.65559532808604     
   8.72256188580835     
   8.78993596171750     
   8.85771560432872     
   8.92590048373305     
   8.99448456443622     
   9.06347817262909     
   9.13288968590538     
   9.20271761718436     
   9.27296227804348     
   9.34362119640201     
   9.41469358015976     
   9.48618242472097     
   9.55809636002164     
   9.63043748444198     
   9.70320620504324     
   9.77640150443008     
   9.85002128794858     
   9.92406643469013     
   9.99854419267433     
   10.0734561602698     
   10.1488014151492     
   10.2245896452250     
   10.3008133193951     
   10.3774717893880     
   10.4545662661452     
   10.5321056956795     
   10.6100899444065     
   10.6885213944787     
   10.7674017303360     
   10.8467290847565     
   10.9265028987859     
   11.0067274380432     
   11.0874079605410     
   11.1685441225135     
   11.2501398404040     
   11.3321960345555     
   11.4147098537933     
   11.4976827661102     
   11.5811198288585     
   11.6650270132488     
   11.7494057983354     
   11.8342533983075     
   11.9195680632800     
   12.0053539580019     
   12.0916117523989     
   12.1783480981131     
   12.2655691112534     
   12.3532725753006     
   12.4414563181942     
   12.5301229891236     
   12.6192699716095     
   12.7089059597945     
   12.7994886701791     
   12.8901097643994     
   12.9631643705305     
   13.0365153046153     
   13.1101632769764     
   13.1841089616851     
   13.2583530422507     
   13.3510157434359     
   13.4449725672682     
   13.5397540984459     
   13.6344730861355     
   13.7296743653831     
   13.8254008083074     
   13.9216305017152     
   14.0182786142175     
   14.1157027383942     
   14.2139222342440     
   14.3121918190734     
   14.4109211589320     
   14.5101937868109     
   14.6099846655872     
   14.7102136289953     
   14.8111760416128     
   14.9129118966326     
   15.0148465136395     
   15.1172047611186     
   15.2201121716328     
   15.3235538543252     
   15.4274593501294     
   15.5320436981883     
   15.6373811558087     
   15.7430747168722     
   15.8491714986424     
   15.9558036986078     
   16.0629934362906     
   16.1706775184655     
   16.2789851836568     
   16.3880149835034     
   16.4975431770089     
   16.6074857146546     
   16.7179434685879     
   16.8289672334575     
   16.9405202819742     
   17.0526604211434     
   17.1654865323359     
   17.2789033456907     
   17.3927950171134     
   17.5071866406296     
   17.6221382977911     
   17.7376524495867     
   17.8537398425041     
   17.9704720415231     
   18.0878483289962     
   18.2057748536296     
   18.3242103806879     
   18.4431923211203     
   18.5627571325291     
   18.6828985959665     
   18.8036599773965     
   18.9250718833578     
   19.0470997375969     
   19.1696797994931     
   19.2928059927362     
   19.4165111509388     
   19.5408123328586     
   19.6657231582232     
   19.7912720000340     
   19.9174703366216     
   20.0442777211037     
   20.1716554605128     
   20.2996098316102     
   20.4281666884638     
   20.5573387538332     
   20.6871419521027     
   20.8175967136895     
   20.9487047632916     
   21.0804267382055     
   21.2127425653578     
   21.3456601894107     
   21.4791980774250     
   21.6133737684079     
   21.7481972264354     
   21.8836833902967     
   22.0198280349165     
   22.1566055505737     
   22.2939979768346     
   22.4320155599385     
   22.5706766649457     
   22.7099931103619     
   22.8499735332516     
   22.9906327834265     
   23.1127778859366     
   23.2267779730958     
   23.3411750120162     
   23.4559698067100     
   23.5711631370609     
   23.7037451671460     
   23.8483442918204     
   23.9936177295602     
   24.1396577793543     
   24.2865959204636     
   24.4342138146842     
   24.5824855049329     
   24.7314325032665     
   24.8810070887567     
   25.0310430551068     
   25.1817465077375     
   25.3332237601812     
   25.4855864912712     
   25.6386507651638     
   25.7923919299451     
   25.9468220744853     
   26.1019087704417     
   26.2575131750532     
   26.4137832939614     
   26.5708250919996     
   26.7287384750248     
   26.8873895430296     
   27.0467384901471     
   27.2067957565507     
   27.3675335450272     
   27.5288541992855     
   27.6908376676664     
   27.8535705121602     
   28.0171706577500     
   28.1815497127023     
   28.3466482707969     
   28.5124738990849     
   28.6790101171577     
   28.8461961176289     
   29.0140385474004     
   29.1826201279356     
   29.3520516177348     
   29.5222876332764     
   29.6932845466480     
   29.8650254968390     
   30.0375023659253     
   30.2106833345085     
   30.3845330172913     
   30.5591223903314     
   30.7345338877773     
   30.9107580080903     
   31.0877884758888     
   31.2655947268724     
   31.4441544682581     
   31.6234609514011     
   31.8034754975553     
   31.9842284302835     
   32.1657622115235     
   32.3481356564583     
   32.5313432978591     
   32.7153565100498     
   32.9001560792603     
   33.0857259490879     
   33.2720475608533     
   33.4591213622502     
   33.6469767242298     
   33.8356326659814     
   34.0251419446773     
   34.2155016096851     
   34.4066881492824     
   34.5986697572864     
   34.7914322091566     
   34.9849715517690     
   35.1792993913556     
   35.3744390568588     
   35.5704263956877     
   35.7672384431387     
   35.9649606777751     
   36.1635162639493     
   36.3628527618029     
   36.5630095312708     
   36.7639929774592     
   36.9657474926333     
   37.1683716020232     
   37.3718633600911     
   37.5761884166043     
   37.7814535538137     
   37.9875841124187     
   38.1944661346033     
   38.4022096670352     
   38.6068545406470     
   38.7747778774012     
   38.9432134234920     
   39.1121620942932     
   39.2816247837212     
   39.4538023897769     
   39.6668035919371     
   39.8807324933963     
   40.0953702979375     
   40.3108843520674     
   40.5276642232564     
   40.7453772854178     
   40.9649515377840     
   41.1826307217170     
   41.4039912243031     
   41.6251455954639     
   41.8470268212533     
   42.0696933107764     
   42.2931925376903     
   42.5179433479004     
   42.7440676734508     
   42.9751628529649     
   43.1999782433172     
   43.4191559302224     
   43.6556735050484     
   43.8857931892027     
   44.1166866498307     
   44.3483647386627     
   44.5813003093991     
   44.8163943420218     
   45.0554626020181     
   45.2886621553389     
   45.5156400682387     
   45.7584599265426     
   45.9988276782479     
   46.2382165766996     
   46.4783387031865     
   46.7196312783429     
   46.9635912896650     
   47.2096861399418     
   47.4522989244809     
   47.6906166453947     
   47.9389224230987     
   48.1866682426627     
   48.4363042050543     
   48.6851408816997     
   48.9350299662558     
   49.1874371482317     
   49.4416858039804     
   49.6932422524605     
   49.9458309881848     
   50.2021494360864     
   50.4477013138145     
   50.7123807814874     
   50.9709237833621     
   51.2297020499587     
   51.4904766456677     
   51.7536016126617     
   52.0143696926826     
   52.2774805450570     
   52.5421705703046     
   52.8019361390499     
   53.0656334040066     
   53.3378728888291     
   53.6061670211502     
   53.8753049474567     
   54.1472532491712     
   54.4192460906193     
   54.6903497189357     
   54.9646075170646     
   55.2387919271873     
   55.5085679785319     
   55.7998650524224     
   56.0673944625546     
   56.3751285453026     
   56.5824760960058     
   56.9088280554813     
   57.1969609181335     
   57.4682056111159     
