  0.800593467941586     
  0.797179259525985     
  0.795180725147879     
  0.793914245670816     
  0.793063023842109     
  0.792457210816909     
  0.792007501932139     
  0.791658295407737     
  0.791381828763721     
  0.791154672266325     
  0.790964588425133     
  0.790801625640504     
  0.790660837257133     
  0.790535751110288     
  0.790427446937131     
  0.790332865233896     
  0.790248321658663     
  0.790173335685922     
  0.790107331450422     
  0.790047289104424     
  0.789993563591256     
  0.789945006917146     
  0.789901240746769     
  0.789861623993044     
  0.789826283238578     
  0.789794703033651     
  0.789766226515972     
  0.789739734145039     
  0.789717232985119     
  0.789697675601571     
  0.789677294025442     
  0.789658869519156     
  0.789642614425546     
  0.789626995155538     
  0.789614041248194     
  0.789602477267038     
  0.789592666546952     
  0.789584448763365     
  0.789577423624027     
  0.789571649749286     
  0.789566923050737     
  0.789563037084626     
  0.789560066805584     
  0.789557409453092     
  0.789555546647318     
  0.789554223485859     
  0.789553615763119     
  0.789553356743601     
  0.789553541746057     
  0.789553960644924     
  0.789554622469999     
  0.789555450201369     
  0.789556498023965     
  0.789557699852787     
  0.789559165053943     
  0.789560679020407     
  0.789562276708751     
  0.789563941106499     
  0.789565658503561     
  0.789567412324760     
  0.789568978726600     
  0.789570682014334     
  0.789572393640978     
  0.789574095452168     
  0.789575768999604     
  0.789577408920069     
  0.789579012872156     
  0.789580524824625     
  0.789582000538987     
  0.789583287625335     
  0.789584548655038     
  0.789585767692832     
  0.789586932737442     
  0.789588051665616     
  0.789589125341472     
  0.789590034529526     
  0.789590917154185     
  0.789591773319224     
  0.789592596932539     
  0.789593343406948     
  0.789594065336834     
  0.789594757652596     
  0.789595419799021     
  0.789596053653969     
  0.789596656964196     
  0.789597229669973     
  0.789597772666673     
  0.789598260178920     
  0.789598731120029     
  0.789599177665926     
  0.789599593055299     
  0.789599975424792     
  0.789600323449534     
  0.789600630316138     
  0.789600895681953     
  0.789601114378698     
  0.789601278810389     
  0.789601369167006     
  0.789601152533006     
  0.789606875601501     
