  0.667762535546400     
  8.196857851750304E-002
  6.263959685228483E-004
  2.068286697090988E-007
  2.619509853342152E-012
  0.000000000000000E+000
  0.000000000000000E+000
  0.000000000000000E+000
  0.000000000000000E+000
  0.000000000000000E+000
  1.200000000000000E-002
  0.315757231571594     
  0.626539908131685     
  0.100534238789168     
  9.370799010995423E-004
  3.800204933415701E-007
  5.937574015336652E-012
  0.000000000000000E+000
  0.000000000000000E+000
  0.000000000000000E+000
  0.000000000000000E+000
  1.200000000000000E-002
  8.045351464131682E-003
  0.277256505226703     
  0.645477607552791     
  0.122493288777814     
  1.384232255510389E-003
  6.890246629740336E-007
  1.327825636586021E-011
  0.000000000000000E+000
  0.000000000000000E+000
  0.000000000000000E+000
  1.200000000000000E-002
  6.522331960591797E-006
  5.802856184624076E-003
  0.240798064769638     
  0.658402647751032     
  0.147535019732916     
  2.018781397172506E-003
  1.232819688949939E-006
  2.929711780837320E-011
  0.000000000000000E+000
  0.000000000000000E+000
  1.200000000000000E-002
  1.369791736657152E-010
  3.792926774400445E-006
  4.133157185286634E-003
  0.206830223576258     
  0.664956696431492     
  0.175675842180262     
  2.906961383224813E-003
  2.176756362555677E-006
  6.377656074160799E-011
  5.504328332301223E-017
  1.200000000000000E-002
  0.000000000000000E+000
  6.377656074160801E-011
  2.176756362555677E-006
  2.906961383224813E-003
  0.175675842180262     
  0.664956696431492     
  0.206830223576258     
  4.133157185286634E-003
  3.792926774400444E-006
  1.369791186224318E-010
  1.200000000000000E-002
  0.000000000000000E+000
  0.000000000000000E+000
  2.929711780837320E-011
  1.232819689004982E-006
  2.018781397172506E-003
  0.147535019732916     
  0.658402647751032     
  0.240798064769638     
  5.802856184624130E-003
  6.522331960591795E-006
  1.200000000000000E-002
  0.000000000000000E+000
  0.000000000000000E+000
  0.000000000000000E+000
  1.327820132257689E-011
  6.890246629189903E-007
  1.384232255510444E-003
  0.122493288777814     
  0.645477607552791     
  0.277256505226703     
  8.045351464131680E-003
  1.200000000000000E-002
  0.000000000000000E+000
  0.000000000000000E+000
  0.000000000000000E+000
  0.000000000000000E+000
  5.937629058619975E-012
  3.800204933415701E-007
  9.370799010994872E-004
  0.100534238789168     
  0.626539908131685     
  0.315757231571594     
  1.200000000000000E-002
  0.000000000000000E+000
  0.000000000000000E+000
  0.000000000000000E+000
  0.000000000000000E+000
  0.000000000000000E+000
  2.619509853342152E-012
  2.068286697641421E-007
  6.263959685228483E-004
  8.196857851750330E-002
  0.667762535546400     
  1.200000000000000E-002
  8.428358948934064E-003
  8.428358948934064E-003
  8.428358948934062E-003
  8.428358948934062E-003
  8.428358948934062E-003
  8.428358948934062E-003
  8.428358948934062E-003
  8.428358948934062E-003
  8.428358948934062E-003
  8.428358948934062E-003
  0.880000000000000     
