  2.044497620306998E-002
  2.029993133108093E-002
  2.011164954476534E-002
  1.989845911644447E-002
  1.967107428224343E-002
  1.943800454669585E-002
  1.920432723647197E-002
  1.897370841933754E-002
  1.874565631231220E-002
  1.852501903562045E-002
  1.831281731277716E-002
  1.810967737654567E-002
  1.791550795054772E-002
  1.773106396802432E-002
  1.755565268632041E-002
  1.738886720282549E-002
  1.723127776643861E-002
  1.708242939514433E-002
  1.694142833373694E-002
  1.680933649495214E-002
  1.668539031244115E-002
  1.656909098266207E-002
  1.646011165667269E-002
  1.635786887975128E-002
  1.626173547258258E-002
  1.617146873411400E-002
  1.608692569290525E-002
  1.600815540329699E-002
  1.593417023307105E-002
  1.586452104545115E-002
  1.580069877565372E-002
  1.574115328823604E-002
  1.568546831287415E-002
  1.563389332145612E-002
  1.558540059552700E-002
  1.554016782262317E-002
  1.549791173892562E-002
  1.545836064461774E-002
  1.542145374117702E-002
  1.538698571942830E-002
  1.535480991976149E-002
  1.532484953672947E-002
  1.529690434184874E-002
  1.527097307545119E-002
  1.524684261622103E-002
  1.522445756683209E-002
  1.520352252108079E-002
  1.518405798587889E-002
  1.516592036561927E-002
  1.514910366386929E-002
  1.513350318585834E-002
  1.511902711778836E-002
  1.510557844450974E-002
  1.509310485555682E-002
  1.508144850256814E-002
  1.507064657606466E-002
  1.506063403307341E-002
  1.505133935703992E-002
  1.504272109152002E-002
  1.503472712685716E-002
  1.502737875024623E-002
  1.502052714778873E-002
  1.501416426398988E-002
  1.500825853783497E-002
  1.500278176132412E-002
  1.499770291314258E-002
  1.499299176470956E-002
  1.498864148467677E-002
  1.498460487693531E-002
  1.498095376634817E-002
  1.497753765347237E-002
  1.497435463586237E-002
  1.497140103487850E-002
  1.496866111806341E-002
  1.496612142229441E-002
  1.496378470618970E-002
  1.496164927579713E-002
  1.495966743209895E-002
  1.495781994366073E-002
  1.495613052467619E-002
  1.495456401936561E-002
  1.495311046428074E-002
  1.495176271036509E-002
  1.495051149011073E-002
  1.494935216179334E-002
  1.494827834756114E-002
  1.494728364672458E-002
  1.494637117965091E-002
  1.494552482985353E-002
  1.494474136826510E-002
  1.494401808597580E-002
  1.494335180226626E-002
  1.494273897508978E-002
  1.494218055556842E-002
  1.494166977918773E-002
  1.494120535182240E-002
  1.494078453420369E-002
  1.494041287580825E-002
  1.494018337250300E-002
  1.493375907767172E-002
