  0.148357186198524     
  0.149809349634888     
  0.149936778542613     
  0.149718750999227     
  0.149412924313435     
  0.149117910410530     
  0.148849576824087     
  0.148621592990037     
  0.148423327321563     
  0.148275455179253     
  0.148134814976732     
  0.148017051302875     
  0.147915047998252     
  0.147827746397141     
  0.147742604048742     
  0.147669389419724     
  0.147611143514679     
  0.147558496275111     
  0.147506295016406     
  0.147458973601132     
  0.147409115379156     
  0.147357927581891     
  0.147308882205785     
  0.147257603484073     
  0.147210497409144     
  0.147167216447571     
  0.147126874523178     
  0.147088334428253     
  0.147045187973298     
  0.147008347216713     
  0.146973162698999     
  0.146932313819544     
  0.146894065569056     
  0.146860293229203     
  0.146823959532216     
  0.146795870999750     
  0.146771741508592     
  0.146749134160880     
  0.146730890498293     
  0.146715333615476     
  0.146702108176288     
  0.146690250458602     
  0.146680477408251     
  0.146672663065289     
  0.146665170271316     
  0.146657928674357     
  0.146651366257464     
  0.146647154904479     
  0.146644025146036     
  0.146641997827398     
  0.146640388999586     
  0.146639728761992     
  0.146639466145151     
  0.146639970510006     
  0.146641006952132     
  0.146643195915994     
  0.146645118314494     
  0.146647173498421     
  0.146649470217262     
  0.146651927483884     
  0.146654559852337     
  0.146657204695791     
  0.146660012185555     
  0.146662874374230     
  0.146665799644617     
  0.146668742308920     
  0.146671692466845     
  0.146674637863781     
  0.146676907665145     
  0.146679196667230     
  0.146680101427073     
  0.146681763367401     
  0.146683884600990     
  0.146686124771590     
  0.146688373292602     
  0.146690593713693     
  0.146691992691180     
  0.146693643623399     
  0.146695407696765     
  0.146697135365338     
  0.146698784015892     
  0.146700414513460     
  0.146702004097563     
  0.146703549586378     
  0.146705044045521     
  0.146706483073668     
  0.146707862690231     
  0.146709183074044     
  0.146710426593804     
  0.146711607663659     
  0.146712723008367     
  0.146713766131153     
  0.146714733206951     
  0.146715622799791     
  0.146716398150812     
  0.146717087774758     
  0.146717677004832     
  0.146718128422798     
  0.146718243394996     
  -5.03918055089404     
  0.534114092863188     
  0.463656651719531     
  0.421845444083442     
  0.395271140909272     
  0.377474169210524     
  0.365013226000173     
  0.355990198211593     
  0.349266425947245     
  0.344147131822707     
  0.340225588507814     
  0.337052836169311     
  0.334495870043571     
  0.332411784107290     
  0.330698400557177     
  0.329267026771999     
  0.328053572917547     
  0.327052457114487     
  0.326208200523505     
  0.325462676252270     
  0.324830602746816     
  0.324272568588109     
  0.323770282866978     
  0.323333696384236     
  0.322932748838009     
  0.322588405150353     
  0.322286924142768     
  0.322020562398540     
  0.321782212675441     
  0.321568135030380     
  0.321377408597547     
  0.321200970734699     
  0.321051156810693     
  0.320912197822599     
  0.320784189684221     
  0.320658829401981     
  0.320554275673110     
  0.320465949779028     
  0.320381921859960     
  0.320311565327648     
  0.320251450954777     
  0.320198586079312     
  0.320151346439856     
  0.320111238674993     
  0.320076112477816     
  0.320048127306706     
  0.320023460357687     
  0.319997064981780     
  0.319975685957163     
  0.319958571654518     
  0.319943816733768     
  0.319929984081873     
  0.319918818038318     
  0.319909648299144     
  0.319901965538863     
  0.319895505533215     
  0.319892873065656     
  0.319889176262452     
  0.319885293035765     
  0.319881959361487     
  0.319879336006771     
  0.319877167253778     
  0.319875665495273     
  0.319874389994666     
  0.319873275228525     
  0.319872475565774     
  0.319871891578892     
  0.319871534761614     
  0.319871347396926     
  0.319869210786307     
  0.319866992473101     
  0.319859695643650     
  0.319856069738744     
  0.319854969453728     
  0.319854829024033     
  0.319854969721384     
  0.319855192302944     
  0.319855373503686     
  0.319855408184376     
  0.319855766998575     
  0.319856308156383     
  0.319856974232911     
  0.319857564403424     
  0.319858124403142     
  0.319858656681964     
  0.319859169054221     
  0.319859665746544     
  0.319860152316539     
  0.319860627506894     
  0.319861112489764     
  0.319861563871726     
  0.319861983769822     
  0.319862372337324     
  0.319862718739545     
  0.319863007710530     
  0.319863064336829     
  0.319863031594035     
  0.319862734359341     
  0.319861829970724     
  0.319859473515587     
  -53.2846374125759     
  0.000000000000000E+000
  0.000000000000000E+000
  0.000000000000000E+000
  0.000000000000000E+000
  0.000000000000000E+000
  0.000000000000000E+000
  0.000000000000000E+000
  0.000000000000000E+000
  0.000000000000000E+000
  0.000000000000000E+000
  0.000000000000000E+000
  0.000000000000000E+000
  0.000000000000000E+000
  0.000000000000000E+000
  0.000000000000000E+000
  0.000000000000000E+000
  0.000000000000000E+000
  0.000000000000000E+000
  0.000000000000000E+000
  0.000000000000000E+000
  0.000000000000000E+000
  0.000000000000000E+000
  0.000000000000000E+000
  0.000000000000000E+000
  0.000000000000000E+000
  0.000000000000000E+000
  0.000000000000000E+000
  0.000000000000000E+000
  0.000000000000000E+000
  0.000000000000000E+000
  0.000000000000000E+000
  0.000000000000000E+000
  0.000000000000000E+000
  0.000000000000000E+000
  0.000000000000000E+000
  0.000000000000000E+000
  0.000000000000000E+000
  0.000000000000000E+000
  0.000000000000000E+000
  0.000000000000000E+000
  0.000000000000000E+000
  0.000000000000000E+000
  0.000000000000000E+000
  0.000000000000000E+000
  0.000000000000000E+000
  0.000000000000000E+000
  0.000000000000000E+000
  0.000000000000000E+000
  0.000000000000000E+000
  0.000000000000000E+000
  0.000000000000000E+000
  0.000000000000000E+000
  0.000000000000000E+000
  0.000000000000000E+000
  0.000000000000000E+000
  0.000000000000000E+000
  0.000000000000000E+000
  0.000000000000000E+000
  0.000000000000000E+000
  0.000000000000000E+000
  0.000000000000000E+000
  0.000000000000000E+000
  0.000000000000000E+000
  0.000000000000000E+000
  0.000000000000000E+000
  0.000000000000000E+000
  0.000000000000000E+000
  0.000000000000000E+000
  0.000000000000000E+000
  0.000000000000000E+000
  0.000000000000000E+000
  0.000000000000000E+000
  0.000000000000000E+000
  0.000000000000000E+000
  0.000000000000000E+000
  0.000000000000000E+000
  0.000000000000000E+000
  0.000000000000000E+000
  0.000000000000000E+000
  0.000000000000000E+000
  0.000000000000000E+000
  0.000000000000000E+000
  0.000000000000000E+000
  0.000000000000000E+000
  0.000000000000000E+000
  0.000000000000000E+000
  0.000000000000000E+000
  0.000000000000000E+000
  0.000000000000000E+000
  0.000000000000000E+000
  0.000000000000000E+000
  0.000000000000000E+000
  0.000000000000000E+000
  0.000000000000000E+000
  0.000000000000000E+000
  0.000000000000000E+000
  0.000000000000000E+000
  0.000000000000000E+000
  0.000000000000000E+000
  -25.3798268766050     
  0.465885907136811     
  0.536343348280467     
  0.578154555916564     
  0.604728859090731     
  0.622525830789483     
  0.634986773999829     
  0.644009801788403     
  0.650733574052754     
  0.655852868177290     
  0.659774411492180     
  0.662947163830682     
  0.665504129956433     
  0.667588215892709     
  0.669301599442818     
  0.670732973228001     
  0.671946427082455     
  0.672947542885519     
  0.673791799476492     
  0.674537323747726     
  0.675169397253190     
  0.675727431411893     
  0.676229717133024     
  0.676666303615765     
  0.677067251161995     
  0.677411594849647     
  0.677713075857236     
  0.677979437601461     
  0.678217787324567     
  0.678431864969623     
  0.678622591402456     
  0.678799029265302     
  0.678948843189312     
  0.679087802177400     
  0.679215810315778     
  0.679341170598016     
  0.679445724326895     
  0.679534050220967     
  0.679618078140034     
  0.679688434672361     
  0.679748549045228     
  0.679801413920687     
  0.679848653560142     
  0.679888761325010     
  0.679923887522188     
  0.679951872693300     
  0.679976539642316     
  0.680002935018219     
  0.680024314042841     
  0.680041428345484     
  0.680056183266230     
  0.680070015918132     
  0.680081181961676     
  0.680090351700855     
  0.680098034461141     
  0.680104494466786     
  0.680107126934347     
  0.680110823737552     
  0.680114706964231     
  0.680118040638507     
  0.680120663993230     
  0.680122832746218     
  0.680124334504731     
  0.680125610005330     
  0.680126724771479     
  0.680127524434224     
  0.680128108421117     
  0.680128465238389     
  0.680128652603067     
  0.680130789213699     
  0.680133007526903     
  0.680140304356354     
  0.680143930261249     
  0.680145030546271     
  0.680145170975979     
  0.680145030278620     
  0.680144807697059     
  0.680144626496309     
  0.680144591815616     
  0.680144233001427     
  0.680143691843619     
  0.680143025767093     
  0.680142435596580     
  0.680141875596863     
  0.680141343318032     
  0.680140830945774     
  0.680140334253467     
  0.680139847683455     
  0.680139372493106     
  0.680138887510240     
  0.680138436128285     
  0.680138016230192     
  0.680137627662681     
  0.680137281260456     
  0.680136992289482     
  0.680136935663169     
  0.680136968405967     
  0.680137265640667     
  0.680138170029278     
  0.680140526484412     
  -13.0187278840090     
