  0.124637721056090     
  0.124448841386430     
  0.124314799102447     
  0.124219039355360     
  0.124150151463029     
  0.124101201819887     
  0.124066174537321     
  0.124042408961545     
  0.124026470979624     
  0.124017034496120     
  0.124012471445043     
  0.124011847945490     
  0.124014209472297     
  0.124019424757294     
  0.124026005356521     
  0.124034041110192     
  0.124042790640629     
  0.124052379106860     
  0.124063257724080     
  0.124073618338686     
  0.124084258623834     
  0.124094770192659     
  0.124105395330105     
  0.124115522606723     
  0.124125361420242     
  0.124134850413091     
  0.124143948232947     
  0.124153099923998     
  0.124161546834990     
  0.124170739445652     
  0.124178592205355     
  0.124186099352323     
  0.124193231401943     
  0.124200185094396     
  0.124206529002474     
  0.124212403135067     
  0.124217903649579     
  0.124223007926164     
  0.124227785595098     
  0.124232240950547     
  0.124236545293123     
  0.124240421910157     
  0.124244039684834     
  0.124247589812268     
  0.124250938776859     
  0.124253844473746     
  0.124256640560406     
  0.124259160377264     
  0.124261562624798     
  0.124263740389821     
  0.124265733683256     
  0.124267589177437     
  0.124269288856225     
  0.124270850647543     
  0.124272260384692     
  0.124273566866845     
  0.124274753814914     
  0.124275848389302     
  0.124276841345854     
  0.124277751156346     
  0.124278579485045     
  0.124279332424781     
  0.124280017213612     
  0.124280637382767     
  0.124281199810754     
  0.124281708645546     
  0.124282170650111     
  0.124282633676654     
  0.124283075276008     
  0.124283419375228     
  0.124283747850714     
  0.124284060206190     
  0.124284341853374     
  0.124284597409064     
  0.124284827506492     
  0.124285164586546     
  0.124285350094527     
  0.124285519601416     
  0.124285716896526     
  0.124285855288133     
  0.124285976596683     
  0.124286089804786     
  0.124286190735709     
  0.124286285330603     
  0.124286371217819     
  0.124286452337154     
  0.124286527305101     
  0.124286596962201     
  0.124286666620116     
  0.124286730292473     
  0.124286793868853     
  0.124286860063137     
  0.124286931387942     
  0.124287003284402     
  0.124287083305198     
  0.124287175272334     
  0.124287280293310     
  0.124287387523787     
  0.124287513151889     
  0.124287391023069     
