  0.608907524481205     
  0.611516228899160     
  0.613892503170165     
  0.616054288181820     
  0.618031095352225     
  0.619840250260288     
  0.621501770901321     
  0.623025593048873     
  0.624419463130475     
  0.625695383111976     
  0.626871397662686     
  0.627954546951278     
  0.628952129865996     
  0.629868238794243     
  0.630713521438727     
  0.631493144202524     
  0.632213545477391     
  0.632878012376208     
  0.633487806359264     
  0.634051319262844     
  0.634572813979781     
  0.635055971645019     
  0.635502496441576     
  0.635915730884406     
  0.636297055491843     
  0.636648788259101     
  0.636973597099373     
  0.637272291629721     
  0.637548854436413     
  0.637801420571505     
  0.638036532301292     
  0.638253776393506     
  0.638454326077941     
  0.638638627053159     
  0.638809386289162     
  0.638967139690256     
  0.639112781392565     
  0.639247381921833     
  0.639371626023238     
  0.639486459115723     
  0.639592013213136     
  0.639689688820537     
  0.639779929917983     
  0.639862769932497     
  0.639939124914172     
  0.640010064231642     
  0.640075385427540     
  0.640135887534698     
  0.640191557344027     
  0.640243050809551     
  0.640290668907633     
  0.640334630845047     
  0.640375265707926     
  0.640412917982790     
  0.640447945109470     
  0.640480153945287     
  0.640510009574816     
  0.640537610202210     
  0.640563195776893     
  0.640586894772664     
  0.640608795282348     
  0.640629171911327     
  0.640648059190303     
  0.640665576739023     
  0.640681839193896     
  0.640696928921420     
  0.640710932094332     
  0.640723809371343     
  0.640735711108571     
  0.640746854597208     
  0.640757180496883     
  0.640766736347913     
  0.640775601586632     
  0.640783824629255     
  0.640791460878526     
  0.640798171983883     
  0.640804699408906     
  0.640810743862242     
  0.640816238536544     
  0.640821424285999     
  0.640826245874960     
  0.640830707764242     
  0.640834851003848     
  0.640838688073123     
  0.640842241742521     
  0.640845528632432     
  0.640848573459969     
  0.640851378683402     
  0.640853964787426     
  0.640856357232374     
  0.640858552115488     
  0.640860545440167     
  0.640862346264137     
  0.640863957889453     
  0.640865368342568     
  0.640866549898633     
  0.640867464225983     
  0.640868101186718     
  0.640868375933997     
  0.640892824973614     
