   1.82461903745352     
   1.82442987523286     
   1.82416146435053     
   1.82383794525474     
   1.82347851983009     
   1.82309760852118     
   1.82270550318057     
   1.82230971603940     
   1.82191678923161     
   1.82153130951201     
   1.82115638234487     
   1.82079425391074     
   1.82044701780180     
   1.82011496241560     
   1.81979870949060     
   1.81949839508812     
   1.81921406950897     
   1.81894552853400     
   1.81869242066001     
   1.81845423582777     
   1.81823047173400     
   1.81802051875938     
   1.81782380634848     
   1.81763960196268     
   1.81746730622415     
   1.81730621386600     
   1.81715573239139     
   1.81701513657048     
   1.81688387241618     
   1.81676128953935     
   1.81664685474647     
   1.81653997966339     
   1.81644018341157     
   1.81634663418834     
   1.81625923313338     
   1.81617765320562     
   1.81610136156809     
   1.81602998513866     
   1.81596317001431     
   1.81590057351009     
   1.81584193669270     
   1.81578701692707     
   1.81573555199252     
   1.81568733764644     
   1.81564214131265     
   1.81559980994788     
   1.81556017710230     
   1.81552303530812     
   1.81548827215681     
   1.81545575031730     
   1.81542531438177     
   1.81539689602794     
   1.81537032314630     
   1.81534552543793     
   1.81532237723219     
   1.81530077391831     
   1.81528068904197     
   1.81526194556172     
   1.81524449626199     
   1.81522826478477     
   1.81521316247859     
   1.81519913401179     
   1.81518609617223     
   1.81517398335012     
   1.81516274424697     
   1.81515234060638     
   1.81514269379994     
   1.81513375580512     
   1.81512547646417     
   1.81511784097239     
   1.81511075333861     
   1.81510421720998     
   1.81509817337494     
   1.81509259398694     
   1.81508743301387     
   1.81508266808322     
   1.81507827207405     
   1.81507422478844     
   1.81507043949537     
   1.81506726005916     
   1.81506428414078     
   1.81506151907177     
   1.81505896650076     
   1.81505660379233     
   1.81505444181285     
   1.81505243896836     
   1.81505060385157     
   1.81504891205059     
   1.81504735935175     
   1.81504593284869     
   1.81504461801719     
   1.81504340247006     
   1.81504225925986     
   1.81504118832786     
   1.81504017745452     
   1.81503921565908     
   1.81503829251246     
   1.81503739642862     
   1.81503652123185     
   1.81502074473374     
