   9.03181978220689     
   9.02027661171313     
   9.00991511933647     
   9.00087767202663     
   8.99291324107115     
   8.98585655129759     
   8.97961118035126     
   8.97412292857087     
   8.96927645288559     
   8.96499227022211     
   8.96120976224130     
   8.95786323794082     
   8.95487315963855     
   8.95221758908825     
   8.94986491482371     
   8.94778246446275     
   8.94592328542627     
   8.94426610991435     
   8.94278177731198     
   8.94144798193413     
   8.94024538362436     
   8.93915433514128     
   8.93816083978599     
   8.93722982920990     
   8.93638735500260     
   8.93561143825305     
   8.93488991738422     
   8.93421931331400     
   8.93359288629462     
   8.93300339454606     
   8.93244798172458     
   8.93192312041110     
   8.93142793573037     
   8.93096044730599     
   8.93051528420786     
   8.93009351266917     
   8.92969037188884     
   8.92930592537119     
   8.92894353569487     
   8.92860213406569     
   8.92828055001862     
   8.92797809160357     
   8.92769399931947     
   8.92742745637206     
   8.92717764837542     
   8.92694386516315     
   8.92672531115671     
   8.92652122944342     
   8.92633096028058     
   8.92615378807816     
   8.92598968937477     
   8.92583633451649     
   8.92569310261061     
   8.92555946089592     
   8.92543486456048     
   8.92531888537419     
   8.92520573656992     
   8.92510439077499     
   8.92501068077084     
   8.92492376958339     
   8.92484324977099     
   8.92476865490299     
   8.92469959190637     
   8.92463566149729     
   8.92457650760141     
   8.92452188185902     
   8.92447142817746     
   8.92442484414108     
   8.92438190188507     
   8.92434234096865     
   8.92430589544989     
   8.92427237242229     
   8.92424155359728     
   8.92421321385077     
   8.92418725002011     
   8.92416343492333     
   8.92414163962262     
   8.92412175852364     
   8.92410370285606     
   8.92405150232488     
   8.92402356212101     
   8.92399712083103     
   8.92397033619758     
   8.92394724436773     
   8.92392785150463     
   8.92391144596552     
   8.92389735995152     
   8.92388521329730     
   8.92387465613355     
   8.92386545104220     
   8.92385735893768     
   8.92385014966530     
   8.92384367360923     
   8.92383780513939     
   8.92383245504223     
   8.92382751263998     
   8.92382285162535     
   8.92381824077234     
   8.92381323526926     
   5.87611930746775     
   5.40326407634583     
   5.40081565660311     
   5.39901977943953     
   5.39789634225727     
   5.39715737861372     
   5.39663928994658     
   5.39627208203888     
   5.39602684818966     
   5.39585562596229     
   5.39574052614614     
   5.39566829565782     
   5.39562262356796     
   5.39558430215634     
   5.39555928372824     
   5.39554377660147     
   5.39554219758236     
   5.39554029996565     
   5.39554262904218     
   5.39554401714997     
   5.39554279869736     
   5.39553764740568     
   5.39552502871794     
   5.39550469450100     
   5.39545669913043     
   5.39541195300425     
   5.39536043555203     
   5.39529787628262     
   5.39522667234149     
   5.39514648325097     
   5.39505532504826     
   5.39495516303183     
   5.39484729499741     
   5.39473307625589     
   5.39461403126138     
   5.39448868090706     
   5.39435994812106     
   5.39422586653272     
   5.39408845253205     
   5.39395228224853     
   5.39381795633528     
   5.39368595359346     
   5.39355696289776     
   5.39343152642270     
   5.39331000515270     
   5.39319266480465     
   5.39307976099219     
   5.39297141757952     
   5.39286771532711     
   5.39276875465579     
   5.39267454424077     
   5.39258558467164     
   5.39250061007625     
   5.39241954384662     
   5.39234233483556     
   5.39226889308522     
   5.39219920138845     
   5.39213297054497     
   5.39207037778809     
   5.39201115630159     
   5.39195516104243     
   5.39190227334571     
   5.39185236875670     
   5.39180532171833     
   5.39176099229392     
   5.39171924812955     
   5.39168002739494     
   5.39164318137038     
   5.39160857677576     
   5.39157613430267     
   5.39154574606379     
   5.39151728205905     
   5.39149066540859     
   5.39146578560952     
   5.39144253087704     
   5.39142087542178     
   5.39140068514592     
   5.39138189601102     
   5.39136447001681     
   5.39134836915859     
   5.39130185262953     
   5.39127777918660     
   5.39125519699583     
   5.39123266034779     
   5.39121307218686     
   5.39119651821991     
   5.39118242087590     
   5.39117024469445     
   5.39115966987302     
   5.39115040388942     
   5.39114225280721     
   5.39113503315156     
   5.39112857136354     
   5.39112275389556     
   5.39111750128052     
   5.39111276064739     
   5.39110846383847     
   5.39110453985594     
   5.39110083919417     
   5.39109702840763     
   52.5028293404889     
   7.50132866519013     
   7.50346760432834     
   7.50557969717073     
   7.50731867966102     
   7.50874165733825     
   7.50987989448562     
   7.51076971306751     
   7.51149935061493     
   7.51206582918286     
   7.51247463851979     
   7.51277297714945     
   7.51298931819936     
   7.51309895359437     
   7.51315547972318     
   7.51320037868461     
   7.51322406515331     
   7.51322674333491     
   7.51321086137274     
   7.51317808760310     
   7.51312983608237     
   7.51306755590554     
   7.51299250938941     
   7.51290572207728     
   7.51280765576179     
   7.51270301381999     
   7.51258782715416     
   7.51246594659419     
   7.51234134014961     
   7.51221350328379     
   7.51208107317217     
   7.51194656066261     
   7.51180939801524     
   7.51167476345241     
   7.51154188220667     
   7.51140893993511     
   7.51127829261429     
   7.51115016437980     
   7.51102497069697     
   7.51090380342500     
   7.51078683074457     
   7.51067408266544     
   7.51056570794336     
   7.51046167723709     
   7.51036198929619     
   7.51026660460467     
   7.51017554499059     
   7.51008873734969     
   7.51000614164147     
   7.50992769898620     
   7.50985332046900     
   7.50978349925176     
   7.50971695776958     
   7.50965364599912     
   7.50959353005112     
   7.50953654983203     
   7.50948264300225     
   7.50941428772086     
   7.50936280842443     
   7.50931588397832     
   7.50927211596963     
   7.50923141405795     
   7.50919338770293     
   7.50915788608188     
   7.50912470244836     
   7.50909369760439     
   7.50906479180824     
   7.50903781657428     
   7.50901266951215     
   7.50898926573596     
   7.50896748733998     
   7.50894723641739     
   7.50892844228830     
   7.50891100026128     
   7.50889482997266     
   7.50887986390006     
   7.50886602455209     
   7.50885326206628     
   7.50884149342276     
   7.50883068134503     
   7.50882113630050     
   7.50880869565593     
   7.50879664664937     
   7.50878390758882     
   7.50877284718078     
   7.50876318311855     
   7.50875479483304     
   7.50874753795052     
   7.50874122070557     
   7.50873568455430     
   7.50873082849700     
   7.50872652417054     
   7.50872265615962     
   7.50871917763100     
   7.50871601280978     
   7.50871313239549     
   7.50871051369512     
   7.50870807837520     
   7.50870572905861     
   7.50870342652515     
   199.864209557866     
   42.8510297699273     
   42.7674292110121     
   42.6900699637044     
   42.6207967186504     
   42.5592393728930     
   42.5054060957018     
   42.4585020691490     
   42.4177031341107     
   42.3825682436339     
   42.3524960507286     
   42.3268958637593     
   42.3052044145351     
   42.2869116603338     
   42.2715514614193     
   42.2586977402996     
   42.2479824826197     
   42.2390805797571     
   42.2317062595116     
   42.2256177779868     
   42.2206097925552     
   42.2165083878589     
   42.2131671441357     
   42.2104608381137     
   42.2082883239178     
   42.2065562939299     
   42.2051921184233     
   42.2041321391672     
   42.2033210054892     
   42.2027170421058     
   42.2022817668055     
   42.2019837876081     
   42.2017980302282     
   42.2017020113994     
   42.2016843290154     
   42.2017139759889     
   42.2017889013683     
   42.2018964013102     
   42.2020293512563     
   42.2021773459041     
   42.2023346571009     
   42.2024972142426     
   42.2026605581260     
   42.2028207815155     
   42.2029755727892     
   42.2031237057538     
   42.2032645891129     
   42.2033974845607     
   42.2035222908756     
   42.2036389489489     
   42.2037474657335     
   42.2038516057340     
   42.2039455685006     
   42.2040300620907     
   42.2041059595304     
   42.2041738567166     
   42.2042347171387     
   42.2042894352104     
   42.2043379704289     
   42.2043810390202     
   42.2044188675833     
   42.2044520328415     
   42.2044808054025     
   42.2045060081470     
   42.2045279478467     
   42.2045470622330     
   42.2045639495720     
   42.2045786422651     
   42.2045914834064     
   42.2046026571117     
   42.2046123956488     
   42.2046208456643     
   42.2046281427636     
   42.2046344601525     
   42.2046398818035     
   42.2046444948380     
   42.2046484289838     
   42.2046517083321     
   42.2046544508936     
   42.2046567540650     
   42.2046590550925     
   42.2046612008938     
   42.2046630318255     
   42.2046641276209     
   42.2046644697244     
   42.2046642052351     
   42.2046623234408     
   42.2046569219731     
   42.2046480040695     
   42.2046368214921     
   42.2046245921296     
   42.2046117832482     
   42.2045986632852     
   42.2045854081763     
   42.2045720170822     
   42.2045585042309     
   42.2045446490067     
   42.2045302599487     
   42.2045146455175     
   42.2044977387719     
   524.585677635960     
