  0.386118320870692     
  0.386063735474261     
  0.386011292578680     
  0.385960443693744     
  0.385911455686506     
  0.385864661517735     
  0.385819971920496     
  0.385777548947789     
  0.385737031529855     
  0.385698654701203     
  0.385662326474180     
  0.385628099870800     
  0.385595623490758     
  0.385565404851934     
  0.385537027655477     
  0.385510507122154     
  0.385485686617528     
  0.385462542723757     
  0.385440977031079     
  0.385420906347653     
  0.385402246198162     
  0.385384934793307     
  0.385368845009003     
  0.385353983954503     
  0.385340206210790     
  0.385327488055036     
  0.385315733312405     
  0.385304880176873     
  0.385294869402923     
  0.385285636279771     
  0.385277127491639     
  0.385269287221234     
  0.385262057922327     
  0.385255243112608     
  0.385249078054299     
  0.385243325398485     
  0.385238086148944     
  0.385233247789112     
  0.385228773527112     
  0.385224623796288     
  0.385220777006641     
  0.385217201584254     
  0.385213875378700     
  0.385210777764831     
  0.385207894137928     
  0.385205199366987     
  0.385202686776871     
  0.385200341018114     
  0.385198149706641     
  0.385196097057364     
  0.385194197828025     
  0.385192411410292     
  0.385190735127456     
  0.385189163819038     
  0.385187688457370     
  0.385186305699892     
  0.385184998418930     
  0.385183790122920     
  0.385182657392269     
  0.385181600990071     
  0.385180613420720     
  0.385179691481279     
  0.385178831891194     
  0.385178030401705     
  0.385177285655105     
  0.385176590459738     
  0.385175943839985     
  0.385175345175840     
  0.385174786759147     
  0.385174270531727     
  0.385173791849411     
  0.385173347335354     
  0.385172935628742     
  0.385172556572138     
  0.385172206366528     
  0.385171881180968     
  0.385171583082885     
  0.385171308641403     
  0.385171063657908     
  0.385170702107083     
  0.385170512212828     
  0.385170344525080     
  0.385170194950520     
  0.385170056231167     
  0.385169931850124     
  0.385169816866056     
  0.385169715824849     
  0.385169626474832     
  0.385169545138567     
  0.385169475488479     
  0.385169412689352     
  0.385169357680497     
  0.385169312479301     
  0.385169271397848     
  0.385169238111500     
  0.385169210499510     
  0.385169188756963     
  0.385169172341792     
  0.385169162226734     
  0.385168152823398     
