  0.800500794101958     
  0.800351372269515     
  0.800229705691270     
  0.800130183839707     
  0.800048569305720     
  0.799981255265696     
  0.799925455924379     
  0.799879080823090     
  0.799840591152020     
  0.799808424522168     
  0.799781266309568     
  0.799758306863776     
  0.799738956286741     
  0.799722328278824     
  0.799708156192003     
  0.799696044448253     
  0.799685687904933     
  0.799676822383506     
  0.799669236687404     
  0.799662744416374     
  0.799657192437327     
  0.799652443540625     
  0.799648409510600     
  0.799644957197955     
  0.799642044989151     
  0.799639570533195     
  0.799637501691351     
  0.799635753640343     
  0.799634283253838     
  0.799633064820398     
  0.799632058381608     
  0.799631236950755     
  0.799630570351363     
  0.799629649834321     
  0.799629235487986     
  0.799628935222761     
  0.799628700007495     
  0.799628525824892     
  0.799628414888707     
  0.799628358190754     
  0.799628347604316     
  0.799628376331433     
  0.799628440828065     
  0.799628533970906     
  0.799628650974467     
  0.799628789965364     
  0.799628944039334     
  0.799629112539648     
  0.799629289816237     
  0.799629476751456     
  0.799629684002186     
  0.799629887710342     
  0.799630086492700     
  0.799630281062821     
  0.799630471058798     
  0.799630658179978     
  0.799630845630054     
  0.799631023382074     
  0.799631198207707     
  0.799631366695309     
  0.799631532442931     
  0.799631692598017     
  0.799631847886923     
  0.799631997312384     
  0.799632141528733     
  0.799632281946324     
  0.799632415719825     
  0.799632542749156     
  0.799632666370530     
  0.799632783371577     
  0.799632895864421     
  0.799633002608167     
  0.799633103539749     
  0.799633199955984     
  0.799633289613570     
  0.799633375470914     
  0.799633455280146     
  0.799633530878443     
  0.799633598356925     
  0.799633687448658     
  0.799633755735046     
  0.799633822335688     
  0.799633883758247     
  0.799633942489674     
  0.799634004559960     
  0.799634064337341     
  0.799634120650145     
  0.799634175696616     
  0.799634230304592     
  0.799634282837769     
  0.799634331634836     
  0.799634376191691     
  0.799634414598055     
  0.799634448353568     
  0.799634478285282     
  0.799634502591082     
  0.799634521243199     
  0.799634534413366     
  0.799634543231021     
  0.799634408491913     
