  0.451038783222767     
  0.450449206166147     
  0.449944303445842     
  0.449510891163947     
  0.449139164048997     
  0.448817080929454     
  0.448539089660720     
  0.448300631722404     
  0.448094328935755     
  0.447914643216151     
  0.447757427812773     
  0.447619127173503     
  0.447496339381116     
  0.447387207285343     
  0.447290066897316     
  0.447203293047620     
  0.447125511022091     
  0.447055717258497     
  0.446992971305522     
  0.446936477319719     
  0.446885548684582     
  0.446839562597006     
  0.446797997271689     
  0.446760179095574     
  0.446726019333046     
  0.446695043469058     
  0.446666895692570     
  0.446641356941944     
  0.446618161029366     
  0.446597092102781     
  0.446577947468123     
  0.446560515060153     
  0.446544701986980     
  0.446530357895837     
  0.446517316992909     
  0.446505464201660     
  0.446494653957636     
  0.446484814105509     
  0.446475897757549     
  0.446467833425112     
  0.446460537806177     
  0.446453957004869     
  0.446448041816643     
  0.446442740699012     
  0.446438001746858     
  0.446433777673507     
  0.446430024149374     
  0.446426699095767     
  0.446423765305351     
  0.446421186585535     
  0.446418932027874     
  0.446416956270995     
  0.446415231393804     
  0.446413733165963     
  0.446412438709858     
  0.446411327669446     
  0.446410235799829     
  0.446409407830533     
  0.446408722111452     
  0.446408155152887     
  0.446407698211863     
  0.446407338000662     
  0.446407062188260     
  0.446406859284635     
  0.446406720217613     
  0.446406636344203     
  0.446406599821640     
  0.446406604061340     
  0.446406643734069     
  0.446406712314236     
  0.446406805472979     
  0.446406918937694     
  0.446407049823517     
  0.446407193481788     
  0.446407348039164     
  0.446407510216000     
  0.446407678599075     
  0.446407851681883     
  0.446408028306986     
  0.446407932501122     
  0.446407952415251     
  0.446407923477121     
  0.446407860862734     
  0.446407803822823     
  0.446407753860366     
  0.446407714580604     
  0.446407699553848     
  0.446407715812838     
  0.446407755473060     
  0.446407812640421     
  0.446407881510841     
  0.446407956706792     
  0.446408034057825     
  0.446408109222903     
  0.446408179638877     
  0.446408241959861     
  0.446408293610980     
  0.446408331424898     
  0.446408348296340     
  0.000000000000000E+000
