  0.358961471040260     
  0.359577260746269     
  0.360119522617967     
  0.360594168447304     
  0.361010449912075     
  0.361378603009721     
  0.361701634082217     
  0.361983600395397     
  0.362230187049267     
  0.362446237958853     
  0.362636121540399     
  0.362803585645554     
  0.362951795919332     
  0.363083247126945     
  0.363200296346611     
  0.363304641749216     
  0.363397925770464     
  0.363481399271387     
  0.363556224631153     
  0.363623392799042     
  0.363683766808243     
  0.363738138298133     
  0.363787166934872     
  0.363831726608653     
  0.363871922148868     
  0.363908308670364     
  0.363941371789515     
  0.363971422876008     
  0.363998777775030     
  0.364023706875449     
  0.364046453174164     
  0.364067203827103     
  0.364086191025824     
  0.364103551568908     
  0.364119471613226     
  0.364134065266671     
  0.364147509693018     
  0.364159901408225     
  0.364171267255011     
  0.364181699580557     
  0.364191279763587     
  0.364200072228820     
  0.364208130256348     
  0.364215504851849     
  0.364222248622880     
  0.364228409996253     
  0.364234034045719     
  0.364239163647377     
  0.364243836546367     
  0.364248089518214     
  0.364251953062701     
  0.364255471250949     
  0.364258673240410     
  0.364261585011029     
  0.364264231380470     
  0.364266634016739     
  0.364268705908841     
  0.364270662716894     
  0.364272441483340     
  0.364274051689615     
  0.364275509328760     
  0.364276826292906     
  0.364278015021989     
  0.364279087557167     
  0.364280054178847     
  0.364280924578152     
  0.364281707719148     
  0.364282411941984     
  0.364283043995442     
  0.364283611044853     
  0.364284119420105     
  0.364284574673369     
  0.364284981284194     
  0.364285344958581     
  0.364285668668416     
  0.364285957273417     
  0.364286213739433     
  0.364286440384297     
  0.364286639728130     
  0.364287208028856     
  0.364287532187579     
  0.364287882503734     
  0.364288201880748     
  0.364288487621544     
  0.364288739916849     
  0.364288967332147     
  0.364289173055415     
  0.364289345586043     
  0.364289489668721     
  0.364289609681249     
  0.364289709705881     
  0.364289793894001     
  0.364289865700523     
  0.364289928533137     
  0.364289984824565     
  0.364290037635036     
  0.364290089110780     
  0.364290142481809     
  0.364290205388481     
  0.000000000000000E+000
