  0.189999745736973     
  0.189973533087584     
  0.189936173936191     
  0.189894940388749     
  0.189850386038928     
  0.189804316060826     
  0.189759276257063     
  0.189715767882199     
  0.189675484014978     
  0.189639118824996     
  0.189606450646828     
  0.189577287180943     
  0.189551864699552     
  0.189529545587711     
  0.189509636756073     
  0.189492065203164     
  0.189476563207446     
  0.189462883470116     
  0.189450804063325     
  0.189440129881239     
  0.189430684507175     
  0.189422299104861     
  0.189414835793439     
  0.189408094295773     
  0.189402058518086     
  0.189396647860578     
  0.189391732517915     
  0.189387220182048     
  0.189383061195603     
  0.189379201021769     
  0.189375599357712     
  0.189372281112744     
  0.189369106987197     
  0.189366090535254     
  0.189363211393865     
  0.189360470531669     
  0.189357836349346     
  0.189355284486267     
  0.189352834987439     
  0.189350466994331     
  0.189348182430236     
  0.189345970766312     
  0.189343827927009     
  0.189341754449139     
  0.189339749630263     
  0.189337812330241     
  0.189335941804907     
  0.189334137256856     
  0.189332398148283     
  0.189330723896252     
  0.189329114909425     
  0.189327572478056     
  0.189326095365786     
  0.189324681823008     
  0.189323329909671     
  0.189322038313815     
  0.189321058291329     
  0.189319929452573     
  0.189318836405208     
  0.189317793157498     
  0.189316792459377     
  0.189315835706431     
  0.189314922789751     
  0.189314053158197     
  0.189313225603540     
  0.189312439077645     
  0.189311692459212     
  0.189310983996676     
  0.189310312270490     
  0.189309676640911     
  0.189309075106916     
  0.189308506388937     
  0.189307968892289     
  0.189307461559631     
  0.189306983292419     
  0.189306532510582     
  0.189306107661492     
  0.189305707933820     
  0.189305331964884     
  0.189304859470023     
  0.189304515397171     
  0.189304194019146     
  0.189303937256518     
  0.189303708555633     
  0.189303506222784     
  0.189303318087249     
  0.189303127390738     
  0.189302938601119     
  0.189302754858219     
  0.189302577678330     
  0.189302408783277     
  0.189302249399207     
  0.189302100241651     
  0.189301962243961     
  0.189301835536558     
  0.189301720405103     
  0.189301617278239     
  0.189301526093293     
  0.189301446315179     
  0.000000000000000E+000
