   8.11109094256704     
   8.11120792547340     
   8.11102791043795     
   8.11047980990532     
   8.10971180088929     
   8.10878002744743     
   8.10772576868189     
   8.10658486656013     
   8.10537940935570     
   8.10414278360489     
   8.10289998225441     
   8.10166562266845     
   8.10045321062210     
   8.09927622308330     
   8.09813168685799     
   8.09702812730589     
   8.09596988279647     
   8.09496040176610     
   8.09400189452507     
   8.09309496230695     
   8.09224013153228     
   8.09143764143612     
   8.09068518327885     
   8.08998616445272     
   8.08933279868900     
   8.08872607391379     
   8.08816370626299     
   8.08764290650321     
   8.08716174744445     
   8.08671816232242     
   8.08630901782881     
   8.08593270908919     
   8.08558588018498     
   8.08527487978384     
   8.08497871261055     
   8.08470526806888     
   8.08445412781123     
   8.08422407895236     
   8.08401199503353     
   8.08381560245545     
   8.08363363619573     
   8.08346492701958     
   8.08330828052725     
   8.08316274906329     
   8.08302737812406     
   8.08290143820471     
   8.08278426924614     
   8.08267516908585     
   8.08257370839767     
   8.08247926707075     
   8.08239482860309     
   8.08231520166515     
   8.08224004479499     
   8.08216915712885     
   8.08210221110108     
   8.08203904793992     
   8.08198053619905     
   8.08192499659111     
   8.08187261575926     
   8.08182311810965     
   8.08177662135044     
   8.08173274243359     
   8.08169161034034     
   8.08165285602563     
   8.08161644955982     
   8.08158239686597     
   8.08155042344532     
   8.08152046454684     
   8.08149243325311     
   8.08146623635632     
   8.08144166800096     
   8.08141878653094     
   8.08139737948934     
   8.08137743544500     
   8.08135880360472     
   8.08134140729740     
   8.08132520412816     
   8.08131011670057     
   8.08129610769711     
   8.08128418505235     
   8.08127391587561     
   8.08126492065870     
   8.08125698342470     
   8.08124968101223     
   8.08124296613322     
   8.08123667659243     
   8.08123087060002     
   8.08122547802174     
   8.08122038769940     
   8.08121577672190     
   8.08121152048516     
   8.08120755800684     
   8.08120388741267     
   8.08120037349443     
   8.08119718732107     
   8.08119430096900     
   8.08119170394554     
   8.08118930122128     
   8.08118739369754     
   8.08112440371118     
