  0.776284476301005     
  0.776227504900011     
  0.776175131376861     
  0.776128442881052     
  0.776086888490393     
  0.776049837918521     
  0.776017295925890     
  0.775988206792554     
  0.775962758418482     
  0.775940716669805     
  0.775921384809148     
  0.775904267362020     
  0.775889449745094     
  0.775876204437997     
  0.775863955071544     
  0.775852734642622     
  0.775842451247172     
  0.775833017059586     
  0.775824385456451     
  0.775816510260015     
  0.775809356112469     
  0.775802890555683     
  0.775797068187481     
  0.775791896796109     
  0.775787264336357     
  0.775783202177789     
  0.775779648318717     
  0.775776528341801     
  0.775773822283803     
  0.775771537886139     
  0.775769603652671     
  0.775768029485723     
  0.775766685747913     
  0.775765641904482     
  0.775764732768407     
  0.775764013740651     
  0.775763465911040     
  0.775763071849227     
  0.775762801086370     
  0.775762621293704     
  0.775762523031256     
  0.775762489845780     
  0.775762510128109     
  0.775762576672501     
  0.775762681480233     
  0.775762818281710     
  0.775762980896559     
  0.775763164349873     
  0.775763364935053     
  0.775763578408106     
  0.775763836583807     
  0.775764090784285     
  0.775764339466124     
  0.775764581462813     
  0.775764814894962     
  0.775765039785642     
  0.775765465925059     
  0.775765709971984     
  0.775765928982182     
  0.775766132532757     
  0.775766321646345     
  0.775766495662428     
  0.775766659009048     
  0.775766810323930     
  0.775766951105963     
  0.775767083382915     
  0.775767206180090     
  0.775767320153760     
  0.775767426633041     
  0.775767525369264     
  0.775767616614530     
  0.775767701602619     
  0.775767779637225     
  0.775767852012646     
  0.775767918356522     
  0.775767979098427     
  0.775768034369473     
  0.775768084587989     
  0.775768130223882     
  0.775768173604394     
  0.775768260050225     
  0.775768359578721     
  0.775768494145399     
  0.775768622378229     
  0.775768742761601     
  0.775768848344331     
  0.775768930934519     
  0.775768996405744     
  0.775769048041406     
  0.775769090197029     
  0.775769124888249     
  0.775769153213030     
  0.775769176970103     
  0.775769196521626     
  0.775769214499218     
  0.775769231430890     
  0.775769248138442     
  0.775769264969638     
  0.775769285873420     
  0.775769442846475     
