  0.604368387296508     
  0.604483984761937     
  0.604584338745951     
  0.604671555535940     
  0.604745326331214     
  0.604807350058656     
  0.604859081133918     
  0.604901519335038     
  0.604936624034392     
  0.604965476072281     
  0.604989144401109     
  0.605008480370865     
  0.605024452657580     
  0.605037181520784     
  0.605047389214465     
  0.605055501109527     
  0.605061870763368     
  0.605066775424510     
  0.605070470524858     
  0.605073153249743     
  0.605075010819988     
  0.605076180632125     
  0.605076809333261     
  0.605076912831351     
  0.605076686505468     
  0.605076161402962     
  0.605075402508319     
  0.605074446922552     
  0.605073335982019     
  0.605072127607626     
  0.605070814023677     
  0.605069462623858     
  0.605068066688846     
  0.605066517455525     
  0.605065070198856     
  0.605063669685566     
  0.605062169407561     
  0.605060725289072     
  0.605059317784575     
  0.605057939429621     
  0.605056587161165     
  0.605055267698322     
  0.605053987211942     
  0.605052741604368     
  0.605051532937138     
  0.605050373858938     
  0.605049251386869     
  0.605048180741081     
  0.605047159018204     
  0.605046193260994     
  0.605045413947536     
  0.605044628660186     
  0.605043840868468     
  0.605043053311157     
  0.605042267198389     
  0.605041493021361     
  0.605040748649842     
  0.605040005257158     
  0.605039282734287     
  0.605038564688012     
  0.605037871972156     
  0.605037189572433     
  0.605036531699050     
  0.605035891045020     
  0.605035269664667     
  0.605034675810741     
  0.605034102965006     
  0.605033549694727     
  0.605033026116251     
  0.605032519339860     
  0.605032040365299     
  0.605031582338615     
  0.605031147759052     
  0.605030735040927     
  0.605030343750094     
  0.605029975735744     
  0.605029625892494     
  0.605029296056394     
  0.605028984647010     
  0.605028635906783     
  0.605028314813895     
  0.605028025645553     
  0.605027761795543     
  0.605027532022709     
  0.605027333064864     
  0.605027158305828     
  0.605026987133633     
  0.605026825802581     
  0.605026673485768     
  0.605026532826820     
  0.605026407720877     
  0.605026289603712     
  0.605026182137962     
  0.605026086296703     
  0.605026007444790     
  0.605025945861165     
  0.605025902405869     
  0.605025875378206     
  0.605025872592816     
  0.605026299304727     
