  0.561758288689206     
  0.561834607986674     
  0.561898996031209     
  0.561953359929037     
  0.561998201707274     
  0.562034977287477     
  0.562065102910934     
  0.562089190527994     
  0.562108926589760     
  0.562125419898995     
  0.562139226430291     
  0.562150858987697     
  0.562161053295811     
  0.562169870801177     
  0.562177322877445     
  0.562183736410059     
  0.562189296971060     
  0.562194132658724     
  0.562198365060964     
  0.562202091485954     
  0.562205393335407     
  0.562208337645970     
  0.562210975150791     
  0.562213368300887     
  0.562215517558848     
  0.562217489688060     
  0.562219293678002     
  0.562220926575143     
  0.562222412741131     
  0.562223769031724     
  0.562225002813155     
  0.562226159692853     
  0.562227182423397     
  0.562228120997355     
  0.562228937987334     
  0.562229673158134     
  0.562230333046230     
  0.562230918369094     
  0.562231433999508     
  0.562231874889375     
  0.562232250588474     
  0.562232561640908     
  0.562232810847955     
  0.562233003583949     
  0.562233144596993     
  0.562233238546081     
  0.562233289674719     
  0.562233302340618     
  0.562233280723624     
  0.562233228605605     
  0.562233162673563     
  0.562233071707558     
  0.562232959031522     
  0.562232827470955     
  0.562232679328974     
  0.562232517421076     
  0.562232489570318     
  0.562232334725491     
  0.562232161423072     
  0.562231979423985     
  0.562231788704696     
  0.562231591239331     
  0.562231390365503     
  0.562231187100999     
  0.562230983039143     
  0.562230779948848     
  0.562230578387538     
  0.562230379120068     
  0.562230183090789     
  0.562229991063827     
  0.562229803255602     
  0.562229620439065     
  0.562229442411906     
  0.562229270038624     
  0.562229103234828     
  0.562228942208804     
  0.562228786820115     
  0.562228637249949     
  0.562228493489052     
  0.562228355852887     
  0.562228253219184     
  0.562228167883651     
  0.562228115446666     
  0.562228070366892     
  0.562228031659494     
  0.562227993566005     
  0.562227947563319     
  0.562227895325624     
  0.562227839180874     
  0.562227781367885     
  0.562227723414673     
  0.562227666429629     
  0.562227611591426     
  0.562227559712485     
  0.562227512055905     
  0.562227469344940     
  0.562227432322831     
  0.562227401496796     
  0.562227379084087     
  0.562226666624019     
