  0.467250000000003     
  0.467249999999999     
  0.467250000000003     
  0.467249999999996     
  0.467250000000001     
  0.467249999999996     
  0.467250000000002     
  0.467250000000002     
  0.467250000000001     
  0.467249999999997     
  0.467249999999998     
  0.467249999999998     
  0.467249999999999     
  0.467249999999996     
  0.467250000000003     
  0.467250000000000     
  0.467249999999999     
  0.467250000000001     
  0.467249999999999     
  0.467250000000001     
  0.467250000000001     
  0.467249999999998     
  0.467249999999998     
  0.467249999999998     
  0.467249999999996     
  0.467250000000000     
  0.467249999999999     
  0.467249999999998     
  0.467250000000002     
  0.467249999999997     
  0.467249999999998     
  0.467249999999999     
  0.467249999999999     
  0.467250000000000     
  0.467249999999999     
  0.467249999999998     
  0.467249999999998     
  0.467249999999999     
  0.467250000000003     
  0.467249999999996     
  0.467250000000004     
  0.467250000000005     
  0.467249999999999     
  0.467250000000004     
  0.467250000000004     
  0.467250000000001     
  0.467250000000003     
  0.467249999999997     
  0.467249999999996     
  0.467250000000000     
  0.467250000000003     
  0.467249999999996     
  0.467250000000005     
  0.467249999999998     
  0.467250000000003     
  0.467249999999997     
  0.467250000000009     
  0.467250000000001     
  0.467249999999999     
  0.467249999999996     
  0.467250000000000     
  0.467249999999996     
  0.467249999999995     
  0.467250000000002     
  0.467249999999997     
  0.467249999999996     
  0.467249999999995     
  0.467249999999999     
  0.467249999999998     
  0.467250000000001     
  0.467250000000001     
  0.467250000000004     
  0.467249999999999     
  0.467250000000001     
  0.467250000000004     
  0.467249999999998     
  0.467250000000003     
  0.467250000000000     
  0.467250000000001     
  0.467250000000003     
  0.467250000000002     
  0.467249999999998     
  0.467249999999999     
  0.467249999999999     
  0.467249999999999     
  0.467249999999997     
  0.467249999999997     
  0.467249999999999     
  0.467249999999999     
  0.467249999999996     
  0.467250000000002     
  0.467250000000000     
  0.467249999999999     
  0.467249999999997     
  0.467250000000002     
  0.467250000000003     
  0.467249999999999     
  0.467249999999993     
  0.467249999999998     
  0.467249347913652     
