  0.582105314854586     
  0.582870357811265     
  0.583525412785434     
  0.584083702865785     
  0.584559985655444     
  0.584970302886845     
  0.585320938485679     
  0.585618290416920     
  0.585871505822993     
  0.586087974597358     
  0.586273768640778     
  0.586434003740115     
  0.586573213916923     
  0.586694412491535     
  0.586800311205416     
  0.586893126838314     
  0.586974851668639     
  0.587046935323380     
  0.587110714059537     
  0.587167292783042     
  0.587217613338625     
  0.587262525252784     
  0.587302705261937     
  0.587339126647853     
  0.587371752016033     
  0.587401187091046     
  0.587427899978531     
  0.587452142684751     
  0.587474212349591     
  0.587494346566585     
  0.587512752185541     
  0.587529616306254     
  0.587545081003844     
  0.587559306189635     
  0.587572366148784     
  0.587584400544067     
  0.587595574368738     
  0.587605955028537     
  0.587615525712744     
  0.587624346373442     
  0.587632484099326     
  0.587639979827717     
  0.587646865988856     
  0.587653178192974     
  0.587658956371052     
  0.587664238339403     
  0.587669059141800     
  0.587673453702677     
  0.587677452595708     
  0.587681086044638     
  0.587684402621806     
  0.587687413271534     
  0.587690143246406     
  0.587692614947414     
  0.587694849565462     
  0.587696866527223     
  0.587698695838093     
  0.587700337513051     
  0.587701812043080     
  0.587703132980707     
  0.587704314420186     
  0.587705366207850     
  0.587706302669018     
  0.587707134057863     
  0.587707870582646     
  0.587708522485085     
  0.587709097242199     
  0.587709602746020     
  0.587710045607536     
  0.587710432585347     
  0.587710769248942     
  0.587711061324255     
  0.587711312048794     
  0.587711527710334     
  0.587711710222546     
  0.587711864448296     
  0.587711992691399     
  0.587712096958757     
  0.587712179468657     
  0.587712727910166     
  0.587713012380322     
  0.587713348506976     
  0.587713681219548     
  0.587713983170912     
  0.587714253126302     
  0.587714494722704     
  0.587714702210739     
  0.587714862620030     
  0.587714983827251     
  0.587715073883923     
  0.587715139038889     
  0.587715185097511     
  0.587715217478214     
  0.587715240683166     
  0.587715259319484     
  0.587715277593866     
  0.587715298649805     
  0.587715326327605     
  0.587715372694532     
  0.119112596238910     
