  0.417894685145414     
  0.417129642188734     
  0.416474587214566     
  0.415916297134215     
  0.415440014344556     
  0.415029697113155     
  0.414679061514321     
  0.414381709583080     
  0.414128494177008     
  0.413912025402642     
  0.413726231359222     
  0.413565996259885     
  0.413426786083078     
  0.413305587508465     
  0.413199688794584     
  0.413106873161686     
  0.413025148331361     
  0.412953064676620     
  0.412889285940462     
  0.412832707216958     
  0.412782386661375     
  0.412737474747216     
  0.412697294738063     
  0.412660873352147     
  0.412628247983967     
  0.412598812908954     
  0.412572100021469     
  0.412547857315249     
  0.412525787650409     
  0.412505653433415     
  0.412487247814459     
  0.412470383693746     
  0.412454918996156     
  0.412440693810365     
  0.412427633851216     
  0.412415599455933     
  0.412404425631263     
  0.412394044971463     
  0.412384474287256     
  0.412375653626558     
  0.412367515900674     
  0.412360020172283     
  0.412353134011143     
  0.412346821807026     
  0.412341043628948     
  0.412335761660597     
  0.412330940858200     
  0.412326546297323     
  0.412322547404292     
  0.412318913955361     
  0.412315597378194     
  0.412312586728466     
  0.412309856753594     
  0.412307385052586     
  0.412305150434538     
  0.412303133472778     
  0.412301304161907     
  0.412299662486949     
  0.412298187956920     
  0.412296867019294     
  0.412295685579814     
  0.412294633792150     
  0.412293697330982     
  0.412292865942137     
  0.412292129417354     
  0.412291477514914     
  0.412290902757801     
  0.412290397253980     
  0.412289954392464     
  0.412289567414653     
  0.412289230751058     
  0.412288938675745     
  0.412288687951206     
  0.412288472289666     
  0.412288289777454     
  0.412288135551704     
  0.412288007308600     
  0.412287903041243     
  0.412287820531343     
  0.412287272089834     
  0.412286987619678     
  0.412286651493024     
  0.412286318780452     
  0.412286016829088     
  0.412285746873698     
  0.412285505277296     
  0.412285297789261     
  0.412285137379970     
  0.412285016172749     
  0.412284926116077     
  0.412284860961111     
  0.412284814902489     
  0.412284782521786     
  0.412284759316834     
  0.412284740680516     
  0.412284722406134     
  0.412284701350195     
  0.412284673672395     
  0.412284627305468     
   9.19129266552289     
