  2.117707604332637E-002
  2.117632293022282E-002
  2.117753669956903E-002
  2.118119867778145E-002
  2.118632971099216E-002
  2.119255189155301E-002
  2.119959223679394E-002
  2.120721270789024E-002
  2.121525899518065E-002
  2.122352110051859E-002
  2.123182645389746E-002
  2.124007817771971E-002
  2.124818279684798E-002
  2.125606638736046E-002
  2.126373222462067E-002
  2.127112539094359E-002
  2.127821691855014E-002
  2.128498391737750E-002
  2.129141097217051E-002
  2.129749436188589E-002
  2.130322972314747E-002
  2.130861560997462E-002
  2.131366625549607E-002
  2.131836271608037E-002
  2.132275155014613E-002
  2.132682860788015E-002
  2.133060846698412E-002
  2.133410982288921E-002
  2.133734575456581E-002
  2.134032929729982E-002
  2.134308302053287E-002
  2.134561596001495E-002
  2.134795045286085E-002
  2.135004992876738E-002
  2.135204466846250E-002
  2.135388475093985E-002
  2.135558063107963E-002
  2.135713241684986E-002
  2.135856250987849E-002
  2.135988670385787E-002
  2.136111399411013E-002
  2.136225193691387E-002
  2.136330824950085E-002
  2.136428964818511E-002
  2.136520247579128E-002
  2.136605109571424E-002
  2.136684068100724E-002
  2.136757511451017E-002
  2.136825752639919E-002
  2.136889175380244E-002
  2.136945070974548E-002
  2.136997984975698E-002
  2.137048114179866E-002
  2.137095581216790E-002
  2.137140590220381E-002
  2.137183186089905E-002
  2.137223079210466E-002
  2.137260828932827E-002
  2.137296494367306E-002
  2.137330364428970E-002
  2.137362232614887E-002
  2.137392437573070E-002
  2.137420810174095E-002
  2.137447634256917E-002
  2.137472915077208E-002
  2.137496603739586E-002
  2.137518910361483E-002
  2.137539880946138E-002
  2.137559514999580E-002
  2.137577944563658E-002
  2.137595235462248E-002
  2.137611386590169E-002
  2.137626519638823E-002
  2.137640647402373E-002
  2.137653867184661E-002
  2.137666218078726E-002
  2.137677750660027E-002
  2.137688505183889E-002
  2.137698499155466E-002
  2.137707389330441E-002
  2.137715142221963E-002
  2.137721942608900E-002
  2.137728022026480E-002
  2.137733552561038E-002
  2.137738583805070E-002
  2.137743235667057E-002
  2.137747549482127E-002
  2.137751539128861E-002
  2.137755291990415E-002
  2.137758678201499E-002
  2.137761765704266E-002
  2.137764643889709E-002
  2.137767294235217E-002
  2.137769808605775E-002
  2.137772043953370E-002
  2.137774019149820E-002
  2.137775739241193E-002
  2.137777278416371E-002
  2.137778394672738E-002
  2.137815491905306E-002
