  0.999999996032063     
  0.999999996028432     
  0.999999996025088     
  0.999999996022038     
  0.999999996019275     
  0.999999996016776     
  0.999999996014547     
  0.999999996012558     
  0.999999996010816     
  0.999999996009310     
  0.999999996008008     
  0.999999996006888     
  0.999999996005942     
  0.999999996005139     
  0.999999996004447     
  0.999999996003858     
  0.999999996003358     
  0.999999996002936     
  0.999999996002582     
  0.999999996002286     
  0.999999996002041     
  0.999999996001840     
  0.999999996001677     
  0.999999996001547     
  0.999999996001444     
  0.999999996001366     
  0.999999996001308     
  0.999999996001266     
  0.999999996001239     
  0.999999996001222     
  0.999999996001215     
  0.999999996001217     
  0.999999996001224     
  0.999999996001235     
  0.999999996001249     
  0.999999996001266     
  0.999999996001285     
  0.999999996001306     
  0.999999996001327     
  0.999999996001348     
  0.999999996001368     
  0.999999996001388     
  0.999999996001407     
  0.999999996001426     
  0.999999996001443     
  0.999999996001459     
  0.999999996001473     
  0.999999996001487     
  0.999999996001500     
  0.999999996001511     
  0.999999996001521     
  0.999999996001531     
  0.999999996001539     
  0.999999996001546     
  0.999999996001553     
  0.999999996001559     
  0.999999996001571     
  0.999999996001577     
  0.999999996001582     
  0.999999996001586     
  0.999999996001589     
  0.999999996001592     
  0.999999996001594     
  0.999999996001595     
  0.999999996001596     
  0.999999996001597     
  0.999999996001597     
  0.999999996001597     
  0.999999996001597     
  0.999999996001596     
  0.999999996001596     
  0.999999996001595     
  0.999999996001594     
  0.999999996001593     
  0.999999996001591     
  0.999999996001590     
  0.999999996001588     
  0.999999996001587     
  0.999999996001585     
  0.999999996001583     
  0.999999996001583     
  0.999999996001583     
  0.999999996001584     
  0.999999996001585     
  0.999999996001587     
  0.999999996001588     
  0.999999996001589     
  0.999999996001589     
  0.999999996001589     
  0.999999996001589     
  0.999999996001588     
  0.999999996001588     
  0.999999996001587     
  0.999999996001586     
  0.999999996001585     
  0.999999996001585     
  0.999999996001584     
  0.999999996001583     
  0.999999996001582     
   100.000000000000     
