  0.151275314673944     
  0.151334177250941     
  0.151407427561817     
  0.151464640220236     
  0.151505221908329     
  0.151536892283584     
  0.151563112059362     
  0.151585456935469     
  0.151604492402140     
  0.151621389675613     
  0.151636733042198     
  0.151650705941610     
  0.151663603209211     
  0.151676061079546     
  0.151687759005266     
  0.151698572426432     
  0.151708534738846     
  0.151717978202369     
  0.151726851180455     
  0.151735290530190     
  0.151743357692729     
  0.151751107004300     
  0.151758634011770     
  0.151765961041123     
  0.151773525690532     
  0.151780683877720     
  0.151787680123762     
  0.151794598766799     
  0.151801377874036     
  0.151808039320605     
  0.151814588045716     
  0.151821018571905     
  0.151827342082116     
  0.151833506477338     
  0.151839515244306     
  0.151845355206788     
  0.151851013614631     
  0.151856544325367     
  0.151861923576441     
  0.151867068570705     
  0.151871969011267     
  0.151876630800276     
  0.151881051910780     
  0.151885233678805     
  0.151889180595527     
  0.151892898280689     
  0.151896392544103     
  0.151899670933644     
  0.151902741567099     
  0.151905611487038     
  0.151908288926410     
  0.151910788254562     
  0.151913120549165     
  0.151915295415917     
  0.151917321044024     
  0.151919205700778     
  0.151920956481447     
  0.151922683591401     
  0.151924214255302     
  0.151925625107597     
  0.151926929709685     
  0.151928136008277     
  0.151929250101932     
  0.151930279903833     
  0.151931230510349     
  0.151932107993620     
  0.151932916865956     
  0.151933661944262     
  0.151934347922743     
  0.151934978729624     
  0.151935558037948     
  0.151936089889032     
  0.151936577723995     
  0.151937024155393     
  0.151937433243195     
  0.151937805926735     
  0.151938145911564     
  0.151938454962780     
  0.151938734532598     
  0.151938985820852     
  0.151939832254081     
  0.151940274139274     
  0.151940700738310     
  0.151941139448716     
  0.151941517037595     
  0.151941832747682     
  0.151942098256713     
  0.151942325404001     
  0.151942520406499     
  0.151942688854842     
  0.151942835187419     
  0.151942962763044     
  0.151943074609692     
  0.151943172975454     
  0.151943258886906     
  0.151943334114240     
  0.151943400035471     
  0.151943457883422     
  0.151943510828027     
  1.211335344928422E-002
  0.674812861253065     
  0.675149434078156     
  0.675522751668991     
  0.675861944725164     
  0.676156949453836     
  0.676419002922610     
  0.676655076094639     
  0.676867352718249     
  0.677058271329221     
  0.677230227164136     
  0.677384397153337     
  0.677522938287089     
  0.677647787337352     
  0.677759850411346     
  0.677860702885869     
  0.677952191165257     
  0.678034604809965     
  0.678109205720379     
  0.678176503312578     
  0.678237355570970     
  0.678292428643322     
  0.678342332586421     
  0.678387723597075     
  0.678429067244677     
  0.678467629496790     
  0.678502538551911     
  0.678534445100573     
  0.678563901003731     
  0.678591139888741     
  0.678616390045538     
  0.678639867245120     
  0.678661750184819     
  0.678682139049415     
  0.678701254556101     
  0.678719170878640     
  0.678735976508227     
  0.678751740253190     
  0.678766650196354     
  0.678780741936301     
  0.678793920554460     
  0.678806244974685     
  0.678817771029285     
  0.678828540453368     
  0.678838589909789     
  0.678847959845812     
  0.678856689681794     
  0.678864817045406     
  0.678872377785000     
  0.678879407650166     
  0.678885937185024     
  0.678891997333826     
  0.678897623461342     
  0.678902846505769     
  0.678907694792579     
  0.678912194031115     
  0.678916368221110     
  0.678920237716252     
  0.678923407025980     
  0.678926642547886     
  0.678929676026034     
  0.678932492434834     
  0.678935111366966     
  0.678937539852178     
  0.678939791955891     
  0.678941878509871     
  0.678943811393163     
  0.678945600799374     
  0.678947256145668     
  0.678948788231129     
  0.678950205035940     
  0.678951513898768     
  0.678952723889312     
  0.678953841669207     
  0.678954873701306     
  0.678955827138907     
  0.678956705031061     
  0.678957514868626     
  0.678958261221454     
  0.678958946558700     
  0.678959574460638     
  0.678961469701708     
  0.678962381656072     
  0.678963240625476     
  0.678964066103326     
  0.678964785368643     
  0.678965389923527     
  0.678965903164661     
  0.678966346288291     
  0.678966728903886     
  0.678967062454785     
  0.678967356553553     
  0.678967617332498     
  0.678967850460239     
  0.678968060651432     
  0.678968250021189     
  0.678968421371305     
  0.678968577386064     
  0.678968719756909     
  0.678968852354693     
  3.618900395015028E-004
  0.241749873147386     
  0.241483574271685     
  0.241185465357947     
  0.240917321290559     
  0.240688098994736     
  0.240486961158971     
  0.240308263099797     
  0.240149412444702     
  0.240007424171555     
  0.239881029048821     
  0.239769491525529     
  0.239670903449297     
  0.239583617235001     
  0.239507184880149     
  0.239439929838257     
  0.239379990332594     
  0.239327135467524     
  0.239280321181320     
  0.239239039825466     
  0.239202552217656     
  0.239170279571284     
  0.239141699644316     
  0.239116271703023     
  0.239093607991089     
  0.239072747442492     
  0.239054278279413     
  0.239037746931983     
  0.239022709573270     
  0.239008960873946     
  0.238996343409557     
  0.238984697130503     
  0.238973895767011     
  0.238963896495672     
  0.238954499047568     
  0.238945679149512     
  0.238937382647709     
  0.238929574312617     
  0.238922124718551     
  0.238915019656973     
  0.238908335274889     
  0.238902039187884     
  0.238896105822955     
  0.238890514780574     
  0.238885250205032     
  0.238880294310359     
  0.238875630777323     
  0.238871243914328     
  0.238867118798516     
  0.238863240391155     
  0.238859596729605     
  0.238856175189929     
  0.238852961048648     
  0.238849941317226     
  0.238847103679119     
  0.238844437052734     
  0.238841930920042     
  0.238839577550101     
  0.238837839203922     
  0.238835863110304     
  0.238833965666168     
  0.238832175012078     
  0.238830480527887     
  0.238828883717608     
  0.238827379443196     
  0.238825964286756     
  0.238824633397394     
  0.238823382777552     
  0.238822208706143     
  0.238821105942090     
  0.238820070886296     
  0.238819100886745     
  0.238818191115242     
  0.238817338394270     
  0.238816539685787     
  0.238815791346993     
  0.238815092353345     
  0.238814438454713     
  0.238813826979430     
  0.238813257315822     
  0.238812727454246     
  0.238811250540275     
  0.238810536582189     
  0.238809866772237     
  0.238809236792432     
  0.238808680540289     
  0.238808206937687     
  0.238807797143349     
  0.238807431934113     
  0.238807104500701     
  0.238806808936247     
  0.238806540280325     
  0.238806295550686     
  0.238806071811645     
  0.238805866245579     
  0.238805678150556     
  0.238805505922492     
  0.238805347890395     
  0.238805203517740     
  0.238805070126981     
  1.041153298881084E-005
  8.343726559954835E-002
  8.336699165015962E-002
  8.329178297306149E-002
  8.322073398427662E-002
  8.315495155142787E-002
  8.309403591841881E-002
  8.303666080556375E-002
  8.298323483704913E-002
  8.293430449922473E-002
  8.288874378704243E-002
  8.284611132113404E-002
  8.280615826361404E-002
  8.276859542764647E-002
  8.273296470850491E-002
  8.269936727587412E-002
  8.266781850214998E-002
  8.263825972250995E-002
  8.261047309830169E-002
  8.258445686195624E-002
  8.256009221137441E-002
  8.253729178539429E-002
  8.251596776926465E-002
  8.249600469990191E-002
  8.247732476423311E-002
  8.245962306071787E-002
  8.244318316867551E-002
  8.242780796744381E-002
  8.241338942299897E-002
  8.239989923731222E-002
  8.238726654490547E-002
  8.237543562437681E-002
  8.236435404817055E-002
  8.235396445491337E-002
  8.234424639633041E-002
  8.233514997184836E-002
  8.232664084406290E-002
  8.231868543419410E-002
  8.231122508509488E-002
  8.230423840672667E-002
  8.229774417065198E-002
  8.229171583743145E-002
  8.228612314775954E-002
  8.228094476605761E-002
  8.227615988517982E-002
  8.227174584383036E-002
  8.226767954088295E-002
  8.226393904026516E-002
  8.226050341648374E-002
  8.225735195867939E-002
  8.225446608537142E-002
  8.225182747624427E-002
  8.224941549000943E-002
  8.224721217700429E-002
  8.224520152830064E-002
  8.224336891615114E-002
  8.224170085884726E-002
  8.224018473364715E-002
  8.223875377009708E-002
  8.223749434180981E-002
  8.223635830779895E-002
  8.223533255308739E-002
  8.223440810514478E-002
  8.223357643021365E-002
  8.223282860091173E-002
  8.223215720337339E-002
  8.223155520944296E-002
  8.223101642307326E-002
  8.223053514819068E-002
  8.223010582678210E-002
  8.222972407776394E-002
  8.222938521448649E-002
  8.222908499544507E-002
  8.222881993652469E-002
  8.222858661290774E-002
  8.222838151409938E-002
  8.222820261559362E-002
  8.222804667666106E-002
  8.222791179911690E-002
  8.222779612547859E-002
  8.222769808511475E-002
  8.222727975801671E-002
  8.222708176173919E-002
  8.222689260228612E-002
  8.222669710424262E-002
  8.222653409106800E-002
  8.222640313878658E-002
  8.222629969198895E-002
  8.222622177759545E-002
  8.222616659541292E-002
  8.222612860896750E-002
  8.222610316612247E-002
  8.222608711681602E-002
  8.222607772811664E-002
  8.222607310298878E-002
  8.222607182825582E-002
  8.222607270620472E-002
  8.222607472353992E-002
  8.222607672534969E-002
  8.222607751832618E-002
  1.949707170292009E-007
