  0.130332980033550     
  0.130332394691671     
  0.130331686960031     
  0.130331775244531     
  0.130332670060077     
  0.130334384087502     
  0.130336851318546     
  0.130340094700339     
  0.130343652188731     
  0.130347540471344     
  0.130351600311018     
  0.130355744047270     
  0.130359758134223     
  0.130363906697080     
  0.130367955921426     
  0.130371903445682     
  0.130375699365652     
  0.130379341588855     
  0.130382810889238     
  0.130386101040344     
  0.130389200993948     
  0.130392117658408     
  0.130394823664842     
  0.130397366951601     
  0.130399715100861     
  0.130401905010943     
  0.130403934704671     
  0.130405812325862     
  0.130407546251021     
  0.130409143966593     
  0.130410622827238     
  0.130411985604588     
  0.130413243726937     
  0.130414379119955     
  0.130415466534160     
  0.130416442309374     
  0.130417369411659     
  0.130418227720679     
  0.130419019732075     
  0.130419753143668     
  0.130420434284297     
  0.130421066060071     
  0.130421652857438     
  0.130422198033968     
  0.130422705260185     
  0.130423175332776     
  0.130423611750467     
  0.130424015732693     
  0.130424389064535     
  0.130424732029019     
  0.130425011185671     
  0.130425279554887     
  0.130425538315726     
  0.130425786988671     
  0.130426025536650     
  0.130426254389647     
  0.130426467446090     
  0.130426675627450     
  0.130426873515981     
  0.130427064880748     
  0.130427245616808     
  0.130427419579200     
  0.130427584148340     
  0.130427741912122     
  0.130427892490732     
  0.130428034021118     
  0.130428169048588     
  0.130428298048427     
  0.130428418563136     
  0.130428533847329     
  0.130428643164028     
  0.130428745400864     
  0.130428842423361     
  0.130428934156789     
  0.130429020951221     
  0.130429102343003     
  0.130429180045652     
  0.130429253043032     
  0.130429325467804     
  0.130429345615869     
  0.130429393579264     
  0.130429433945705     
  0.130429472243495     
  0.130429504549539     
  0.130429529182430     
  0.130429553401954     
  0.130429576434117     
  0.130429598794964     
  0.130429620778671     
  0.130429639613750     
  0.130429657989903     
  0.130429675811543     
  0.130429692750571     
  0.130429709094712     
  0.130429722933409     
  0.130429734695793     
  0.130429743860501     
  0.130429751572327     
  0.130429755802030     
  0.130429532611710     
