  3.496243069639852E-002
  3.496246246039682E-002
  3.496248484283222E-002
  3.496249275997418E-002
  3.496249219151671E-002
  3.496248490177020E-002
  3.496247269180544E-002
  3.496245115743105E-002
  3.496243205745914E-002
  3.496240984171346E-002
  3.496238691216690E-002
  3.496235571596395E-002
  3.496234618162108E-002
  3.496232725201110E-002
  3.496231043909272E-002
  3.496229257270662E-002
  3.496227662526106E-002
  3.496226120335666E-002
  3.496224650311790E-002
  3.496223283191336E-002
  3.496221936359161E-002
  3.496220757583873E-002
  3.496219583730121E-002
  3.496218693895747E-002
  3.496217727528023E-002
  3.496216875724347E-002
  3.496216067059615E-002
  3.496215322145770E-002
  3.496214629952640E-002
  3.496214019502416E-002
  3.496213478944996E-002
  3.496212927975654E-002
  3.496212472418368E-002
  3.496212372911460E-002
  3.496211945789900E-002
  3.496212009120596E-002
  3.496211135035943E-002
  3.496210834831357E-002
  3.496210566313148E-002
  3.496210316394611E-002
  3.496209979937727E-002
  3.496209681566165E-002
  3.496209374216015E-002
  3.496209033989062E-002
  3.496208653080951E-002
  3.496208302488533E-002
  3.496207866665405E-002
  3.496207375152545E-002
  3.496206841925324E-002
  3.496206288894740E-002
  3.496204993617256E-002
  3.496203954209194E-002
  3.496203073832575E-002
  3.496202375173453E-002
  3.496201812048423E-002
  3.496201393723355E-002
  3.496201267576884E-002
  3.496201022314967E-002
  3.496200924679958E-002
  3.496200891741898E-002
  3.496200896866895E-002
  3.496200991772558E-002
  3.496201127196043E-002
  3.496201322693865E-002
  3.496201521707736E-002
  3.496201777944525E-002
  3.496202077522526E-002
  3.496202381871218E-002
  3.496202685931570E-002
  3.496203020940816E-002
  3.496203343770404E-002
  3.496203699755699E-002
  3.496204057504144E-002
  3.496204387125580E-002
  3.496204746744986E-002
  3.496205101761979E-002
  3.496205437792161E-002
  3.496205755143447E-002
  3.496206037994368E-002
  3.496207266087432E-002
  3.496207383293493E-002
  3.496207733479602E-002
  3.496208245737881E-002
  3.496208783869776E-002
  3.496209100464521E-002
  3.496209510400539E-002
  3.496209858034287E-002
  3.496210168767841E-002
  3.496210481504618E-002
  3.496210695011635E-002
  3.496210947144223E-002
  3.496211164347810E-002
  3.496211352194173E-002
  3.496211532404834E-002
  3.496211652811388E-002
  3.496211747038322E-002
  3.496211799854336E-002
  3.496211809578265E-002
  3.496211748235079E-002
  3.496191927453107E-002
