  7.353303122638510E-003
  7.338380454217559E-003
  7.326040030495818E-003
  7.315722737127400E-003
  7.307184663403706E-003
  7.300074821985763E-003
  7.294181829621240E-003
  7.289336186491007E-003
  7.285338225648573E-003
  7.282032445980449E-003
  7.279292898889914E-003
  7.277017959786485E-003
  7.275124472530712E-003
  7.273545785195382E-003
  7.272229208946058E-003
  7.271131451359276E-003
  7.270217304114003E-003
  7.269458435841599E-003
  7.268830982474425E-003
  7.268314897595812E-003
  7.267893320599707E-003
  7.267551946728905E-003
  7.267278815859105E-003
  7.267063228135918E-003
  7.266896853643934E-003
  7.266772060439727E-003
  7.266682493058500E-003
  7.266622677050273E-003
  7.266587879772979E-003
  7.266574243066247E-003
  7.266578279281046E-003
  7.266596879221579E-003
  7.266627489516175E-003
  7.266666863857407E-003
  7.266714703971926E-003
  7.266768596132294E-003
  7.266827298389269E-003
  7.266889463632444E-003
  7.266954474949744E-003
  7.267021358254472E-003
  7.267089301612083E-003
  7.267157833037936E-003
  7.267226635456825E-003
  7.267295353759194E-003
  7.267363607350016E-003
  7.267431046134373E-003
  7.267497413213124E-003
  7.267562441157808E-003
  7.267625914105862E-003
  7.267687652647037E-003
  7.267747061056737E-003
  7.267804512368106E-003
  7.267859975798511E-003
  7.267913410168796E-003
  7.267964823846368E-003
  7.268014186798517E-003
  7.268061476186298E-003
  7.268106754200470E-003
  7.268150034140164E-003
  7.268191385486842E-003
  7.268230864932103E-003
  7.268268536791502E-003
  7.268304405104887E-003
  7.268338514254336E-003
  7.268370906779794E-003
  7.268401600381297E-003
  7.268430664583614E-003
  7.268458140889494E-003
  7.268484093000150E-003
  7.268508563327338E-003
  7.268531612408251E-003
  7.268553301240137E-003
  7.268573677194697E-003
  7.268592803182891E-003
  7.268610728666883E-003
  7.268627504096905E-003
  7.268643186894947E-003
  7.268657821211269E-003
  7.268671447521561E-003
  7.268684069060912E-003
  7.268695709656469E-003
  7.268706420782281E-003
  7.268716258182512E-003
  7.268725254974903E-003
  7.268733436288820E-003
  7.268740987336026E-003
  7.268748284116081E-003
  7.268755482468641E-003
  7.268762499400653E-003
  7.268769221354936E-003
  7.268775590099663E-003
  7.268781548244269E-003
  7.268787042349647E-003
  7.268792022985165E-003
  7.268796440017497E-003
  7.268800264118317E-003
  7.268803447757919E-003
  7.268806009117595E-003
  7.268807885713328E-003
  7.268820204258964E-003
