  0.133815575442407     
  0.133751125295595     
  0.133698640550788     
  0.133655694031184     
  0.133620461300880     
  0.133591392628612     
  0.133567288713546     
  0.133547236394127     
  0.133530599716068     
  0.133516685988954     
  0.133504934762699     
  0.133494980549689     
  0.133486627894758     
  0.133479428427889     
  0.133473293412957     
  0.133468046884849     
  0.133463561680585     
  0.133459720869601     
  0.133456434372416     
  0.133453621435208     
  0.133451214919493     
  0.133449157644148     
  0.133447409407762     
  0.133445916001394     
  0.133444655112172     
  0.133443583508086     
  0.133442688915688     
  0.133441933263828     
  0.133441297687791     
  0.133440772859846     
  0.133440339478997     
  0.133439986529407     
  0.133439702829981     
  0.133439309128837     
  0.133439132419666     
  0.133439013800248     
  0.133438905685692     
  0.133438834279422     
  0.133438790545452     
  0.133438770402124     
  0.133438769012390     
  0.133438784664316     
  0.133438816291721     
  0.133438859730038     
  0.133438912148988     
  0.133438975635616     
  0.133439043813909     
  0.133439117811975     
  0.133439194998991     
  0.133439277006562     
  0.133439357335400     
  0.133439440278197     
  0.133439523457887     
  0.133439607124597     
  0.133439690126124     
  0.133439773618304     
  0.133439861261828     
  0.133439941474836     
  0.133440022538346     
  0.133440100979777     
  0.133440178720594     
  0.133440254319034     
  0.133440327534546     
  0.133440398424880     
  0.133440466683027     
  0.133440533501670     
  0.133440597673943     
  0.133440658180150     
  0.133440717249031     
  0.133440772945080     
  0.133440826937185     
  0.133440877281888     
  0.133440925428338     
  0.133440970867478     
  0.133441013255751     
  0.133441053828076     
  0.133441091265014     
  0.133441126204833     
  0.133441156856295     
  0.133441210450733     
  0.133441238369734     
  0.133441269418831     
  0.133441299967949     
  0.133441329654563     
  0.133441357744097     
  0.133441386825168     
  0.133441413060781     
  0.133441438616129     
  0.133441464185597     
  0.133441486786533     
  0.133441509459620     
  0.133441529067553     
  0.133441545424722     
  0.133441560251226     
  0.133441572377282     
  0.133441581982633     
  0.133441588517048     
  0.133441592892761     
  0.133441594684849     
  0.133815182862214     
