  6.957586093571802E-002
  6.957079384723738E-002
  6.956742029732878E-002
  6.956554431485908E-002
  6.956430661827999E-002
  6.956355317323476E-002
  6.956292450332634E-002
  6.956218671719680E-002
  6.956148707861114E-002
  6.956075757728790E-002
  6.955993682734284E-002
  6.955907151381201E-002
  6.955826734039577E-002
  6.955737236982598E-002
  6.955649613538321E-002
  6.955563821153050E-002
  6.955480864532410E-002
  6.955400470135768E-002
  6.955323111915980E-002
  6.955248665263995E-002
  6.955177212021595E-002
  6.955108581767752E-002
  6.955043679437814E-002
  6.954981065202305E-002
  6.954922184894852E-002
  6.954865562886481E-002
  6.954812573695103E-002
  6.954761569254055E-002
  6.954712558430307E-002
  6.954666115560666E-002
  6.954621711008459E-002
  6.954579561425223E-002
  6.954539459506387E-002
  6.954484511947409E-002
  6.954448220540410E-002
  6.954414838025540E-002
  6.954381528265202E-002
  6.954349936660412E-002
  6.954319947430683E-002
  6.954291553330914E-002
  6.954264699067300E-002
  6.954239276744169E-002
  6.954215353051174E-002
  6.954192676817324E-002
  6.954171124353517E-002
  6.954150972758316E-002
  6.954131802261333E-002
  6.954113802609663E-002
  6.954096782691439E-002
  6.954080955188784E-002
  6.954066629804929E-002
  6.954053089169109E-002
  6.954040204668933E-002
  6.954027995026489E-002
  6.954016387873330E-002
  6.954005501484835E-002
  6.953995563644953E-002
  6.953985802700169E-002
  6.953976774714955E-002
  6.953968187697017E-002
  6.953960237854866E-002
  6.953952703687408E-002
  6.953945608793707E-002
  6.953938921721618E-002
  6.953932651391150E-002
  6.953926856316342E-002
  6.953921402011015E-002
  6.953916208551665E-002
  6.953911478508680E-002
  6.953906970207811E-002
  6.953902869563515E-002
  6.953898912608394E-002
  6.953895256788883E-002
  6.953891856041264E-002
  6.953888598191539E-002
  6.953885621245101E-002
  6.953882784779762E-002
  6.953880134735949E-002
  6.953877491695890E-002
  6.953876597762239E-002
  6.953874637736239E-002
  6.953873127809387E-002
  6.953871753687652E-002
  6.953870602131093E-002
  6.953869837087694E-002
  6.953869328798321E-002
  6.953868699502193E-002
  6.953868078268874E-002
  6.953867528677171E-002
  6.953866898907814E-002
  6.953866378358868E-002
  6.953865749704624E-002
  6.953865010089079E-002
  6.953864329481527E-002
  6.953863663032697E-002
  6.953863006769531E-002
  6.953862339824213E-002
  6.953861747862509E-002
  6.953861241245163E-002
  6.991234975116715E-002
