  2.192398068765205E-002
  2.187948853374339E-002
  2.184269538013081E-002
  2.181193421922285E-002
  2.178647782767956E-002
  2.176527973162110E-002
  2.174770968879330E-002
  2.173326233300845E-002
  2.172134235434875E-002
  2.171148612397263E-002
  2.170331812429898E-002
  2.169653536012667E-002
  2.169088990021066E-002
  2.168618302085678E-002
  2.168225762953494E-002
  2.167898464925233E-002
  2.167625910588562E-002
  2.167399652904486E-002
  2.167212576766392E-002
  2.167058705305842E-002
  2.166933011508544E-002
  2.166831230390267E-002
  2.166749796022384E-002
  2.166685518227766E-002
  2.166635913429902E-002
  2.166598706153763E-002
  2.166572001508184E-002
  2.166554167277965E-002
  2.166543792418874E-002
  2.166539726614856E-002
  2.166540930018183E-002
  2.166546475617624E-002
  2.166555602121699E-002
  2.166567341639047E-002
  2.166581605239119E-002
  2.166597673265448E-002
  2.166615175429103E-002
  2.166633710087178E-002
  2.166653093306435E-002
  2.166673034661435E-002
  2.166693292072755E-002
  2.166713724817495E-002
  2.166734238359212E-002
  2.166754726821473E-002
  2.166775076729292E-002
  2.166795183701358E-002
  2.166814971142840E-002
  2.166834359319561E-002
  2.166853283871743E-002
  2.166871691308020E-002
  2.166889404012143E-002
  2.166906533204570E-002
  2.166923069707342E-002
  2.166939001242914E-002
  2.166954330306017E-002
  2.166969047942320E-002
  2.166983147342359E-002
  2.166996647048446E-002
  2.167009551025684E-002
  2.167021879990128E-002
  2.167033650844388E-002
  2.167044882764300E-002
  2.167055576954321E-002
  2.167065746647078E-002
  2.167075404525873E-002
  2.167084555868019E-002
  2.167093221402385E-002
  2.167101413503137E-002
  2.167109151162831E-002
  2.167116447026636E-002
  2.167123319143794E-002
  2.167129785700709E-002
  2.167135860821311E-002
  2.167141563262652E-002
  2.167146907771865E-002
  2.167151909390870E-002
  2.167156585239997E-002
  2.167160948482779E-002
  2.167165011187101E-002
  2.167168774317501E-002
  2.167172244978067E-002
  2.167175438515905E-002
  2.167178371551139E-002
  2.167181053957935E-002
  2.167183493228625E-002
  2.167185744584361E-002
  2.167187920130011E-002
  2.167190066329351E-002
  2.167192158437880E-002
  2.167194162598359E-002
  2.167196061448937E-002
  2.167197837878438E-002
  2.167199475953976E-002
  2.167200960937727E-002
  2.167202277882368E-002
  2.167203418043628E-002
  2.167204367250421E-002
  2.167205130923533E-002
  2.167205690433306E-002
  2.167209363225672E-002
