   1.33681002392821     
   1.33681613248530     
   1.33680628755243     
   1.33677658642849     
   1.33673497363709     
   1.33668451688271     
   1.33662743244634     
   1.33656565256581     
   1.33650042994400     
   1.33643346795201     
   1.33636616569254     
   1.33629930818942     
   1.33623365243029     
   1.33616979660860     
   1.33610771342005     
   1.33604784678670     
   1.33599043032919     
   1.33593564838571     
   1.33588362474649     
   1.33583438855092     
   1.33578797417549     
   1.33574439242976     
   1.33570352731834     
   1.33566553134010     
   1.33563002712635     
   1.33559704764208     
   1.33556647441379     
   1.33553815573874     
   1.33551198541058     
   1.33548785763384     
   1.33546558956931     
   1.33544510787253     
   1.33542623168545     
   1.33540925648329     
   1.33539312872601     
   1.33537825191792     
   1.33536454141017     
   1.33535199622109     
   1.33534043515571     
   1.33532973046302     
   1.33531980936554     
   1.33531061072934     
   1.33530207212826     
   1.33529413923477     
   1.33528676074681     
   1.33527990136759     
   1.33527351926008     
   1.33526758301976     
   1.33526206732866     
   1.33525694115743     
   1.33525242342056     
   1.33524814671233     
   1.33524409512013     
   1.33524025872659     
   1.33523662102773     
   1.33523317838984     
   1.33522995421504     
   1.33522690329209     
   1.33522402084016     
   1.33522128350629     
   1.33521870797691     
   1.33521626688049     
   1.33521397388336     
   1.33521180604427     
   1.33520976293662     
   1.33520784851022     
   1.33520604578261     
   1.33520435103465     
   1.33520276430501     
   1.33520127492161     
   1.33519987756392     
   1.33519857232038     
   1.33519734935581     
   1.33519620763557     
   1.33519513929555     
   1.33519414117598     
   1.33519320918921     
   1.33519234008166     
   1.33519153243831     
   1.33519081399738     
   1.33519018746460     
   1.33518963790710     
   1.33518914661365     
   1.33518869967732     
   1.33518829309031     
   1.33518791716242     
   1.33518756855317     
   1.33518724614096     
   1.33518694286409     
   1.33518666921723     
   1.33518641970976     
   1.33518618711778     
   1.33518597293812     
   1.33518576974696     
   1.33518558910426     
   1.33518542948493     
   1.33518529048117     
   1.33518516609762     
   1.33518507589094     
   1.33518207800722     
