  0.421982537080728     
  0.421658278945021     
  0.421378603521736     
  0.421135870365906     
  0.420930338107646     
  0.420757658682923     
  0.420613609757721     
  0.420494478618328     
  0.420396844416647     
  0.420317579525772     
  0.420253657531537     
  0.420202661658879     
  0.420162830457590     
  0.420132049698146     
  0.420108733645984     
  0.420091653680698     
  0.420079808731259     
  0.420072271243517     
  0.420068302261122     
  0.420067270325082     
  0.420068634343050     
  0.420071948742353     
  0.420076839945961     
  0.420083083773142     
  0.420090237332826     
  0.420098123141122     
  0.420106574617740     
  0.420115382295370     
  0.420124417610257     
  0.420133525346321     
  0.420142645687869     
  0.420151723838845     
  0.420160654442234     
  0.420169289812598     
  0.420177793295349     
  0.420186044722767     
  0.420194052311518     
  0.420201763959570     
  0.420209172815932     
  0.420216263545259     
  0.420223039706484     
  0.420229498118064     
  0.420235642334693     
  0.420241478118736     
  0.420247012490063     
  0.420252250659581     
  0.420257202037818     
  0.420261874418531     
  0.420266274712673     
  0.420270412724942     
  0.420274248962456     
  0.420277862439585     
  0.420281265368342     
  0.420284466791920     
  0.420287478438971     
  0.420290307844069     
  0.420293061854532     
  0.420295571036879     
  0.420297916802984     
  0.420300117432860     
  0.420302175460932     
  0.420304102769381     
  0.420305903644464     
  0.420307587862647     
  0.420309161090467     
  0.420310627419911     
  0.420311995094261     
  0.420313268895984     
  0.420314453524296     
  0.420315555092860     
  0.420316578324551     
  0.420317527606972     
  0.420318406774193     
  0.420319220976374     
  0.420319973522706     
  0.420320668439709     
  0.420321308806274     
  0.420321897246653     
  0.420322435740202     
  0.420323104760692     
  0.420323652668224     
  0.420324190243979     
  0.420324709729381     
  0.420325185635881     
  0.420325618034315     
  0.420326012768330     
  0.420326375934782     
  0.420326708826240     
  0.420327014655036     
  0.420327291476952     
  0.420327541312860     
  0.420327766072436     
  0.420327965883532     
  0.420328142028030     
  0.420328292229682     
  0.420328417265926     
  0.420328516129865     
  0.420328591800477     
  0.420328643855326     
  0.420327803296644     
