  0.595161161318975     
  0.595007128754469     
  0.594876294478497     
  0.594764488728473     
  0.594667856593509     
  0.594583547628303     
  0.594509269133398     
  0.594443208936386     
  0.594384748177140     
  0.594332498940050     
  0.594285443774169     
  0.594242950585708     
  0.594204907224458     
  0.594169998458310     
  0.594138341252055     
  0.594109504193549     
  0.594083263006632     
  0.594059322804092     
  0.594037477108979     
  0.594017521174590     
  0.593999288221935     
  0.593982601265088     
  0.593967389586062     
  0.593953404148826     
  0.593940640826648     
  0.593928915734712     
  0.593918183085122     
  0.593908313216056     
  0.593899232481424     
  0.593890884004588     
  0.593883189952949     
  0.593876094788576     
  0.593869548302184     
  0.593863040361907     
  0.593857416265195     
  0.593852288753633     
  0.593847442439765     
  0.593842946245081     
  0.593838771507751     
  0.593834893283415     
  0.593831285556860     
  0.593827933108641     
  0.593824819195765     
  0.593821923391422     
  0.593819225615316     
  0.593816725701088     
  0.593814398346382     
  0.593812235148514     
  0.593810224428383     
  0.593808364712075     
  0.593806643624869     
  0.593805049115262     
  0.593803563998687     
  0.593802186890339     
  0.593800908253958     
  0.593799724370340     
  0.593798645063353     
  0.593797627598381     
  0.593796693241418     
  0.593795826859824     
  0.593795029982922     
  0.593794294267642     
  0.593793615165101     
  0.593792987945552     
  0.593792408892845     
  0.593791880672635     
  0.593791393541346     
  0.593790941737745     
  0.593790530093007     
  0.593790150508096     
  0.593789801884658     
  0.593789481042877     
  0.593789186411146     
  0.593788915048684     
  0.593788663403090     
  0.593788433800597     
  0.593788219799977     
  0.593788023074134     
  0.593787826783518     
  0.593787797237914     
  0.593787661825043     
  0.593787549136972     
  0.593787445623002     
  0.593787356196357     
  0.593787282068819     
  0.593787219939590     
  0.593787160875827     
  0.593787108034752     
  0.593787063472480     
  0.593787020792795     
  0.593786984604691     
  0.593786946991436     
  0.593786905798434     
  0.593786866121370     
  0.593786825057505     
  0.593786781985441     
  0.593786735523067     
  0.593786686610330     
  0.593786633988707     
  0.593785299658110     
