   1.83793669438046     
   1.83451412283274     
   1.83090905437071     
   1.82721977041398     
   1.82349867624563     
   1.81980580022232     
   1.81619223896542     
   1.81267739096003     
   1.80927814290104     
   1.80600684611211     
   1.80287392629338     
   1.79988567229830     
   1.79704245736797     
   1.79434230445819     
   1.79178417771581     
   1.78936502232040     
   1.78708285707216     
   1.78493320815838     
   1.78291007092350     
   1.78100852115158     
   1.77922329248330     
   1.77754862576431     
   1.77597922136137     
   1.77451001099972     
   1.77313493201045     
   1.77184821085652     
   1.77064499652563     
   1.76952048954037     
   1.76846961315851     
   1.76748799288672     
   1.76657118666527     
   1.76571485695502     
   1.76491630902014     
   1.76417078896119     
   1.76347479367428     
   1.76282516718785     
   1.76221871199185     
   1.76165253821991     
   1.76112383751389     
   1.76063034819349     
   1.76016966690192     
   1.75973978901486     
   1.75933794455659     
   1.75896244839598     
   1.75861203222625     
   1.75828506599943     
   1.75798031726194     
   1.75769600521412     
   1.75743014027693     
   1.75718208265114     
   1.75695080959866     
   1.75673513087845     
   1.75653405925376     
   1.75634672921126     
   1.75617209578205     
   1.75600931089193     
   1.75585758808798     
   1.75571616837500     
   1.75558436742004     
   1.75546152065597     
   1.75534806869062     
   1.75524301660739     
   1.75514409162890     
   1.75505183578064     
   1.75496668132811     
   1.75488807563080     
   1.75481509999315     
   1.75474729940561     
   1.75468435733897     
   1.75462595306329     
   1.75457182233816     
   1.75452170002183     
   1.75447529290841     
   1.75443238283801     
   1.75439273637270     
   1.75435612601516     
   1.75432233030703     
   1.75429135856580     
   1.75426285352086     
   1.75423662772953     
   1.75421246884288     
   1.75419023278471     
   1.75416978202624     
   1.75415099534019     
   1.75413372864617     
   1.75411789444123     
   1.75410336033007     
   1.75409005214092     
   1.75407787856029     
   1.75406674788086     
   1.75405661014062     
   1.75404734532023     
   1.75403894335220     
   1.75403133952502     
   1.75402447776806     
   1.75401833010592     
   1.75401286894806     
   1.75400828256379     
   1.75400442635361     
   1.75393873204301     
