   9.53840930999434     
   9.46540305767333     
   9.39724047167286     
   9.33587412296808     
   9.28106756533995     
   9.23204732356528     
   9.18834970974038     
   9.14972924525952     
   9.11540590963138     
   9.08478771911606     
   9.05743597507186     
   9.03289709663766     
   9.01082234285621     
   8.99102375108736     
   8.97315120977703     
   8.95711429381374     
   8.94257288864670     
   8.92936849479992     
   8.91733889629330     
   8.90643611590357     
   8.89653406985544     
   8.88747748147489     
   8.87921033958070     
   8.87160166637788     
   8.86463187434843     
   8.85821744864334     
   8.85230838215221     
   8.84681756910222     
   8.84176414877121     
   8.83708386724843     
   8.83274089426084     
   8.82870569820314     
   8.82480713036122     
   8.82122770700644     
   8.81790222819942     
   8.81479607014902     
   8.81190196062101     
   8.80920671718587     
   8.80669711815175     
   8.80431100274278     
   8.80210182006830     
   8.80005744491089     
   8.79815303162167     
   8.79637132770710     
   8.79471046989127     
   8.79316263665655     
   8.79172014283183     
   8.79037536748742     
   8.78912215011989     
   8.78794948347723     
   8.78686795192442     
   8.78586581820798     
   8.78493446346027     
   8.78399027746101     
   8.78315515354418     
   8.78239276497020     
   8.78168562895710     
   8.78102850769613     
   8.78041873066781     
   8.77985291943964     
   8.77931650690744     
   8.77861148528167     
   8.77800237223476     
   8.77747467395671     
   8.77699564750886     
   8.77643392938016     
   8.77595906330043     
   8.77555027961981     
   8.77519540064562     
   8.77487881476650     
   8.77459573919448     
   8.77434189546387     
   8.77411338674920     
   8.77390716612970     
   8.77372096790485     
   8.77355283984747     
   8.77340100413942     
   8.77326345030568     
   8.77313482089421     
   8.77301593453004     
   8.77290954690845     
   8.77281408744926     
   8.77272838724679     
   8.77265129475139     
   8.77258205494896     
   8.77251996069470     
   8.77246437509642     
   8.77241448466167     
   8.77236975197376     
   8.77232958217448     
   8.77229350945225     
   8.77226103980460     
   8.77223172387551     
   8.77220509919778     
   8.77218084145297     
   8.77215842361758     
   8.77213704067556     
   8.77211525120560     
   8.77206362569743     
   5.87611930746775     
   6.24095368266037     
   6.23895406068032     
   6.23289415940601     
   6.22555759337612     
   6.21753919862057     
   6.20902133713655     
   6.20030341707398     
   6.19208472155466     
   6.18433612384942     
   6.17706156701986     
   6.17026827919752     
   6.16384519173293     
   6.15772182466743     
   6.15193193751770     
   6.14638644800069     
   6.14117711193526     
   6.13619346031384     
   6.13143128240268     
   6.12688917563231     
   6.12261751981834     
   6.11859617301024     
   6.11477808685672     
   6.11117538671626     
   6.10774081432867     
   6.10449913660765     
   6.10142453173295     
   6.09851277309001     
   6.09572867727066     
   6.09310546924930     
   6.09061664520402     
   6.08825312273986     
   6.08600847632522     
   6.08377288738763     
   6.08168909401764     
   6.07971985507521     
   6.07784812023507     
   6.07607694897908     
   6.07440488244385     
   6.07282446132052     
   6.07129716497510     
   6.06986665632325     
   6.06852796385951     
   6.06726635156200     
   6.06607206514862     
   6.06494660554651     
   6.06388675699294     
   6.06288900028299     
   6.06194956272274     
   6.06106531245840     
   6.06022927331675     
   6.05945370467274     
   6.05872882909290     
   6.05804959483986     
   6.05735599934821     
   6.05673805121894     
   6.05616935865124     
   6.05563711596755     
   6.05513889995549     
   6.05467324778112     
   6.05423793378825     
   6.05382200735990     
   6.05328231589578     
   6.05281327743494     
   6.05240429306411     
   6.05203204275635     
   6.05159779466267     
   6.05122984478939     
   6.05091066959676     
   6.05063170197023     
   6.05038087116988     
   6.05015500360542     
   6.04995086603164     
   6.04976543170063     
   6.04959631505413     
   6.04944181550409     
   6.04930056288834     
   6.04917134514770     
   6.04905278399708     
   6.04894099284562     
   6.04883684247242     
   6.04874236678812     
   6.04865645064214     
   6.04857830131537     
   6.04850708179757     
   6.04844225254347     
   6.04838330697846     
   6.04832979235999     
   6.04828110165290     
   6.04823684718369     
   6.04819658397884     
   6.04815996172353     
   6.04812661795649     
   6.04809622788617     
   6.04806846469078     
   6.04804312858719     
   6.04801990378021     
   6.04799831097589     
   6.04797753545476     
   6.04793706375993     
   52.5028293404889     
                     NaN
                     NaN
                     NaN
                     NaN
                     NaN
                     NaN
                     NaN
                     NaN
                     NaN
                     NaN
                     NaN
                     NaN
                     NaN
                     NaN
                     NaN
                     NaN
                     NaN
                     NaN
                     NaN
                     NaN
                     NaN
                     NaN
                     NaN
                     NaN
                     NaN
                     NaN
                     NaN
                     NaN
                     NaN
                     NaN
                     NaN
                     NaN
                     NaN
                     NaN
                     NaN
                     NaN
                     NaN
                     NaN
                     NaN
                     NaN
                     NaN
                     NaN
                     NaN
                     NaN
                     NaN
                     NaN
                     NaN
                     NaN
                     NaN
                     NaN
                     NaN
                     NaN
                     NaN
                     NaN
                     NaN
                     NaN
                     NaN
                     NaN
                     NaN
                     NaN
                     NaN
                     NaN
                     NaN
                     NaN
                     NaN
                     NaN
                     NaN
                     NaN
                     NaN
                     NaN
                     NaN
                     NaN
                     NaN
                     NaN
                     NaN
                     NaN
                     NaN
                     NaN
                     NaN
                     NaN
                     NaN
                     NaN
                     NaN
                     NaN
                     NaN
                     NaN
                     NaN
                     NaN
                     NaN
                     NaN
                     NaN
                     NaN
                     NaN
                     NaN
                     NaN
                     NaN
                     NaN
                     NaN
                     NaN
   199.864209557866     
   47.6071732579847     
   47.1439882964210     
   46.6488329285720     
   46.1640486338714     
   45.7151011211661     
   45.3056377771316     
   44.9385597326975     
   44.6155002337500     
   44.3329002957319     
   44.0879543293748     
   43.8762309206789     
   43.6923777129005     
   43.5319596920737     
   43.3913642853760     
   43.2679111488228     
   43.1593567927663     
   43.0637926241355     
   42.9795624005581     
   42.9051321636005     
   42.8392186405381     
   42.7807747112195     
   42.7288446980812     
   42.6824975044520     
   42.6410875891574     
   42.6040449353381     
   42.5708139554242     
   42.5409456544096     
   42.5140592534589     
   42.4897896658430     
   42.4678448806346     
   42.4479792728748     
   42.4299686892874     
   42.4136233273863     
   42.3987404960246     
   42.3851786165374     
   42.3727957469764     
   42.3614595181146     
   42.3508306513028     
   42.3412964498309     
   42.3325249500656     
   42.3244689773495     
   42.3170611088581     
   42.3102286127673     
   42.3039305080930     
   42.2981274173986     
   42.2927878786933     
   42.2878601881478     
   42.2833157758266     
   42.2791240276029     
   42.2752587911846     
   42.2717251258764     
   42.2684680274411     
   42.2654692509749     
   42.2627049166608     
   42.2601524687690     
   42.2578014502083     
   42.2556377844144     
   42.2536469994467     
   42.2518088328425     
   42.2501163529815     
   42.2485572067841     
   42.2471431431156     
   42.2458401930821     
   42.2446522961259     
   42.2436689410186     
   42.2426554994446     
   42.2416767137445     
   42.2407413998391     
   42.2398525428548     
   42.2390233275893     
   42.2382291665587     
   42.2374853116863     
   42.2368022296583     
   42.2361821963394     
   42.2356247555403     
   42.2351279728016     
   42.2346883853645     
   42.2343015394788     
   42.2339620116060     
   42.2336664234804     
   42.2334097402374     
   42.2331869429667     
   42.2329931183145     
   42.2328232249336     
   42.2326749017342     
   42.2325460329421     
   42.2324346637132     
   42.2323390288931     
   42.2322573326027     
   42.2321882117492     
   42.2321300369347     
   42.2320815074549     
   42.2320413366068     
   42.2320086015709     
   42.2319825995556     
   42.2319624110948     
   42.2319478392296     
   42.2319360481164     
   42.2319121197477     
   524.585677635960     
