  0.388139423652400     
  0.387630577076042     
  0.387149686602600     
  0.386696318026060     
  0.386264179167523     
  0.385849054235716     
  0.385458962410863     
  0.385096149803784     
  0.384752733627156     
  0.384427146813199     
  0.384122240225958     
  0.383834644438446     
  0.383565122959487     
  0.383312569439693     
  0.383075383511629     
  0.382854110278895     
  0.382646411828079     
  0.382452033074884     
  0.382271501088780     
  0.382102805040271     
  0.381945213055106     
  0.381798581094336     
  0.381661709517064     
  0.381534027769529     
  0.381415630300310     
  0.381305921260861     
  0.381203699140365     
  0.381108736007628     
  0.381020586481872     
  0.380938698492783     
  0.380862726837124     
  0.380792236513046     
  0.380726396668542     
  0.380665628473225     
  0.380609249718589     
  0.380556907550737     
  0.380508336985484     
  0.380463300500278     
  0.380421513190331     
  0.380382532752555     
  0.380346360231435     
  0.380312636899679     
  0.380281868634535     
  0.380253090398066     
  0.380225938878803     
  0.380200636444680     
  0.380176832438885     
  0.380154895757380     
  0.380134919460133     
  0.380115776964876     
  0.380098141438870     
  0.380081674508769     
  0.380066299287366     
  0.380051925773706     
  0.380038534345578     
  0.380026030607745     
  0.380014356628468     
  0.380003453523635     
  0.379993266495408     
  0.379983759582289     
  0.379974143042201     
  0.379965838983739     
  0.379959140876754     
  0.379952439426779     
  0.379944816574254     
  0.379938627851888     
  0.379932961581814     
  0.379927715129971     
  0.379922825402200     
  0.379918273192998     
  0.379914031326569     
  0.379910085790528     
  0.379906410450498     
  0.379902986831652     
  0.379899798099163     
  0.379896832463861     
  0.379894072565151     
  0.379891385863725     
  0.379889013122078     
  0.379886815514100     
  0.379884779421212     
  0.379882893330881     
  0.379881146672061     
  0.379879521191434     
  0.379878014985172     
  0.379876618282686     
  0.379875325942612     
  0.379874128532837     
  0.379873020032863     
  0.379871996064801     
  0.379871045495733     
  0.379870169594395     
  0.379869356048048     
  0.379868603662306     
  0.379867908228084     
  0.379867261004033     
  0.379866667398786     
  0.379866038614930     
  0.379865611775194     
  0.379859690403212     
