 -3.250405467436706E-003
 -3.025787442173237E-003
 -2.805373234237597E-003
 -2.592293455628006E-003
 -2.376704271513474E-003
 -2.161650456940415E-003
 -1.972647599199677E-003
 -1.780316938187023E-003
 -1.587245813019849E-003
 -1.400556452012755E-003
 -1.221363090084919E-003
 -1.048115648623620E-003
 -8.711310056048295E-004
 -6.988509606686039E-004
 -5.296216598579693E-004
 -3.578454510687230E-004
 -1.817957603073906E-004
 -1.228364371774537E-005
  1.561392006597744E-004
  3.374918503103128E-004
  5.061744959588398E-004
  6.575030250645124E-004
  8.091453992112974E-004
  9.559582977912472E-004
  1.102780053492111E-003
  1.245778168249103E-003
  1.381032234064901E-003
  1.514783786674007E-003
  1.643511557785979E-003
  1.769425744200338E-003
  1.898822615721102E-003
  2.030695705197075E-003
  2.167861248744035E-003
  2.304861549545472E-003
  2.444915187545754E-003
  2.585108479889696E-003
  2.726040283569049E-003
  2.868310575500668E-003
  3.015691319052233E-003
  3.171734230030397E-003
  3.331790499236274E-003
  3.486998963007371E-003
  3.634676273412443E-003
  3.779606508356527E-003
  3.923974019625029E-003
  4.067253717458278E-003
  4.209140265642059E-003
  4.348383315476614E-003
  4.485193498185244E-003
  4.612263699629296E-003
  4.757151133129320E-003
  4.872472560878186E-003
