 -7.154550697386360E-007
  1.274164697894667E-004
  2.553185767630180E-004
  3.692187553875990E-004
  4.777354933769091E-004
  5.847651577388017E-004
  6.612420902906248E-004
  7.397809065920013E-004
  8.209441273209835E-004
  8.969680088064447E-004
  9.647756276629738E-004
  1.024533114484169E-003
  1.076111101422171E-003
  1.122502016672108E-003
  1.163873914534864E-003
  1.204471968349702E-003
  1.250555578398000E-003
  1.292947743545656E-003
  1.338322612978606E-003
  1.390773335954029E-003
  1.414588389532213E-003
  1.417100202271704E-003
  1.412087166178354E-003
  1.406656433386702E-003
  1.398652380009462E-003
  1.378114726019229E-003
  1.351469848858055E-003
  1.318684593605224E-003
  1.281016914078928E-003
  1.239922752420567E-003
  1.196233841801429E-003
  1.156179944742644E-003
  1.123674491407021E-003
  1.089852047329553E-003
  1.060129874518015E-003
  1.034992681307398E-003
  1.014513073861997E-003
  1.000031005276339E-003
  1.001659390050594E-003
  1.023207568762375E-003
  1.056614267980948E-003
  1.078592642479839E-003
  1.090386483411617E-003
  1.099222507794577E-003
  1.109560349295433E-003
  1.120942512990897E-003
  1.135333920973067E-003
  1.151340974667445E-003
  1.168203350104422E-003
  1.195318974708085E-003
  1.228507141630028E-003
  1.254197065768416E-003
