  3.260287267928056E-003
  3.162773793188568E-003
  3.069302349660134E-003
  2.969209272781827E-003
  2.861240086425617E-003
  2.752365266314813E-003
  2.639095695277649E-003
  2.524592419425346E-003
  2.412018406457409E-003
  2.300746786575586E-003
  2.188812051999338E-003
  2.074823418000325E-003
  1.948939888992362E-003
  1.822626721776166E-003
  1.694392961605610E-003
  1.562876687731711E-003
  1.432611781453426E-003
  1.305247420457678E-003
  1.181998855962281E-003
  1.052926131655303E-003
  9.079543102580249E-004
  7.590980679312058E-004
  6.024542938469555E-004
  4.502676984528917E-004
  2.955464038383158E-004
  1.321719009015267E-004
 -2.952161490505994E-005
 -1.958025944732857E-004
 -3.618998571091316E-004
 -5.285677304299946E-004
 -7.012572108682393E-004
 -8.727434840097140E-004
 -1.041928001997501E-003
 -1.212215513289575E-003
 -1.381407887902411E-003
 -1.546118913468173E-003
 -1.706874201873760E-003
 -1.862936090933224E-003
 -2.007976491726677E-003
 -2.141733651334476E-003
 -2.267620993174399E-003
 -2.400037392628258E-003
 -2.535075610826847E-003
 -2.670291349996296E-003
 -2.803413149962867E-003
 -2.934376351343956E-003
 -3.060922492555567E-003
 -3.183200564584315E-003
 -3.302179235245059E-003
 -3.401257229667712E-003
 -3.511937175584980E-003
 -3.600731031957454E-003
