  0.792531942152800     
  0.791776783102240     
  0.791157007746164     
  0.790628220831674     
  0.790186746775268     
  0.789825631038092     
  0.789519883918389     
  0.789254570702463     
  0.789028706035428     
  0.788837079002070     
  0.788671730931832     
  0.788528812574907     
  0.788404324867781     
  0.788296037894423     
  0.788202231924709     
  0.788120639605604     
  0.788049675582294     
  0.787987733541741     
  0.787933447094648     
  0.787885824286510     
  0.787844160142196     
  0.787807522834452     
  0.787775386760474     
  0.787747205949157     
  0.787722344618240     
  0.787700359044504     
  0.787681019135408     
  0.787664065250645     
  0.787649088992409     
  0.787635938163968     
  0.787624317357317     
  0.787613954461777     
  0.787605100726382     
  0.787597100249321     
  0.787590005346407     
  0.787583769457967     
  0.787578239723830     
  0.787573369334379     
  0.787569064780130     
  0.787565278021223     
  0.787561961521549     
  0.787559096279895     
  0.787556454641167     
  0.787554242544047     
  0.787552323434567     
  0.787550686559244     
  0.787549272507004     
  0.787547940851014     
  0.787546686987645     
  0.787545678688524     
  0.787544911884566     
  0.787544240241224     
  0.787543632433909     
  0.787543096747503     
  0.787542588367090     
  0.787542121496140     
  0.787541698319594     
  0.787541306884682     
  0.787540943567880     
  0.787540587914580     
  0.787540626215864     
  0.787540349542777     
  0.787539919439308     
  0.787539586286217     
  0.787539697942235     
  0.787539761658584     
  0.787539727648915     
  0.787539690751390     
  0.787539685927510     
  0.787539713627868     
  0.787539765890291     
  0.787539841531028     
  0.787539931800147     
  0.787540031246185     
  0.787540137108933     
  0.787540244936443     
  0.787540352835565     
  0.787540480039843     
  0.787540603363032     
  0.787540703732824     
  0.787540797550301     
  0.787540882867848     
  0.787540961641575     
  0.787541036240297     
  0.787541105113445     
  0.787541170215172     
  0.787541230055685     
  0.787541286224998     
  0.787541338387720     
  0.787541385612498     
  0.787541431604356     
  0.787541473645297     
  0.787541517013369     
  0.787541562326102     
  0.787541611573840     
  0.787541669563723     
  0.787541742405966     
  0.787541878697130     
  0.787541987535204     
  0.787541055860737     
