  0.474640153446187     
  0.469908366904842     
  0.466330837454305     
  0.463521576637510     
  0.461280373775098     
  0.459487179549062     
  0.458054337362431     
  0.456854259790683     
  0.455834077347595     
  0.454946578771421     
  0.454168192354838     
  0.453488482568885     
  0.452899185363780     
  0.452391435093135     
  0.451953050781347     
  0.451575465740569     
  0.451248386014556     
  0.450965114944765     
  0.450719142869988     
  0.450505585086295     
  0.450320680931364     
  0.450159645104395     
  0.450020603552827     
  0.449899964589146     
  0.449795633780041     
  0.449705288359636     
  0.449627253964347     
  0.449558993454187     
  0.449500568852971     
  0.449450265492199     
  0.449406976533840     
  0.449369766852198     
  0.449335313397479     
  0.449306593130702     
  0.449281919470256     
  0.449260748862394     
  0.449242676965612     
  0.449227969198685     
  0.449215024734567     
  0.449203927241083     
  0.449194728301775     
  0.449187217512763     
  0.449181107589719     
  0.449176131433646     
  0.449172204289980     
  0.449169167294892     
  0.449166927096636     
  0.449165373050358     
  0.449164435565824     
  0.449163883555242     
  0.449163808672431     
  0.449164150296112     
  0.449164756324792     
  0.449164885731727     
  0.449165582847115     
  0.449166499017255     
  0.449167534133561     
  0.449168634091715     
  0.449169830256970     
  0.449171095093501     
  0.449172351945261     
  0.449171199696665     
  0.449170482444214     
  0.449170070600415     
  0.449169046815533     
  0.449167114356733     
  0.449165912389903     
  0.449165352129720     
  0.449165126537107     
  0.449165134654343     
  0.449165465216329     
  0.449166039607117     
  0.449166781523369     
  0.449167641903782     
  0.449168583193566     
  0.449169572221213     
  0.449170580726054     
  0.449171584114958     
  0.449172513513225     
  0.449173374872761     
  0.449174214118044     
  0.449175019335528     
  0.449175790501132     
  0.449176531195240     
  0.449177241279927     
  0.449177920812210     
  0.449178568335361     
  0.449179180051179     
  0.449179755266332     
  0.449180290943199     
  0.449180787378747     
  0.449181243107115     
  0.449181656212994     
  0.449182021628739     
  0.449182334817057     
  0.449182583720059     
  0.449182744993694     
  0.449182782932256     
  0.449182438095139     
  7.095097451600333E-007
