  0.525359846553812     
  0.530091633095158     
  0.533669162545695     
  0.536478423362490     
  0.538719626224902     
  0.540512820450939     
  0.541945662637569     
  0.543145740209317     
  0.544165922652405     
  0.545053421228579     
  0.545831807645161     
  0.546511517431115     
  0.547100814636220     
  0.547608564906865     
  0.548046949218653     
  0.548424534259430     
  0.548751613985444     
  0.549034885055235     
  0.549280857130012     
  0.549494414913706     
  0.549679319068636     
  0.549840354895605     
  0.549979396447174     
  0.550100035410854     
  0.550204366219959     
  0.550294711640364     
  0.550372746035652     
  0.550441006545813     
  0.550499431147029     
  0.550549734507801     
  0.550593023466160     
  0.550630233147802     
  0.550664686602521     
  0.550693406869299     
  0.550718080529745     
  0.550739251137606     
  0.550757323034388     
  0.550772030801316     
  0.550784975265432     
  0.550796072758918     
  0.550805271698225     
  0.550812782487236     
  0.550818892410279     
  0.550823868566354     
  0.550827795710019     
  0.550830832705108     
  0.550833072903363     
  0.550834626949643     
  0.550835564434176     
  0.550836116444759     
  0.550836191327568     
  0.550835849703888     
  0.550835243675208     
  0.550835114268273     
  0.550834417152885     
  0.550833500982745     
  0.550832465866439     
  0.550831365908285     
  0.550830169743031     
  0.550828904906499     
  0.550827648054740     
  0.550828800303335     
  0.550829517555786     
  0.550829929399584     
  0.550830953184467     
  0.550832885643267     
  0.550834087610097     
  0.550834647870280     
  0.550834873462894     
  0.550834865345656     
  0.550834534783671     
  0.550833960392883     
  0.550833218476632     
  0.550832358096217     
  0.550831416806433     
  0.550830427778787     
  0.550829419273945     
  0.550828415885043     
  0.550827486486775     
  0.550826625127240     
  0.550825785881956     
  0.550824980664472     
  0.550824209498868     
  0.550823468804760     
  0.550822758720074     
  0.550822079187790     
  0.550821431664639     
  0.550820819948821     
  0.550820244733668     
  0.550819709056801     
  0.550819212621253     
  0.550818756892885     
  0.550818343787006     
  0.550817978371261     
  0.550817665182943     
  0.550817416279940     
  0.550817255006306     
  0.550817217067743     
  0.550817561904862     
  0.237234267427208     
