   8.22444714554523     
   8.20709673955753     
   8.19143019300993     
   8.17732798986981     
   8.16329365586124     
   8.14905841717925     
   8.13514247988446     
   8.12215303052223     
   8.10962042344454     
   8.09744319481333     
   8.08573260849961     
   8.07449649299576     
   8.06376018116235     
   8.05349770036588     
   8.04370163301553     
   8.03435165673457     
   8.02550595293365     
   8.01714719292877     
   8.00926613995089     
   8.00184697675734     
   7.99485640213260     
   7.98830691863687     
   7.98216024528745     
   7.97641918461080     
   7.97105611168735     
   7.96605331305496     
   7.96138688912309     
   7.95704990081776     
   7.95300639949045     
   7.94924377074951     
   7.94574774877292     
   7.94250373490919     
   7.93952202369205     
   7.93674792542044     
   7.93417336997023     
   7.93178233664997     
   7.92956375751857     
   7.92751140064465     
   7.92559900525961     
   7.92382518246628     
   7.92217581091910     
   7.92064057916628     
   7.91921418619894     
   7.91788503197150     
   7.91664830526191     
   7.91549838658098     
   7.91442879424336     
   7.91343314204391     
   7.91250311680556     
   7.91162874371019     
   7.91084977089991     
   7.91012218115510     
   7.90944496069707     
   7.90882244114363     
   7.90823683414641     
   7.90768839738699     
   7.90717654747162     
   7.90669757914554     
   7.90624933686843     
   7.90582933792587     
   7.90542143624263     
   7.90507962513787     
   7.90476093580438     
   7.90446880473866     
   7.90418105316503     
   7.90391477096413     
   7.90368275090276     
   7.90346669302918     
   7.90326434832182     
   7.90307153595894     
   7.90289008816764     
   7.90272062396797     
   7.90256170593013     
   7.90241208930902     
   7.90227140110982     
   7.90213933034328     
   7.90201541201660     
   7.90189871240657     
   7.90178970471120     
   7.90168922011121     
   7.90159587663133     
   7.90150894931892     
   7.90142809161601     
   7.90135248569154     
   7.90128192853221     
   7.90121626833355     
   7.90115535957688     
   7.90109880809762     
   7.90104643700074     
   7.90099793709457     
   7.90095303415305     
   7.90091161411511     
   7.90087349059219     
   7.90083848564232     
   7.90080659106144     
   7.90077767248357     
   7.90075136778261     
   7.90072681065557     
   7.90071692533600     
   7.90028497331644     
