  0.819380525092139     
  0.819811170522295     
  0.820369175293499     
  0.820973716907458     
  0.821569394523000     
  0.822134162656851     
  0.822660660778893     
  0.823144556489396     
  0.823583153101051     
  0.823975669637141     
  0.824325695522978     
  0.824636741839067     
  0.824912123435727     
  0.825154714312988     
  0.825367650295953     
  0.825554046079409     
  0.825717404177217     
  0.825860501782453     
  0.825985941197321     
  0.826095872498523     
  0.826192109994305     
  0.826276596565563     
  0.826350746430016     
  0.826416035792700     
  0.826473471759408     
  0.826524071874891     
  0.826568706167469     
  0.826608193770960     
  0.826643069818142     
  0.826673932874791     
  0.826701279516273     
  0.826725557016690     
  0.826747322885986     
  0.826766634637970     
  0.826783817765635     
  0.826799110808778     
  0.826812763668890     
  0.826825262298351     
  0.826836159121158     
  0.826845928452208     
  0.826854649725326     
  0.826862445794497     
  0.826869423781029     
  0.826875644863491     
  0.826881197355779     
  0.826886156035356     
  0.826890579057637     
  0.826894508399148     
  0.826897971914811     
  0.826900962137278     
  0.826903922072180     
  0.826906529335348     
  0.826908838112689     
  0.826910935064230     
  0.826912751754747     
  0.826914324544435     
  0.826915691425033     
  0.826916862022471     
  0.826917866387591     
  0.826918710075936     
  0.826919333102001     
  0.826920028476110     
  0.826920634057852     
  0.826921176428507     
  0.826921533497526     
  0.826921755757266     
  0.826922155958792     
  0.826922558795689     
  0.826922937695160     
  0.826923246272235     
  0.826923539490716     
  0.826923813964029     
  0.826924050775440     
  0.826924235087724     
  0.826924363330226     
  0.826924436937064     
  0.826924458684361     
  0.826924433324000     
  0.826924358346754     
  0.826924258404037     
  0.826924133611363     
  0.826923985758835     
  0.826923821056304     
  0.826923641450322     
  0.826923451017034     
  0.826923254147889     
  0.826923054496434     
  0.826922852776217     
  0.826922651660954     
  0.826922451729816     
  0.826922254432448     
  0.826922061937572     
  0.826921875881265     
  0.826921697279916     
  0.826921529292484     
  0.826921374161485     
  0.826921231866517     
  0.826921106862060     
  0.826921111180810     
  0.826918364549150     
