  0.752551422368753     
  0.751987967436239     
  0.751647096196463     
  0.751450637218489     
  0.751339889448174     
  0.751288985644104     
  0.751281767801101     
  0.751311577455387     
  0.751362478108679     
  0.751425043479118     
  0.751495280160148     
  0.751570569255389     
  0.751649055748832     
  0.751729160032097     
  0.751809272451623     
  0.751888294968066     
  0.751965665396135     
  0.752040707454161     
  0.752113406072195     
  0.752183485496813     
  0.752250626921453     
  0.752314984003448     
  0.752376414670803     
  0.752435174627869     
  0.752491090830711     
  0.752544239209201     
  0.752594729873427     
  0.752642723151065     
  0.752688153537021     
  0.752731169529083     
  0.752771855094678     
  0.752810384055779     
  0.752846915985106     
  0.752881312040329     
  0.752913734464375     
  0.752944232245582     
  0.752972957903373     
  0.753000188721617     
  0.753025612664340     
  0.753049471193138     
  0.753071840999703     
  0.753092843056593     
  0.753112509610842     
  0.753130931724954     
  0.753148151250122     
  0.753164305760602     
  0.753179327014038     
  0.753193232394086     
  0.753206149536242     
  0.753217944025823     
  0.753230286321213     
  0.753241758647550     
  0.753252447307289     
  0.753262335762571     
  0.753271455201816     
  0.753279847859295     
  0.753287570370853     
  0.753294654062610     
  0.753301163695512     
  0.753307096674074     
  0.753312766219493     
  0.753317022836793     
  0.753321244147874     
  0.753325282070643     
  0.753329987499058     
  0.753332308935567     
  0.753335344931870     
  0.753338398354321     
  0.753341297945462     
  0.753343868683602     
  0.753346243795763     
  0.753348468078018     
  0.753350512834797     
  0.753352348527331     
  0.753353991279945     
  0.753355457502177     
  0.753356762733489     
  0.753357965250996     
  0.753358888417582     
  0.753359715933447     
  0.753360472847152     
  0.753361143754351     
  0.753361739135933     
  0.753362254005599     
  0.753362696240919     
  0.753363079661860     
  0.753363416736838     
  0.753363706054769     
  0.753363955404557     
  0.753364163902802     
  0.753364335812266     
  0.753364480816175     
  0.753364600319019     
  0.753364694201039     
  0.753364773825414     
  0.753364840811924     
  0.753364879343895     
  0.753364924344430     
  0.753365058033506     
  0.753364267995108     
