  2.042580957099316E-002
  2.053969112553202E-002
  2.064282807870868E-002
  2.073593494524413E-002
  2.082884987177250E-002
  2.092335445270583E-002
  2.101600193165941E-002
  2.110272186022507E-002
  2.118660813025504E-002
  2.126832691151201E-002
  2.134711154186536E-002
  2.142289026091072E-002
  2.149547116561524E-002
  2.156500291383606E-002
  2.163151842489415E-002
  2.169513377924559E-002
  2.175544302283437E-002
  2.181253689247714E-002
  2.186646449505263E-002
  2.191731754027379E-002
  2.196530760352406E-002
  2.201033813514156E-002
  2.205266123039423E-002
  2.209223829031691E-002
  2.212925685690232E-002
  2.216383212097775E-002
  2.219611576468442E-002
  2.222615095009782E-002
  2.225417886665342E-002
  2.228028117535331E-002
  2.230455344791548E-002
  2.232708886760679E-002
  2.234781874728770E-002
  2.236711651273228E-002
  2.238503494925551E-002
  2.240168471964335E-002
  2.241713986694533E-002
  2.243144745552099E-002
  2.244477738682100E-002
  2.245714851405163E-002
  2.246865431036455E-002
  2.247936289453358E-002
  2.248931851046835E-002
  2.249859737286167E-002
  2.250723329359809E-002
  2.251526001383540E-002
  2.252273063437051E-002
  2.252969288600433E-002
  2.253620090765457E-002
  2.254233249691899E-002
  2.254772071558211E-002
  2.255275210087289E-002
  2.255743233533904E-002
  2.256174016829630E-002
  2.256579293159574E-002
  2.256959032410697E-002
  2.257313564811259E-002
  2.257645624672928E-002
  2.257956595059939E-002
  2.258248429876149E-002
  2.258529582275891E-002
  2.258773096503380E-002
  2.258998512120263E-002
  2.259204250896389E-002
  2.259398536306077E-002
  2.259592338275510E-002
  2.259756668997785E-002
  2.259908096180806E-002
  2.260049555679490E-002
  2.260184911569917E-002
  2.260312402353019E-002
  2.260431360387631E-002
  2.260542964170933E-002
  2.260648272026527E-002
  2.260747484799765E-002
  2.260840771626227E-002
  2.260928417566762E-002
  2.261010648266261E-002
  2.261088503979379E-002
  2.261160304814321E-002
  2.261226869778594E-002
  2.261288851245663E-002
  2.261346485686273E-002
  2.261400418061302E-002
  2.261450802642226E-002
  2.261497696137574E-002
  2.261541175296357E-002
  2.261581546733304E-002
  2.261618921792032E-002
  2.261653553206092E-002
  2.261685621562097E-002
  2.261715193098596E-002
  2.261742393028075E-002
  2.261767370692588E-002
  2.261790082975512E-002
  2.261810625027539E-002
  2.261829354044995E-002
  2.261846566548264E-002
  2.261853512824296E-002
  2.262154132830673E-002
