  0.147898938459736     
  0.148011370090847     
  0.148242146749427     
  0.148478871252052     
  0.148694960451767     
  0.148879223074816     
  0.149039886423431     
  0.149178252966891     
  0.149307638059378     
  0.149426319628266     
  0.149536391390949     
  0.149639236899155     
  0.149736630933221     
  0.149829366714520     
  0.149916193039937     
  0.149998959056584     
  0.150075571690887     
  0.150148981051373     
  0.150218682261837     
  0.150285727158110     
  0.150348914907504     
  0.150408354023566     
  0.150465379391684     
  0.150519404626942     
  0.150571607608975     
  0.150621146253604     
  0.150668514600633     
  0.150713715872492     
  0.150757723714617     
  0.150799279181063     
  0.150838995239406     
  0.150876976646059     
  0.150913234561699     
  0.150950661095559     
  0.150985363211672     
  0.151018224517137     
  0.151049535090434     
  0.151079199551390     
  0.151107294482609     
  0.151133698116730     
  0.151159424941520     
  0.151183350986788     
  0.151205556773248     
  0.151226380870613     
  0.151246009371048     
  0.151264386385209     
  0.151281575598311     
  0.151297641394555     
  0.151312640883039     
  0.151326605702378     
  0.151339566622073     
  0.151351679015434     
  0.151362807426802     
  0.151373074325051     
  0.151383991749139     
  0.151393292588407     
  0.151401597435082     
  0.151409175518518     
  0.151416139603064     
  0.151422522010482     
  0.151428360710396     
  0.151433839387941     
  0.151442672567075     
  0.151450032399889     
  0.151456164969756     
  0.151461599964329     
  0.151468605272709     
  0.151474389318165     
  0.151479150277606     
  0.151483144068795     
  0.151486580786642     
  0.151489561042038     
  0.151492165305425     
  0.151494449409458     
  0.151496454680378     
  0.151498215096036     
  0.151499758771622     
  0.151501110198586     
  0.151502298778954     
  0.151503410440425     
  0.151504437970395     
  0.151505320584509     
  0.151506077303190     
  0.151506725144177     
  0.151507276810221     
  0.151507742255434     
  0.151508131239897     
  0.151508453124668     
  0.151508718117250     
  0.151508933639230     
  0.151509107051781     
  0.151509243591225     
  0.151509350433306     
  0.151509433231404     
  0.151509497874356     
  0.151509549310996     
  0.151509596965555     
  0.151509655263528     
  0.151509776654344     
  1.143479479307461E-002
  0.919064154913228     
  0.920295165212595     
  0.921129982684218     
  0.921710299279827     
  0.922126709943995     
  0.922441316812624     
  0.922681530848308     
  0.922869639765998     
  0.923028889895879     
  0.923170889172550     
  0.923304927035743     
  0.923433208681865     
  0.923553769538544     
  0.923664813534982     
  0.923764485315514     
  0.923854228347062     
  0.923933943638244     
  0.924005988060750     
  0.924071023906620     
  0.924130143908696     
  0.924183206054121     
  0.924230903828941     
  0.924274259620050     
  0.924313154883220     
  0.924348604475580     
  0.924380567393784     
  0.924409503508321     
  0.924435728220972     
  0.924459944084477     
  0.924481694426250     
  0.924501458186906     
  0.924519472554267     
  0.924535910345516     
  0.924552313518355     
  0.924566844069354     
  0.924580055488564     
  0.924592169727530     
  0.924603187879036     
  0.924612733139145     
  0.924621782803647     
  0.924630365033043     
  0.924638034002484     
  0.924644852480228     
  0.924650974360293     
  0.924656544477660     
  0.924661567492914     
  0.924666113532663     
  0.924670196901784     
  0.924673868867308     
  0.924677153098569     
  0.924680113296609     
  0.924682809894499     
  0.924685184643063     
  0.924687308769516     
  0.924689913141008     
  0.924691877773960     
  0.924693510769191     
  0.924694939868303     
  0.924696216482472     
  0.924697334039079     
  0.924698308880426     
  0.924699250896077     
  0.924701993412606     
  0.924704122254411     
  0.924705773445782     
  0.924707440856088     
  0.924709751698167     
  0.924711431291157     
  0.924712621859438     
  0.924713447770282     
  0.924714058072095     
  0.924714453107810     
  0.924714700977782     
  0.924714853530163     
  0.924714938350842     
  0.924714973674593     
  0.924714974390013     
  0.924714951378137     
  0.924714915152157     
  0.924714904708073     
  0.924714911528189     
  0.924714901277482     
  0.924714878377209     
  0.924714844715898     
  0.924714800017910     
  0.924714746498543     
  0.924714686321987     
  0.924714621585328     
  0.924714555552242     
  0.924714489448409     
  0.924714425530314     
  0.924714364333566     
  0.924714307692108     
  0.924714257086037     
  0.924714215392012     
  0.924714185678910     
  0.924714175010634     
  0.924714193932075     
  0.924714254593691     
  3.536905763111509E-004
  0.000000000000000E+000
  0.000000000000000E+000
  0.000000000000000E+000
  0.000000000000000E+000
  0.000000000000000E+000
  0.000000000000000E+000
  0.000000000000000E+000
  0.000000000000000E+000
  0.000000000000000E+000
  0.000000000000000E+000
  0.000000000000000E+000
  0.000000000000000E+000
  0.000000000000000E+000
  0.000000000000000E+000
  0.000000000000000E+000
  0.000000000000000E+000
  0.000000000000000E+000
  0.000000000000000E+000
  0.000000000000000E+000
  0.000000000000000E+000
  0.000000000000000E+000
  0.000000000000000E+000
  0.000000000000000E+000
  0.000000000000000E+000
  0.000000000000000E+000
  0.000000000000000E+000
  0.000000000000000E+000
  0.000000000000000E+000
  0.000000000000000E+000
  0.000000000000000E+000
  0.000000000000000E+000
  0.000000000000000E+000
  0.000000000000000E+000
  0.000000000000000E+000
  0.000000000000000E+000
  0.000000000000000E+000
  0.000000000000000E+000
  0.000000000000000E+000
  0.000000000000000E+000
  0.000000000000000E+000
  0.000000000000000E+000
  0.000000000000000E+000
  0.000000000000000E+000
  0.000000000000000E+000
  0.000000000000000E+000
  0.000000000000000E+000
  0.000000000000000E+000
  0.000000000000000E+000
  0.000000000000000E+000
  0.000000000000000E+000
  0.000000000000000E+000
  0.000000000000000E+000
  0.000000000000000E+000
  0.000000000000000E+000
  0.000000000000000E+000
  0.000000000000000E+000
  0.000000000000000E+000
  0.000000000000000E+000
  0.000000000000000E+000
  0.000000000000000E+000
  0.000000000000000E+000
  0.000000000000000E+000
  0.000000000000000E+000
  0.000000000000000E+000
  0.000000000000000E+000
  0.000000000000000E+000
  0.000000000000000E+000
  0.000000000000000E+000
  0.000000000000000E+000
  0.000000000000000E+000
  0.000000000000000E+000
  0.000000000000000E+000
  0.000000000000000E+000
  0.000000000000000E+000
  0.000000000000000E+000
  0.000000000000000E+000
  0.000000000000000E+000
  0.000000000000000E+000
  0.000000000000000E+000
  0.000000000000000E+000
  0.000000000000000E+000
  0.000000000000000E+000
  0.000000000000000E+000
  0.000000000000000E+000
  0.000000000000000E+000
  0.000000000000000E+000
  0.000000000000000E+000
  0.000000000000000E+000
  0.000000000000000E+000
  0.000000000000000E+000
  0.000000000000000E+000
  0.000000000000000E+000
  0.000000000000000E+000
  0.000000000000000E+000
  0.000000000000000E+000
  0.000000000000000E+000
  0.000000000000000E+000
  0.000000000000000E+000
  0.000000000000000E+000
  9.371935710919413E-006
  8.093584508677244E-002
  7.970483478740545E-002
  7.887001731578296E-002
  7.828970072017270E-002
  7.787329005600512E-002
  7.755868318737667E-002
  7.731846915169205E-002
  7.713036023400256E-002
  7.697111010412096E-002
  7.682911082745016E-002
  7.669507296425765E-002
  7.656679131813532E-002
  7.644623046145574E-002
  7.633518646501855E-002
  7.623551468448589E-002
  7.614577165293823E-002
  7.606605636175549E-002
  7.599401193925123E-002
  7.592897609337923E-002
  7.586985609130453E-002
  7.581679394587870E-002
  7.576909617105887E-002
  7.572574037994903E-002
  7.568684511678021E-002
  7.565139552441984E-002
  7.561943260621612E-002
  7.559049649167969E-002
  7.556427177902714E-002
  7.554005591552330E-002
  7.551830557375021E-002
  7.549854181309436E-002
  7.548052744573260E-002
  7.546408965448478E-002
  7.544768648164453E-002
  7.543315593064627E-002
  7.541994451143599E-002
  7.540783027247019E-002
  7.539681212096412E-002
  7.538726686085523E-002
  7.537821719635307E-002
  7.536963496695730E-002
  7.536196599751639E-002
  7.535514751977206E-002
  7.534902563970639E-002
  7.534345552234074E-002
  7.533843250708649E-002
  7.533388646733731E-002
  7.532980309821601E-002
  7.532613113269111E-002
  7.532284690143116E-002
  7.531988670339090E-002
  7.531719010550156E-002
  7.531481535693713E-002
  7.531269123048383E-002
  7.531008685899182E-002
  7.530812222603969E-002
  7.530648923080882E-002
  7.530506013169627E-002
  7.530378351752863E-002
  7.530266596092135E-002
  7.530169111957480E-002
  7.530074910392320E-002
  7.529800658739468E-002
  7.529587774558932E-002
  7.529422655421837E-002
  7.529255914391139E-002
  7.529024830183148E-002
  7.528856870884233E-002
  7.528737814056209E-002
  7.528655222971750E-002
  7.528594192790503E-002
  7.528554689219041E-002
  7.528529902221825E-002
  7.528514646983601E-002
  7.528506164915837E-002
  7.528502632540762E-002
  7.528502560998640E-002
  7.528504862186232E-002
  7.528508484784219E-002
  7.528509529192638E-002
  7.528508847181045E-002
  7.528509872251807E-002
  7.528512162279138E-002
  7.528515528410271E-002
  7.528519998209053E-002
  7.528525350145705E-002
  7.528531367801283E-002
  7.528537841467099E-002
  7.528544444775787E-002
  7.528551055159088E-002
  7.528557446968599E-002
  7.528563566643350E-002
  7.528569230789142E-002
  7.528574291396288E-002
  7.528578460798839E-002
  7.528581432109115E-002
  7.528582498936613E-002
  7.528580606792568E-002
  7.528574540630985E-002
  1.598746072992336E-007
