  0.122966943079701     
  0.123053957147833     
  0.123128605463185     
  0.123192740937000     
  0.123254969641534     
  0.123317456885054     
  0.123377971081429     
  0.123433770446658     
  0.123487246366158     
  0.123539148674677     
  0.123588992209045     
  0.123636389352791     
  0.123681689037134     
  0.123725161525177     
  0.123766491299497     
  0.123805691291695     
  0.123842936878472     
  0.123877991197123     
  0.123911049396581     
  0.123942119557995     
  0.123971287779335     
  0.123998596955999     
  0.124024164348966     
  0.124047988741454     
  0.124070234943419     
  0.124090949963137     
  0.124110244341123     
  0.124128115650723     
  0.124144788742605     
  0.124160258630698     
  0.124174635219209     
  0.124187941576687     
  0.124199910563816     
  0.124211211458522     
  0.124221701068702     
  0.124231416750782     
  0.124240404892998     
  0.124248727957117     
  0.124256461327418     
  0.124263612973334     
  0.124270264786547     
  0.124276398654677     
  0.124282123083157     
  0.124287458860227     
  0.124292415700964     
  0.124297007999587     
  0.124301281928137     
  0.124305276713529     
  0.124309023872510     
  0.124312559800867     
  0.124315491323313     
  0.124318222816220     
  0.124320749078565     
  0.124323050987004     
  0.124325245720741     
  0.124327302675189     
  0.124329223761071     
  0.124331031139327     
  0.124332730885883     
  0.124334343569922     
  0.124335479225573     
  0.124336843962575     
  0.124338092730632     
  0.124339394702174     
  0.124340134843405     
  0.124341001787568     
  0.124341830818290     
  0.124342595915905     
  0.124343297003046     
  0.124343972634741     
  0.124344613078386     
  0.124345210594308     
  0.124345775877389     
  0.124346317682030     
  0.124346835091636     
  0.124347328891877     
  0.124347797877764     
  0.124348217416927     
  0.124348623896618     
  0.124349021422119     
  0.124349395638118     
  0.124349745984263     
  0.124350074022265     
  0.124350382566986     
  0.124350671985819     
  0.124350941931810     
  0.124351192216357     
  0.124351424558847     
  0.124351639480560     
  0.124351838094720     
  0.124352021444991     
  0.124352189432195     
  0.124352341768142     
  0.124352478437559     
  0.124352598585776     
  0.124352700002705     
  0.124352789708584     
  0.124352812364549     
  0.124352853157838     
  0.124354488403234     
