  3.509841760879459E-002
  3.509843594297762E-002
  3.509841713091216E-002
  3.509838959785243E-002
  3.509835195148109E-002
  3.509829982652203E-002
  3.509824494079025E-002
  3.509819292820669E-002
  3.509814041334098E-002
  3.509809174007843E-002
  3.509804698304941E-002
  3.509800957592491E-002
  3.509797859558306E-002
  3.509795077094389E-002
  3.509792889281933E-002
  3.509790993288042E-002
  3.509789988971938E-002
  3.509789248769668E-002
  3.509788965768916E-002
  3.509789113542670E-002
  3.509789455526965E-002
  3.509790190453864E-002
  3.509790925935800E-002
  3.509792398718358E-002
  3.509793751756372E-002
  3.509795439362154E-002
  3.509797058447876E-002
  3.509798832911436E-002
  3.509800585348163E-002
  3.509802340994949E-002
  3.509804076919089E-002
  3.509805366371105E-002
  3.509807130997100E-002
  3.509808540417843E-002
  3.509809947937468E-002
  3.509811487199211E-002
  3.509812830788683E-002
  3.509814308071348E-002
  3.509815126848893E-002
  3.509816138218438E-002
  3.509816902507287E-002
  3.509817653528685E-002
  3.509818343749031E-002
  3.509818902290998E-002
  3.509819612452286E-002
  3.509820090425000E-002
  3.509820868465356E-002
  3.509822215116058E-002
  3.509823885737483E-002
  3.509826725482034E-002
  3.509821752320260E-002
  3.509817000102811E-002
  3.509812444072410E-002
  3.509808398498607E-002
  3.509804628527933E-002
  3.509801196274223E-002
  3.509797952412192E-002
  3.509795010651511E-002
  3.509792361965724E-002
  3.509790056113974E-002
  3.509790330811972E-002
  3.509789055973963E-002
  3.509788449942016E-002
  3.509784497764274E-002
  3.509800729348907E-002
  3.509789244210016E-002
  3.509787743465896E-002
  3.509787927054679E-002
  3.509788047849483E-002
  3.509787888007388E-002
  3.509787751947961E-002
  3.509787467264884E-002
  3.509787224064795E-002
  3.509787124061350E-002
  3.509787148425682E-002
  3.509787260235856E-002
  3.509787423626802E-002
  3.509789150014870E-002
  3.509788194658295E-002
  3.509788338905048E-002
  3.509788789309921E-002
  3.509789268611356E-002
  3.509789768764553E-002
  3.509790352795531E-002
  3.509790871087158E-002
  3.509791377061058E-002
  3.509791813480830E-002
  3.509792238925961E-002
  3.509792638476811E-002
  3.509792998233847E-002
  3.509793360525870E-002
  3.509793677340917E-002
  3.509793971760928E-002
  3.509794238795674E-002
  3.509794424521216E-002
  3.509794564692954E-002
  3.509794663211309E-002
  3.509794630942471E-002
  3.509794591858997E-002
  3.509787786801599E-002
