  0.135188805432184     
  0.134845910090034     
  0.134564442379423     
  0.134324317198598     
  0.134123838894645     
  0.133959822917676     
  0.133820967831936     
  0.133700492184373     
  0.133597951662621     
  0.133510968248886     
  0.133435933123426     
  0.133371098571177     
  0.133314644503858     
  0.133265553420152     
  0.133223041991952     
  0.133186075196055     
  0.133153941733717     
  0.133125902540888     
  0.133101340126096     
  0.133079802553779     
  0.133060966157080     
  0.133044410716997     
  0.133029889621587     
  0.133017174200140     
  0.133005956353538     
  0.132996042069213     
  0.132987323158182     
  0.132979684193790     
  0.132972939073230     
  0.132967019052894     
  0.132961789918930     
  0.132957122100722     
  0.132953142088493     
  0.132949543230690     
  0.132946353557382     
  0.132943554814831     
  0.132941072761855     
  0.132938889294865     
  0.132936952926755     
  0.132935252655687     
  0.132933761441571     
  0.132932480154261     
  0.132931298158485     
  0.132930295504574     
  0.132929435745932     
  0.132928705913721     
  0.132928081653447     
  0.132927504435131     
  0.132926964771147     
  0.132926560385149     
  0.132926156066540     
  0.132925803102201     
  0.132925486675009     
  0.132925211166776     
  0.132924954035031     
  0.132924721985111     
  0.132924512867175     
  0.132924322231692     
  0.132924148492118     
  0.132923980889725     
  0.132924044798847     
  0.132923913230439     
  0.132923706343031     
  0.132923524606121     
  0.132923861999531     
  0.132923732318727     
  0.132923703012614     
  0.132923705545237     
  0.132923725817813     
  0.132923752720355     
  0.132923790268692     
  0.132923835899290     
  0.132923887561891     
  0.132923943569757     
  0.132924002313458     
  0.132924061614864     
  0.132924120041581     
  0.132924211238889     
  0.132924257088064     
  0.132924306979948     
  0.132924357810385     
  0.132924404738103     
  0.132924448489022     
  0.132924491489787     
  0.132924529697740     
  0.132924566179815     
  0.132924598596885     
  0.132924628956909     
  0.132924657126747     
  0.132924681634581     
  0.132924705917491     
  0.132924726961070     
  0.132924748817035     
  0.132924770295386     
  0.132924792584798     
  0.132924817338058     
  0.132924847422500     
  0.132924904568164     
  0.132924947640810     
  0.135187846748056     
