  0.100090387823390     
  9.974747414705638E-002
  9.946602524851088E-002
  9.922592760074518E-002
  9.902548694316345E-002
  9.886152309115390E-002
  9.872272289114575E-002
  9.860229925616594E-002
  9.849981124928031E-002
  9.841287650880788E-002
  9.833788614037679E-002
  9.827308899525236E-002
  9.821666590827464E-002
  9.816760264920843E-002
  9.812511309913308E-002
  9.808816526317474E-002
  9.805604184399720E-002
  9.802801005319134E-002
  9.800345046840654E-002
  9.798191141835223E-002
  9.796307160181006E-002
  9.794650881245845E-002
  9.793198036222935E-002
  9.791925021295649E-002
  9.790801883597458E-002
  9.789808767559194E-002
  9.788935257370290E-002
  9.788169586467524E-002
  9.787493321974855E-002
  9.786899564294485E-002
  9.786374914973951E-002
  9.785906843701128E-002
  9.785507077852243E-002
  9.785145782651146E-002
  9.784825407800771E-002
  9.784543994283923E-002
  9.784294445396836E-002
  9.784074621415170E-002
  9.783880165826563E-002
  9.783709127350296E-002
  9.783559241649836E-002
  9.783430361897408E-002
  9.783311472099505E-002
  9.783210648166371E-002
  9.783123962140881E-002
  9.783050500947051E-002
  9.782987296879368E-002
  9.782928228397031E-002
  9.782872591377245E-002
  9.782829313032895E-002
  9.782793854333774E-002
  9.782763310117332E-002
  9.782736223428463E-002
  9.782712718179030E-002
  9.782690774975192E-002
  9.782671002236913E-002
  9.782653334305294E-002
  9.782637212517738E-002
  9.782622487246119E-002
  9.782608032858550E-002
  9.782614149072703E-002
  9.782602267069984E-002
  9.782582184361069E-002
  9.782567962847798E-002
  9.782585470604152E-002
  9.782583987662691E-002
  9.782582557795506E-002
  9.782582627469034E-002
  9.782584533931840E-002
  9.782587384028141E-002
  9.782591274921282E-002
  9.782596122664110E-002
  9.782601532124355E-002
  9.782607232914370E-002
  9.782613082920122E-002
  9.782618901250580E-002
  9.782624580531289E-002
  9.782631973874056E-002
  9.782637514148075E-002
  9.782642359089770E-002
  9.782646991728604E-002
  9.782651205198956E-002
  9.782655080137666E-002
  9.782658796183183E-002
  9.782662098686802E-002
  9.782665240920473E-002
  9.782668046207647E-002
  9.782670656764947E-002
  9.782673074197926E-002
  9.782675165224235E-002
  9.782677231223272E-002
  9.782679018766093E-002
  9.782680909942604E-002
  9.782682790742880E-002
  9.782684833958555E-002
  9.782687169112844E-002
  9.782690079038722E-002
  9.782695825873935E-002
  9.782700172221970E-002
  0.100089968880040     
