   1.34294597169907     
   1.34201035707738     
   1.34116471895855     
   1.34040270447963     
   1.33964356732617     
   1.33887277722573     
   1.33811843691525     
   1.33741352468269     
   1.33673271576306     
   1.33607050669533     
   1.33543301483909     
   1.33482071438339     
   1.33423504954606     
   1.33367471842706     
   1.33313936087959     
   1.33262795433315     
   1.33214367429055     
   1.33168570459208     
   1.33125357047139     
   1.33084646251714     
   1.33046262018173     
   1.33010275419180     
   1.32976479370254     
   1.32944899631436     
   1.32915381952846     
   1.32887830431930     
   1.32862120620851     
   1.32838214950308     
   1.32815918662281     
   1.32795164396029     
   1.32775874029650     
   1.32757971625197     
   1.32741510020467     
   1.32726191216049     
   1.32711972135317     
   1.32698763934453     
   1.32686506987974     
   1.32675163188433     
   1.32664597170420     
   1.32654793432915     
   1.32645677413676     
   1.32637194729385     
   1.32629309974742     
   1.32621962481233     
   1.32615125211002     
   1.32608771217442     
   1.32602858264113     
   1.32597348401047     
   1.32592198638788     
   1.32587347299899     
   1.32583084562909     
   1.32579104499495     
   1.32575402537986     
   1.32571995414629     
   1.32568790271539     
   1.32565787302476     
   1.32562983854647     
   1.32560358270263     
   1.32557899582417     
   1.32555592315684     
   1.32553369619984     
   1.32551444570204     
   1.32549662670635     
   1.32548036378900     
   1.32546500677456     
   1.32544968851012     
   1.32543670009718     
   1.32542473189885     
   1.32541355180225     
   1.32540285436518     
   1.32539277876198     
   1.32538337771165     
   1.32537455803896     
   1.32536623607539     
   1.32535839592117     
   1.32535102418501     
   1.32534409831763     
   1.32533760046758     
   1.32533144841686     
   1.32532577489094     
   1.32532051515643     
   1.32531561765097     
   1.32531106367780     
   1.32530680226552     
   1.32530282121613     
   1.32529911604130     
   1.32529568066997     
   1.32529249086984     
   1.32528953783822     
   1.32528680160183     
   1.32528426788854     
   1.32528193146138     
   1.32527978242432     
   1.32527780897531     
   1.32527601451855     
   1.32527439153417     
   1.32527291179910     
   1.32527155188462     
   1.32527100307887     
   1.32524725259678     
