  0.434590980347745     
  0.432503347636083     
  0.430762149866834     
  0.429302219083408     
  0.428066125642712     
  0.427028004869723     
  0.426149106867385     
  0.425434789455928     
  0.424849193774680     
  0.424371512939279     
  0.423983106607138     
  0.423670146950817     
  0.423420091934376     
  0.423223278060166     
  0.423071804069584     
  0.422957690351150     
  0.422875066459011     
  0.422817590883517     
  0.422781848592874     
  0.422764016858955     
  0.422760470070759     
  0.422769027026012     
  0.422787087120664     
  0.422812952347199     
  0.422844708628189     
  0.422881157514454     
  0.422921033698866     
  0.422963933630201     
  0.423008181392974     
  0.423053434062687     
  0.423099081946753     
  0.423144603480719     
  0.423191003236729     
  0.423235914312544     
  0.423279705468908     
  0.423322219808660     
  0.423363321461244     
  0.423403185565010     
  0.423441065301974     
  0.423477450719306     
  0.423512039180065     
  0.423544875924097     
  0.423576056718516     
  0.423605669461281     
  0.423633663126877     
  0.423660025420566     
  0.423684844674356     
  0.423708158163192     
  0.423730029599285     
  0.423750707750460     
  0.423769442967844     
  0.423786804799518     
  0.423802878445463     
  0.423818140476327     
  0.423832056517573     
  0.423844862073499     
  0.423856609207520     
  0.423867445199671     
  0.423877419689656     
  0.423886593838243     
  0.423895223892040     
  0.423904458401912     
  0.423912716955778     
  0.423919989712665     
  0.423926655225361     
  0.423934009623935     
  0.423940353231184     
  0.423945913666830     
  0.423951029107322     
  0.423955738809683     
  0.423960072163046     
  0.423964040605748     
  0.423967679090550     
  0.423971021445309     
  0.423974084321913     
  0.423976881707745     
  0.423979430259599     
  0.423981748193181     
  0.423983906496553     
  0.423985878061866     
  0.423987643613274     
  0.423989226955664     
  0.423990642045008     
  0.423991910220448     
  0.423993042866423     
  0.423994048972686     
  0.423994937273355     
  0.423995720453633     
  0.423996406984895     
  0.423997007433879     
  0.423997530127437     
  0.423997982203228     
  0.423998371154498     
  0.423998705249078     
  0.423998987769879     
  0.423999227577120     
  0.423999439449475     
  0.423999657312341     
  0.423999982169103     
  0.423994177801861     
