   3.09432635238530     
   3.09434687557213     
   3.09434687557213     
   3.09434687557213     
   3.09434687557213     
   3.09434687557213     
   3.09434687557213     
   3.09434687557213     
   3.09434687557213     
   3.09434687557213     
   3.09434687557213     
   3.09434687557213     
   3.09434687557213     
   3.09434687557213     
   3.09434687557213     
   3.09434687557213     
   3.09434687557213     
   3.09434687557213     
   3.09434687557213     
   3.09434687557213     
   3.09434687557213     
   3.09434687557213     
   3.09434687557213     
   3.09434687557213     
   3.09434687557213     
   3.09434687557213     
   3.09434687557213     
   3.09434687557213     
   3.09434687557213     
   3.09434687557213     
   3.09434687557213     
   3.09434687557213     
   3.09434687557213     
   3.09434687557213     
   3.09434687557213     
   3.09434687557213     
   3.09434687557213     
   3.09434687557213     
   3.09434687557213     
   3.09434687557213     
   3.09434687557213     
   3.09434687557213     
   3.09434687557213     
   3.09434687557213     
   3.09434687557213     
   3.09434687557213     
   3.09434687557213     
   3.09434687557213     
   3.09434687557213     
   3.09434687557213     
   3.09434687557213     
   3.09434687557213     
