  0.600499255356641     
  0.599523544430832     
  0.598685395256014     
  0.597936734399235     
  0.597274912006090     
  0.596696553244024     
  0.596177060844680     
  0.595701910874322     
  0.595270986851251     
  0.594880342311769     
  0.594522552521476     
  0.594195173757357     
  0.593894197823289     
  0.593617499627122     
  0.593364061011806     
  0.593131619227630     
  0.592917879274062     
  0.592721462825579     
  0.592540458422218     
  0.592373703901748     
  0.592220254509132     
  0.592078714617412     
  0.591948305143484     
  0.591828162203204     
  0.591717193903491     
  0.591614651183781     
  0.591519984063386     
  0.591432671659902     
  0.591351906828952     
  0.591277328713717     
  0.591208300588456     
  0.591144308282736     
  0.591085741565457     
  0.591031081190648     
  0.590980402080878     
  0.590933491801455     
  0.590889978641261     
  0.590849634702570     
  0.590812151415698     
  0.590777414839277     
  0.590745151976321     
  0.590715333195941     
  0.590687443853410     
  0.590661589304007     
  0.590637601250387     
  0.590615374067963     
  0.590594751822281     
  0.590575481224042     
  0.590557433945697     
  0.590540784582224     
  0.590525349451284     
  0.590510994325956     
  0.590497632327563     
  0.590485232223646     
  0.590473616710561     
  0.590462789235010     
  0.590452697069942     
  0.590443274971834     
  0.590434481856614     
  0.590426238356567     
  0.590419699504111     
  0.590412635729843     
  0.590405816530455     
  0.590399211793441     
  0.590395013000065     
  0.590389859110244     
  0.590385174919958     
  0.590380889827242     
  0.590376972192693     
  0.590373352206319     
  0.590370025722688     
  0.590366968904443     
  0.590364151849905     
  0.590361553396285     
  0.590359157053127     
  0.590356943404116     
  0.590354898665492     
  0.590353144045451     
  0.590351413867551     
  0.590349812400503     
  0.590348338459896     
  0.590346976943921     
  0.590345720934906     
  0.590344570344690     
  0.590343506480031     
  0.590342531830452     
  0.590341632796983     
  0.590340809611903     
  0.590340056487841     
  0.590339363790907     
  0.590338737688493     
  0.590338162101943     
  0.590337648850259     
  0.590337191037944     
  0.590336788742702     
  0.590336447359319     
  0.590336164716397     
  0.590336084520355     
  0.590335906276926     
  0.590329324697136     
