   1.82228529279539     
   1.81956130512729     
   1.81665911678323     
   1.81363981526830     
   1.81054363090960     
   1.80805878458115     
   1.80557531809471     
   1.80312550770555     
   1.80072553371638     
   1.79839134204262     
   1.79613359932205     
   1.79396610302245     
   1.79188416608790     
   1.78989263894036     
   1.78799085753115     
   1.78618349270172     
   1.78446548311109     
   1.78283651033080     
   1.78129306319261     
   1.77983280740500     
   1.77845486681335     
   1.77715404860879     
   1.77592646239039     
   1.77476893732746     
   1.77367975988146     
   1.77265476259357     
   1.77169027470866     
   1.77078365469792     
   1.76993118250705     
   1.76913383543730     
   1.76838503072284     
   1.76768286576189     
   1.76702385316773     
   1.76640552582248     
   1.76582557277580     
   1.76528630793889     
   1.76478123400388     
   1.76430788880753     
   1.76386548260257     
   1.76345172728188     
   1.76306679384203     
   1.76270708172546     
   1.76237101350850     
   1.76205714006768     
   1.76176410336990     
   1.76149066063836     
   1.76123552624000     
   1.76099760289682     
   1.76077566991887     
   1.76056869585482     
   1.76037590008807     
   1.76019629132708     
   1.76002891888433     
   1.75987296952694     
   1.75972767638845     
   1.75959234189859     
   1.75946630129563     
   1.75934898501329     
   1.75923980141245     
   1.75913821538989     
   1.75904368778321     
   1.75895576131133     
   1.75887398961771     
   1.75879794546107     
   1.75872729110163     
   1.75866160502874     
   1.75860060539047     
   1.75854395431374     
   1.75849132948630     
   1.75844249851223     
   1.75839719276840     
   1.75835516590816     
   1.75831620991206     
   1.75828006748625     
   1.75824661021331     
   1.75821560041741     
   1.75818688865754     
   1.75816030649774     
   1.75813572031770     
   1.75811297354385     
   1.75809195009618     
   1.75807250901909     
   1.75805454646375     
   1.75803795954940     
   1.75802267273353     
   1.75800855322480     
   1.75799554553062     
   1.75798359071428     
   1.75797255837503     
   1.75796243376812     
   1.75795313832656     
   1.75794463877626     
   1.75793685528531     
   1.75792979198002     
   1.75792338232612     
   1.75791764934330     
   1.75791257349388     
   1.75790820892139     
   1.75790456684726     
   1.75784136033941     
