  0.671140720792995     
  0.675201674030646     
  0.679243174477041     
  0.683360466947144     
  0.687631797275865     
  0.688523549037011     
  0.692391439414702     
  0.696034728838251     
  0.699495728201597     
  0.702769156593600     
  0.705864963504884     
  0.708753079340626     
  0.711507321739323     
  0.714104658476768     
  0.716553120559481     
  0.718838442879691     
  0.721006222930466     
  0.723045065588912     
  0.724962071869119     
  0.726763293390309     
  0.728456157816874     
  0.730049455100718     
  0.731548754502565     
  0.732959212688657     
  0.734286588504259     
  0.735536624861290     
  0.736714307620207     
  0.737825451012034     
  0.738875101436978     
  0.739845332511372     
  0.740778144300830     
  0.741660017136905     
  0.742492234458401     
  0.743278235312958     
  0.744021364761615     
  0.744699850647161     
  0.745360834297270     
  0.745984093834796     
  0.746571915672432     
  0.747126316725686     
  0.747649133754724     
  0.748142202661818     
  0.748607095412644     
  0.749045606348189     
  0.749459219654569     
  0.749849345546929     
  0.750217321034684     
  0.750564403647768     
  0.750891744902264     
  0.751200541594003     
  0.751492065868764     
  0.751767079814646     
  0.752026428152689     
  0.752271023653814     
  0.752501728952792     
  0.752719336753978     
  0.752924588721766     
  0.753118182580416     
  0.753300781615060     
  0.753472995576273     
  0.753635424642567     
  0.753788611016665     
  0.753933073590295     
  0.754069305178426     
  0.754197770735395     
  0.754318908284042     
  0.754433130491814     
  0.754540827893539     
  0.754642368208334     
  0.754738099155112     
  0.754828348169381     
  0.754913423451761     
  0.754993617935213     
  0.755069207347756     
  0.755140452608593     
  0.755207599101279     
  0.755270878477731     
  0.755330510279963     
  0.755386702172965     
  0.755439649041095     
  0.755489536205322     
  0.755536538399911     
  0.755580820970561     
  0.755622539689058     
  0.755661842783210     
  0.755698869457266     
  0.755733752890497     
  0.755766619212803     
  0.755797587531228     
  0.755826772036107     
  0.755854282104063     
  0.755880221961547     
  0.755904695031994     
  0.755927796021291     
  0.755949622452906     
  0.755970271265537     
  0.755989841327106     
  0.756008432333663     
  0.756026121268339     
  0.000000000000000E+000
