   8.02758561345287     
   8.01003878100037     
   7.99311194345015     
   7.97715881104226     
   7.96166914231216     
   7.94825376701782     
   7.93760399912216     
   7.92747431637731     
   7.91780125752299     
   7.90849785978309     
   7.89963267139597     
   7.89107525814307     
   7.88305207361250     
   7.87541123289042     
   7.86811720436369     
   7.86118548829188     
   7.85463616118686     
   7.84840496150585     
   7.84256227932230     
   7.83705719763371     
   7.83190727821592     
   7.82708992330059     
   7.82257054066597     
   7.81831074365671     
   7.81427530569938     
   7.81057125170687     
   7.80707364758924     
   7.80381158135883     
   7.80073414709977     
   7.79784953368560     
   7.79516288067563     
   7.79268741125781     
   7.79033825955501     
   7.78812922481372     
   7.78605570853742     
   7.78412360977566     
   7.78232978912844     
   7.78067851369725     
   7.77908114629024     
   7.77760306958099     
   7.77619419539830     
   7.77490238202175     
   7.77370472085016     
   7.77258764266838     
   7.77154342977104     
   7.77056877968956     
   7.76965936255398     
   7.76881020832037     
   7.76801788051164     
   7.76727729422597     
   7.76659386986510     
   7.76595998889598     
   7.76536996102110     
   7.76481832237553     
   7.76430286855906     
   7.76382147048010     
   7.76337196230839     
   7.76295219981111     
   7.76256000750064     
   7.76219398958737     
   7.76185271676993     
   7.76153418934909     
   7.76123669201481     
   7.76095869690686     
   7.76069903522438     
   7.76045645846065     
   7.76022994886898     
   7.76001838905195     
   7.75982084736330     
   7.75963639592417     
   7.75946421853786     
   7.75930354343147     
   7.75915367339254     
   7.75901384927859     
   7.75888340855146     
   7.75876175713022     
   7.75864837045669     
   7.75854269385014     
   7.75844422680095     
   7.75835254294904     
   7.75826717580214     
   7.75818767964534     
   7.75811374640450     
   7.75804497116881     
   7.75798107567513     
   7.75792173333070     
   7.75786661053050     
   7.75781555673977     
   7.75776822463203     
   7.75772442980109     
   7.75768394809969     
   7.75764661777478     
   7.75761229619384     
   7.75758077520286     
   7.75755194788109     
   7.75752567298183     
   7.75750175766287     
   7.75748090901843     
   7.75746548216186     
   7.75716359265221     
