  0.616718932185613     
  0.617291050012233     
  0.617863286796773     
  0.618413789293785     
  0.618941612823210     
  0.694289417853978     
  0.694059859135327     
  0.694001142503416     
  0.693786101226274     
  0.693578884531903     
  0.693381239693733     
  0.693547156552963     
  0.693369977343939     
  0.693203348805550     
  0.693048248453297     
  0.693107854200955     
  0.692974324088499     
  0.692851538783073     
  0.692738495876197     
  0.692635202789443     
  0.692541639424865     
  0.692454453857537     
  0.692374909275621     
  0.692301927436142     
  0.692235298317042     
  0.692174494767234     
  0.692118706806089     
  0.692067367867719     
  0.692020090985207     
  0.692182331750970     
  0.692142627666567     
  0.692105610312360     
  0.692071212558497     
  0.692039400915906     
  0.692010094031059     
  0.692223742389050     
  0.692198387353412     
  0.692174550333427     
  0.692153005343553     
  0.692131977812290     
  0.692113456968857     
  0.692094697584685     
  0.692077752257110     
  0.692062117810948     
  0.692047506083204     
  0.692033868727277     
  0.692021139825761     
  0.692009200422320     
  0.691997953409186     
  0.691987356890654     
  0.691977685915711     
  0.691968579463429     
  0.691960168332299     
  0.691952244633397     
  0.691944761913921     
  0.691937699310780     
  0.691931036827115     
  0.691924745098155     
  0.691918797869361     
  0.691913151179731     
  0.691907811974114     
  0.691902767544268     
  0.691897987168892     
  0.691893460362085     
  0.691889165581909     
  0.691885103474493     
  0.691881246505573     
  0.691877589894426     
  0.691874119893620     
  0.691870836868588     
  0.691867721381692     
  0.691864763897768     
  0.691861960693170     
  0.691859304492592     
  0.691856786863182     
  0.691854405287795     
  0.691852142720218     
  0.691850005420629     
  0.691847980796406     
  0.691846062318753     
  0.691844246900346     
  0.691842530319183     
  0.691840907620494     
  0.691839375398824     
  0.691837925992613     
  0.691836560535303     
  0.691835269109715     
  0.691834047927702     
  0.691832897573091     
  0.691831812194731     
  0.691830791132134     
  0.691829826803231     
  0.691828920176212     
  0.691828064173560     
  0.691827259269224     
  0.691826501798848     
  0.691825788395818     
  0.691825117945473     
  0.691824530114613     
  0.691815390729253     
