  0.533538347082817     
  0.533367117653691     
  0.533241997436962     
  0.533109925980016     
  0.532933214156531     
  0.735931810150478     
  0.735989321608278     
  0.736440349084477     
  0.736409786483428     
  0.736355621562376     
  0.736288252715996     
  0.737221205542917     
  0.737145430391919     
  0.737072210473936     
  0.737002776968464     
  0.737533784493968     
  0.737479008429143     
  0.737431460048343     
  0.737391844635346     
  0.737360354823844     
  0.737337404825960     
  0.737320631224647     
  0.737309600707241     
  0.737304159691971     
  0.737304247559086     
  0.737309590226760     
  0.737318437406385     
  0.737330780730259     
  0.737346041737832     
  0.737994519718333     
  0.738015490219694     
  0.738037857349576     
  0.738060550435003     
  0.738084186830976     
  0.738109037685699     
  0.738881220389404     
  0.738906594516977     
  0.738931761856341     
  0.738956335701132     
  0.738980599267562     
  0.739004355249792     
  0.739027730808626     
  0.739050673466914     
  0.739073066863524     
  0.739094857982828     
  0.739116025150916     
  0.739136550826869     
  0.739156411738779     
  0.739175578600669     
  0.739194017592384     
  0.739211846154658     
  0.739228980144926     
  0.739245401206189     
  0.739261121106597     
  0.739276157317226     
  0.739290524586889     
  0.739304240893047     
  0.739317319455578     
  0.739329785933768     
  0.739341654775610     
  0.739352944498529     
  0.739363676265110     
  0.739373869433308     
  0.739383549832864     
  0.739392736320753     
  0.739401446968448     
  0.739409705918478     
  0.739417530101054     
  0.739424936723621     
  0.739431950246675     
  0.739438586175298     
  0.739444868319445     
  0.739450808132371     
  0.739456424684606     
  0.739461731187220     
  0.739466746970736     
  0.739471484829063     
  0.739475961517533     
  0.739480189000137     
  0.739484179435297     
  0.739487947762575     
  0.739491505616314     
  0.739494863577889     
  0.739498034529682     
  0.739501028293580     
  0.739503853537890     
  0.739506524441835     
  0.739509044426009     
  0.739511425717861     
  0.739513677662845     
  0.739515806797901     
  0.739517823416061     
  0.739519733603058     
  0.739521545737135     
  0.739523267713836     
  0.739524908642521     
  0.739526476976729     
  0.739527988937175     
  0.739529501454354     
  0.739550077032171     
