  0.717716306523263     
  0.721456380535372     
  0.725208956289879     
  0.729024485323176     
  0.732949043397813     
  0.932034371232219     
  0.933309627020910     
  0.934965680502546     
  0.935995800211836     
  0.936931912736262     
  0.937786117323525     
  0.939658755450914     
  0.940357877773210     
  0.940998221672102     
  0.941586953743889     
  0.942744985907886     
  0.943236966029784     
  0.943689463261005     
  0.944106023416531     
  0.944489452037893     
  0.944842915752130     
  0.945170032658288     
  0.945472869526998     
  0.945753615625326     
  0.946014908519005     
  0.946257585083425     
  0.946483776082772     
  0.946695128471278     
  0.946894232395142     
  0.947675315570882     
  0.947848012575110     
  0.948009913979484     
  0.948161647932369     
  0.948304310373605     
  0.948439131371547     
  0.949254339526030     
  0.949370432121033     
  0.949478894620891     
  0.949580409064083     
  0.949675464789065     
  0.949764520276969     
  0.949847979515685     
  0.949926182437534     
  0.949999556343285     
  0.950068417791377     
  0.950133064823243     
  0.950193780842411     
  0.950250815809932     
  0.950304368242160     
  0.950354710859279     
  0.950402146133089     
  0.950446742832657     
  0.950488641554141     
  0.950528033633394     
  0.950565085141004     
  0.950599941174319     
  0.950632737777172     
  0.950663596385560     
  0.950692642331392     
  0.950719973769225     
  0.950745694751099     
  0.950769901696792     
  0.950792685597599     
  0.950814135677191     
  0.950834329217145     
  0.950853338304268     
  0.950871234645141     
  0.950888081561894     
  0.950903938106731     
  0.950918866796543     
  0.950932919272975     
  0.950946147243767     
  0.950958596913955     
  0.950970315364581     
  0.950981342877633     
  0.950991722498688     
  0.951001489370515     
  0.951010681134577     
  0.951019330108737     
  0.951027466431292     
  0.951035122305939     
  0.951042325780658     
  0.951049102330931     
  0.951055478767311     
  0.951061478667769     
  0.951067122480960     
  0.951072436460636     
  0.951077435591532     
  0.951082142394999     
  0.951086576327428     
  0.951090754719066     
  0.951094697147167     
  0.951098419856670     
  0.951101940423119     
  0.951105277927602     
  0.951108451540971     
  0.951111482702871     
  0.951114391503129     
  0.951117198931713     
  0.000000000000000E+000
