  0.282283693476737     
  0.278543619464628     
  0.274791043710121     
  0.270975514676824     
  0.267050956602187     
  6.796562876778151E-002
  6.669037297909017E-002
  6.503431949745400E-002
  6.400419978816439E-002
  6.306808726373765E-002
  6.221388267647494E-002
  6.034124454908572E-002
  5.964212222679048E-002
  5.900177832789779E-002
  5.841304625611064E-002
  5.725501409211418E-002
  5.676303397021549E-002
  5.631053673899495E-002
  5.589397658346852E-002
  5.551054796210652E-002
  5.515708424787018E-002
  5.482996734171219E-002
  5.452713047300153E-002
  5.424638437467386E-002
  5.398509148099529E-002
  5.374241491657457E-002
  5.351622391722820E-002
  5.330487152872166E-002
  5.310576760485778E-002
  5.232468442911776E-002
  5.215198742488972E-002
  5.199008602051627E-002
  5.183835206763115E-002
  5.169568962639537E-002
  5.156086862845336E-002
  5.074566047397009E-002
  5.062956787896741E-002
  5.052110537910901E-002
  5.041959093591717E-002
  5.032453521093542E-002
  5.023547972303068E-002
  5.015202048431527E-002
  5.007381756246599E-002
  5.000044365671536E-002
  4.993158220862335E-002
  4.986693517675670E-002
  4.980621915758850E-002
  4.974918419006819E-002
  4.969563175784033E-002
  4.964528914072061E-002
  4.959785386691064E-002
  4.955325716734298E-002
  4.951135844585927E-002
  4.947196636660599E-002
  4.943491485899633E-002
  4.940005882568113E-002
  4.936726222282792E-002
  4.933640361444049E-002
  4.930735766860842E-002
  4.928002623077474E-002
  4.925430524890088E-002
  4.923009830320849E-002
  4.920731440240049E-002
  4.918586432280878E-002
  4.916567078285552E-002
  4.914666169573233E-002
  4.912876535485874E-002
  4.911191843810647E-002
  4.909606189326880E-002
  4.908113320345660E-002
  4.906708072702468E-002
  4.905385275623340E-002
  4.904140308604463E-002
  4.902968463541928E-002
  4.901865712236660E-002
  4.900827750131159E-002
  4.899851062948504E-002
  4.898931886542336E-002
  4.898066989126310E-002
  4.897253356870843E-002
  4.896487769406110E-002
  4.895767421934229E-002
  4.895089766906927E-002
  4.894452123268943E-002
  4.893852133223067E-002
  4.893287751904005E-002
  4.892756353936446E-002
  4.892256440846827E-002
  4.891785760500112E-002
  4.891342367257235E-002
  4.890924528093410E-002
  4.890530285283309E-002
  4.890158014333019E-002
  4.889805957688137E-002
  4.889472207239846E-002
  4.889154845902897E-002
  4.888851729712933E-002
  4.888560849687056E-002
  4.888280106828717E-002
  0.000000000000000E+000
