  2.174115382815475E-002
  2.186103524477145E-002
  2.197709374036966E-002
  2.208683570979371E-002
  2.219365420981937E-002
  2.228679601990535E-002
  2.236130278021005E-002
  2.243194133279264E-002
  2.249946093532062E-002
  2.256449001424677E-002
  2.262656192182158E-002
  2.268656223780241E-002
  2.274289046183478E-002
  2.279667351165031E-002
  2.284807462775732E-002
  2.289698761960269E-002
  2.294327676669551E-002
  2.298735686662404E-002
  2.302874778816954E-002
  2.306778080944023E-002
  2.310431307589871E-002
  2.313857264366179E-002
  2.317072462949199E-002
  2.320106128364782E-002
  2.322981936339107E-002
  2.325624498650233E-002
  2.328121076135077E-002
  2.330451999424411E-002
  2.332652336346924E-002
  2.334715910841361E-002
  2.336638172405201E-002
  2.338412262786654E-002
  2.340096059005787E-002
  2.341680097518921E-002
  2.343167556413363E-002
  2.344554425779126E-002
  2.345841940935378E-002
  2.347028825683941E-002
  2.348174198561941E-002
  2.349238387645936E-002
  2.350248475054706E-002
  2.351181064328349E-002
  2.352043978734610E-002
  2.352848355078106E-002
  2.353600490084618E-002
  2.354302626973887E-002
  2.354957840938719E-002
  2.355569882173596E-002
  2.356141349943622E-002
  2.356675762719839E-002
  2.357168103793832E-002
  2.357624969163594E-002
  2.358049713832620E-002
  2.358446922712684E-002
  2.358818231352114E-002
  2.359165122924221E-002
  2.359489116485314E-002
  2.359791750471891E-002
  2.360074601679652E-002
  2.360338751075917E-002
  2.360585115322347E-002
  2.360815101097323E-002
  2.361029987304144E-002
  2.361230854768089E-002
  2.361418561523724E-002
  2.361593947139845E-002
  2.361757800395384E-002
  2.361910892404817E-002
  2.362053900972287E-002
  2.362187453018744E-002
  2.362312169175332E-002
  2.362428611143187E-002
  2.362537254304531E-002
  2.362638647377392E-002
  2.362733260754795E-002
  2.362821511936741E-002
  2.362903814780980E-002
  2.362980521845724E-002
  2.363052015651736E-002
  2.363118606332358E-002
  2.363180622523414E-002
  2.363238382225893E-002
  2.363292106213626E-002
  2.363342083348888E-002
  2.363388524467681E-002
  2.363431645896312E-002
  2.363471714620715E-002
  2.363508831079845E-002
  2.363543237462425E-002
  2.363575073358714E-002
  2.363604489087571E-002
  2.363631619908359E-002
  2.363656553136741E-002
  2.363679451866028E-002
  2.363700381654533E-002
  2.363719445209218E-002
  2.363736783530325E-002
  2.363751891043579E-002
  2.363762997642701E-002
  2.363979564700816E-002
