  0.206149241113959     
  0.205592747681592     
  0.205196223627586     
  0.204790448934766     
  0.204262605639618     
  0.835591789908255     
  0.835839710374809     
  0.837338599488373     
  0.837349542360701     
  0.837282170331814     
  0.837155444776356     
  0.840117979813342     
  0.839908639518001     
  0.839672632585948     
  0.839420879527360     
  0.841006227331213     
  0.840738704305033     
  0.840467018165119     
  0.840194236603112     
  0.839922455609320     
  0.839653799968863     
  0.839390536819361     
  0.839133521492735     
  0.838884461249874     
  0.838646049602476     
  0.838415325071143     
  0.838194264650434     
  0.837982588492451     
  0.837783805656675     
  0.839550441362156     
  0.839373719627271     
  0.839204236592652     
  0.839042901362383     
  0.838890199601866     
  0.838747178451729     
  0.840922920777690     
  0.840792747081810     
  0.840667897762237     
  0.840548646075699     
  0.840434846211684     
  0.840326458575213     
  0.840223240314096     
  0.840124998046458     
  0.840031627856458     
  0.839942942214228     
  0.839858757986833     
  0.839778911525697     
  0.839703200458359     
  0.839631343139252     
  0.839563260720980     
  0.839498897417936     
  0.839437902948507     
  0.839380076293094     
  0.839325323632179     
  0.839273505499952     
  0.839224473546142     
  0.839178092887749     
  0.839134216593935     
  0.839092740939759     
  0.839053513236751     
  0.839016408084453     
  0.838981325170100     
  0.838948164051579     
  0.838916838782966     
  0.838887246351369     
  0.838859286916502     
  0.838832881093609     
  0.838807937925676     
  0.838784370615751     
  0.838762120458296     
  0.838741107889691     
  0.838721268832823     
  0.838702532288509     
  0.838684844633460     
  0.838668140029459     
  0.838652375127238     
  0.838637489756268     
  0.838623442505769     
  0.838610182211892     
  0.838597661180734     
  0.838585845604978     
  0.838574696594107     
  0.838564172827903     
  0.838554245643095     
  0.838544881025379     
  0.838536041210603     
  0.838527713232089     
  0.838519850352479     
  0.838512437731239     
  0.838505453259089     
  0.838498871213418     
  0.838492677916833     
  0.838486847496196     
  0.838481366556145     
  0.838476223359901     
  0.838471406902763     
  0.838466911135203     
  0.838462724318649     
  0.838458859192193     
  0.000000000000000E+000
