  0.151186257092597     
  0.151400755009285     
  0.151477763177696     
  0.151542073463350     
  0.151595454875652     
  0.151571741938473     
  0.151670620110594     
  0.151787881706475     
  0.151905382729527     
  0.152018333014107     
  0.152124799675895     
  0.152228481629377     
  0.152324170968470     
  0.152414418006240     
  0.152505786572992     
  0.152587666227678     
  0.152664240768977     
  0.152736798317149     
  0.152805502706723     
  0.152870064440383     
  0.152931747432154     
  0.152993542435795     
  0.153054227016438     
  0.153112183578659     
  0.153166398596630     
  0.153217023640003     
  0.153268604222695     
  0.153315473552757     
  0.153361557248143     
  0.153402939468035     
  0.153441952710533     
  0.153478556037727     
  0.153518218699455     
  0.153552027808471     
  0.153582679234462     
  0.153610583261840     
  0.153637465002533     
  0.153662625223861     
  0.153686211738499     
  0.153708374866620     
  0.153729193912849     
  0.153748444060938     
  0.153766374837923     
  0.153783081393568     
  0.153798574827391     
  0.153812973571556     
  0.153826366279383     
  0.153838819809261     
  0.153850420053612     
  0.153861238443295     
  0.153871226964341     
  0.153881522102920     
  0.153891206309310     
  0.153899863756429     
  0.153907634557125     
  0.153914727031606     
  0.153921237826248     
  0.153927218133835     
  0.153932708354856     
  0.153937766594275     
  0.153942404035114     
  0.153946695780455     
  0.153950631142090     
  0.153954217562971     
  0.153957485606591     
  0.153960461151574     
  0.153963166636919     
  0.153965625858670     
  0.153967857048886     
  0.153969877902920     
  0.153971705323191     
  0.153973352009837     
  0.153974837254706     
  0.153976172150712     
  0.153977370459982     
  0.153978443316405     
  0.153979399991032     
  0.153980252935510     
  0.153981010514587     
  0.153981681744345     
  0.153982273653216     
  0.153982794651113     
  0.153983250419707     
  0.153983647954412     
  0.153983992739125     
  0.153984289102279     
  0.153984544201111     
  0.153984762877437     
  0.153984949900372     
  0.153985109526891     
  0.153985246286483     
  0.153985363157444     
  0.153985464056412     
  0.153985573154988     
  0.153985666637497     
  0.153985750165068     
  0.153985835849816     
  0.153985938659860     
  0.153986131766325     
  1.232608867538712E-002
  0.738252431520736     
  0.742429285995392     
  0.746491489393088     
  0.750561570206580     
  0.754722239677864     
  0.759008443213834     
  0.762934369137755     
  0.766493203679936     
  0.769719864258909     
  0.772653699004281     
  0.775328370001039     
  0.777778602436914     
  0.780017139874933     
  0.782068233520227     
  0.783959222890771     
  0.785704007739372     
  0.787312288779974     
  0.788798203092474     
  0.790174125673121     
  0.791449840695682     
  0.792632812110822     
  0.793731771370395     
  0.794761808208418     
  0.795726942756731     
  0.796629464536033     
  0.797474532377541     
  0.798269053766608     
  0.799015706947981     
  0.799721129413895     
  0.800388523432299     
  0.801015924922747     
  0.801606376785343     
  0.802169291929771     
  0.802699088816287     
  0.803198813544543     
  0.803671403770776     
  0.804115717415389     
  0.804533773972346     
  0.804927064094049     
  0.805297391961464     
  0.805646248376029     
  0.805974557734499     
  0.806283813794370     
  0.806574699364741     
  0.806848984060693     
  0.807107556781200     
  0.807351312822611     
  0.807581122029378     
  0.807797797705697     
  0.808002020796333     
  0.808194658603325     
  0.808377628682513     
  0.808550307461681     
  0.808712728826376     
  0.808865565689969     
  0.809009555744568     
  0.809145270767466     
  0.809273198762333     
  0.809393786377969     
  0.809507475593121     
  0.809614621154020     
  0.809715657701607     
  0.809810892169764     
  0.809900636758709     
  0.809985206124661     
  0.810064897678102     
  0.810139989369110     
  0.810210741927144     
  0.810277402393552     
  0.810340203090850     
  0.810399364507539     
  0.810455090774052     
  0.810507577191830     
  0.810557009501760     
  0.810603561707219     
  0.810647399048175     
  0.810688675311855     
  0.810727537109096     
  0.810764123170293     
  0.810798565418689     
  0.810830985557470     
  0.810861502057619     
  0.810890224878010     
  0.810917259292439     
  0.810942703400620     
  0.810966651673603     
  0.810989192201015     
  0.811010411505022     
  0.811030391401711     
  0.811049208003160     
  0.811066936723467     
  0.811083650568887     
  0.811099419520516     
  0.811114335820953     
  0.811128435269268     
  0.811141793596303     
  0.811154487853641     
  0.811166593492302     
  0.811178164623836     
  2.935419761941019E-004
  0.261747568479264     
  0.257570714004608     
  0.253508510606912     
  0.249438429793421     
  0.245277760322136     
  0.240991556786166     
  0.237065630862245     
  0.233506796320064     
  0.230280135741092     
  0.227346300995720     
  0.224671629998962     
  0.222221397563086     
  0.219982860125068     
  0.217931766479774     
  0.216040777109229     
  0.214295992260629     
  0.212687711220027     
  0.211201796907525     
  0.209825874326878     
  0.208550159304317     
  0.207367187889179     
  0.206268228629605     
  0.205238191791581     
  0.204273057243270     
  0.203370535463967     
  0.202525467622459     
  0.201730946233392     
  0.200984293052019     
  0.200278870586105     
  0.199611476567700     
  0.198984075077253     
  0.198393623214658     
  0.197830708070229     
  0.197300911183713     
  0.196801186455457     
  0.196328596229224     
  0.195884282584610     
  0.195466226027654     
  0.195072935905950     
  0.194702608038535     
  0.194353751623971     
  0.194025442265502     
  0.193716186205630     
  0.193425300635258     
  0.193151015939307     
  0.192892443218800     
  0.192648687177389     
  0.192418877970621     
  0.192202202294302     
  0.191997979203667     
  0.191805341396676     
  0.191622371317487     
  0.191449692538319     
  0.191287271173624     
  0.191134434310030     
  0.190990444255433     
  0.190854729232534     
  0.190726801237667     
  0.190606213622030     
  0.190492524406879     
  0.190385378845980     
  0.190284342298394     
  0.190189107830236     
  0.190099363241290     
  0.190014793875338     
  0.189935102321898     
  0.189860010630891     
  0.189789258072856     
  0.189722597606448     
  0.189659796909150     
  0.189600635492460     
  0.189544909225948     
  0.189492422808170     
  0.189442990498240     
  0.189396438292780     
  0.189352600951824     
  0.189311324688146     
  0.189272462890904     
  0.189235876829706     
  0.189201434581312     
  0.189169014442529     
  0.189138497942381     
  0.189109775121989     
  0.189082740707560     
  0.189057296599380     
  0.189033348326397     
  0.189010807798985     
  0.188989588494978     
  0.188969608598290     
  0.188950791996841     
  0.188933063276533     
  0.188916349431113     
  0.188900580479485     
  0.188885664179046     
  0.188871564730733     
  0.188858206403696     
  0.188845512146359     
  0.188833406507698     
  0.188821835376164     
  5.872156915229040E-006
  0.000000000000000E+000
  0.000000000000000E+000
  0.000000000000000E+000
  0.000000000000000E+000
  0.000000000000000E+000
  0.000000000000000E+000
  0.000000000000000E+000
  0.000000000000000E+000
  0.000000000000000E+000
  0.000000000000000E+000
  0.000000000000000E+000
  0.000000000000000E+000
  0.000000000000000E+000
  0.000000000000000E+000
  0.000000000000000E+000
  0.000000000000000E+000
  0.000000000000000E+000
  0.000000000000000E+000
  0.000000000000000E+000
  0.000000000000000E+000
  0.000000000000000E+000
  0.000000000000000E+000
  0.000000000000000E+000
  0.000000000000000E+000
  0.000000000000000E+000
  0.000000000000000E+000
  0.000000000000000E+000
  0.000000000000000E+000
  0.000000000000000E+000
  0.000000000000000E+000
  0.000000000000000E+000
  0.000000000000000E+000
  0.000000000000000E+000
  0.000000000000000E+000
  0.000000000000000E+000
  0.000000000000000E+000
  0.000000000000000E+000
  0.000000000000000E+000
  0.000000000000000E+000
  0.000000000000000E+000
  0.000000000000000E+000
  0.000000000000000E+000
  0.000000000000000E+000
  0.000000000000000E+000
  0.000000000000000E+000
  0.000000000000000E+000
  0.000000000000000E+000
  0.000000000000000E+000
  0.000000000000000E+000
  0.000000000000000E+000
  0.000000000000000E+000
  0.000000000000000E+000
  0.000000000000000E+000
  0.000000000000000E+000
  0.000000000000000E+000
  0.000000000000000E+000
  0.000000000000000E+000
  0.000000000000000E+000
  0.000000000000000E+000
  0.000000000000000E+000
  0.000000000000000E+000
  0.000000000000000E+000
  0.000000000000000E+000
  0.000000000000000E+000
  0.000000000000000E+000
  0.000000000000000E+000
  0.000000000000000E+000
  0.000000000000000E+000
  0.000000000000000E+000
  0.000000000000000E+000
  0.000000000000000E+000
  0.000000000000000E+000
  0.000000000000000E+000
  0.000000000000000E+000
  0.000000000000000E+000
  0.000000000000000E+000
  0.000000000000000E+000
  0.000000000000000E+000
  0.000000000000000E+000
  0.000000000000000E+000
  0.000000000000000E+000
  0.000000000000000E+000
  0.000000000000000E+000
  0.000000000000000E+000
  0.000000000000000E+000
  0.000000000000000E+000
  0.000000000000000E+000
  0.000000000000000E+000
  0.000000000000000E+000
  0.000000000000000E+000
  0.000000000000000E+000
  0.000000000000000E+000
  0.000000000000000E+000
  0.000000000000000E+000
  0.000000000000000E+000
  0.000000000000000E+000
  0.000000000000000E+000
  0.000000000000000E+000
  0.000000000000000E+000
  7.358066426680203E-008
