  0.131200071768206     
  0.131144917333383     
  0.131082704475682     
  0.131015951257280     
  0.130941531123278     
  0.128168157655564     
  0.128136123547092     
  0.128094249650878     
  0.128066456003667     
  0.128040154299673     
  0.128014758915854     
  0.127964509642999     
  0.127942592178539     
  0.127922082240539     
  0.127902907664390     
  0.127869349535217     
  0.127852498654721     
  0.127836688290978     
  0.127821787572190     
  0.127807560310330     
  0.127794067290848     
  0.127781959892131     
  0.127770528909977     
  0.127759759992036     
  0.127748992219156     
  0.127739602594563     
  0.127730651142579     
  0.127722147081889     
  0.127714181708610     
  0.127691652805714     
  0.127684623064382     
  0.127677949998499     
  0.127671739142401     
  0.127665881374919     
  0.127660324793708     
  0.127637658964872     
  0.127632796016694     
  0.127628245401621     
  0.127623913051094     
  0.127619878438819     
  0.127616070762697     
  0.127612502300977     
  0.127609159786611     
  0.127606017447615     
  0.127603067744311     
  0.127600300044093     
  0.127597705761847     
  0.127595263927268     
  0.127592993369705     
  0.127590867469084     
  0.127588819287268     
  0.127586927030658     
  0.127585166709813     
  0.127583513783521     
  0.127581960349498     
  0.127580503228273     
  0.127579137163780     
  0.127577855801050     
  0.127576645234817     
  0.127575517573536     
  0.127574465244632     
  0.127573478241769     
  0.127572553778686     
  0.127571687214724     
  0.127570873513763     
  0.127570111187450     
  0.127569397204630     
  0.127568727418221     
  0.127568101484136     
  0.127567512801188     
  0.127566962063224     
  0.127566446022820     
  0.127565963122925     
  0.127565511416408     
  0.127565087125273     
  0.127564689778445     
  0.127564318064780     
  0.127563970138313     
  0.127563643927676     
  0.127563339127485     
  0.127563053297150     
  0.127562785533742     
  0.127562534872736     
  0.127562300008718     
  0.127562078864660     
  0.127561872458720     
  0.127561677830541     
  0.127561495115655     
  0.127561323262675     
  0.127561161001751     
  0.127561007101100     
  0.127560860259449     
  0.127560721007290     
  0.127560585946476     
  0.127560456362070     
  0.127560326349894     
  0.127560197796353     
  0.127560069686005     
  0.127559952606180     
  0.127559115950692     
