  3.485479803621325E-002
  3.482964826228627E-002
  3.480535213494990E-002
  3.478241919023636E-002
  3.476014949189305E-002
  3.474150335583331E-002
  3.472529816136483E-002
  3.471060299859111E-002
  3.469658797781453E-002
  3.468311545740262E-002
  3.467018877682915E-002
  3.465787552781868E-002
  3.464624754581932E-002
  3.463515777010990E-002
  3.462456816196622E-002
  3.461450487652470E-002
  3.460498880727989E-002
  3.459593366646541E-002
  3.458744163310069E-002
  3.457943487987068E-002
  3.457195302032495E-002
  3.456493478289800E-002
  3.455835455229212E-002
  3.455214933904249E-002
  3.454627034903821E-002
  3.454087117643986E-002
  3.453577254003197E-002
  3.453101450644360E-002
  3.452652506104510E-002
  3.452231628180711E-002
  3.451839622587723E-002
  3.451478103318811E-002
  3.451135057753704E-002
  3.450812372768849E-002
  3.450509453411647E-002
  3.450227059474397E-002
  3.449965166136263E-002
  3.449723659348658E-002
  3.449490730230467E-002
  3.449274091005620E-002
  3.449068940470095E-002
  3.448879038188946E-002
  3.448703576509913E-002
  3.448540091786235E-002
  3.448387229744935E-002
  3.448244545905745E-002
  3.448111466694122E-002
  3.447987175580798E-002
  3.447871195571154E-002
  3.447762684229477E-002
  3.447663518141866E-002
  3.447569923276939E-002
  3.447483813581374E-002
  3.447403332652680E-002
  3.447327955200443E-002
  3.447257521782452E-002
  3.447191766726689E-002
  3.447130438271034E-002
  3.447073041026411E-002
  3.447019357031379E-002
  3.446969298261279E-002
  3.446922608738377E-002
  3.446878994369120E-002
  3.446838176179785E-002
  3.446800038103174E-002
  3.446764448862347E-002
  3.446731172717345E-002
  3.446700063338111E-002
  3.446670951626224E-002
  3.446643891562361E-002
  3.446618517440186E-002
  3.446594816909883E-002
  3.446572738230928E-002
  3.446552086095093E-002
  3.446532870137620E-002
  3.446514908740097E-002
  3.446498153873855E-002
  3.446482543854142E-002
  3.446467990014314E-002
  3.446454429317752E-002
  3.446441795373700E-002
  3.446430035086342E-002
  3.446419073016534E-002
  3.446408890911914E-002
  3.446399431979926E-002
  3.446390648376464E-002
  3.446382471659757E-002
  3.446374901055897E-002
  3.446367877915382E-002
  3.446361393893259E-002
  3.446355395302660E-002
  3.446349854269357E-002
  3.446344773224640E-002
  3.446340104079325E-002
  3.446335830188102E-002
  3.446331931685004E-002
  3.446328413174726E-002
  3.446325313324097E-002
  3.446323023846595E-002
  3.446282289122411E-002
