  0.384290120015778     
  0.382991041445773     
  0.381775968170730     
  0.380693629056872     
  0.379739795299360     
  0.378983650410128     
  0.378355706796328     
  0.377826631934142     
  0.377381334228458     
  0.377008147072945     
  0.376697577062095     
  0.376440400743607     
  0.376226875907752     
  0.376055522204906     
  0.375914559089598     
  0.375801266233063     
  0.375711694586381     
  0.375642638549740     
  0.375589481559064     
  0.375550637287054     
  0.375525865142700     
  0.375510604223929     
  0.375503231156088     
  0.375502474113222     
  0.375507439662735     
  0.375518048898379     
  0.375531602439103     
  0.375548853379162     
  0.375567289562551     
  0.375587445761181     
  0.375608552561184     
  0.375632391143494     
  0.375655048418532     
  0.375677412990955     
  0.375699498900797     
  0.375721917867971     
  0.375743656512202     
  0.375764470571036     
  0.375785229106871     
  0.375805160183892     
  0.375824548159911     
  0.375842911714576     
  0.375860291008118     
  0.375876699784177     
  0.375892211937994     
  0.375906830199436     
  0.375920567121625     
  0.375933472964376     
  0.375945588881166     
  0.375956887244085     
  0.375967572206233     
  0.375977517452041     
  0.375986651129912     
  0.375995076818690     
  0.376002861725459     
  0.376010045848577     
  0.376016663689811     
  0.376022749054088     
  0.376028345259723     
  0.376033478931850     
  0.376038189063837     
  0.376042493261446     
  0.376046414639649     
  0.376049984116714     
  0.376053226302535     
  0.376056164477905     
  0.376058823003856     
  0.376061223496993     
  0.376063385450012     
  0.376065327710750     
  0.376067066022381     
  0.376068615966404     
  0.376069994976065     
  0.376071219320032     
  0.376072301872614     
  0.376073254500687     
  0.376074090296555     
  0.376074819079274     
  0.376075451715434     
  0.376075996301772     
  0.376076462675988     
  0.376076858305651     
  0.376077190170709     
  0.376077465197278     
  0.376077688317943     
  0.376077866603477     
  0.376078006117130     
  0.376078110346776     
  0.376078185108148     
  0.376078233978139     
  0.376078260593002     
  0.376078268744410     
  0.376078265027042     
  0.376078250414390     
  0.376078227109326     
  0.376078203594180     
  0.376078189561513     
  0.376078200677326     
  0.376078307556567     
  0.376073865899470     
