   1.82276073727429     
   1.82036423332536     
   1.81776171468288     
   1.81505729685702     
   1.81231506726140     
   1.80957963848654     
   1.80687313166215     
   1.80422159956700     
   1.80163958222335     
   1.79913824319738     
   1.79672679088170     
   1.79440967446421     
   1.79219116500382     
   1.79006971915648     
   1.78804702396213     
   1.78612170879509     
   1.78429230998396     
   1.78255632010252     
   1.78091262596358     
   1.77935967837578     
   1.77789152187747     
   1.77650461601423     
   1.77519640172403     
   1.77396282720813     
   1.77280202841270     
   1.77170738328937     
   1.77067671882146     
   1.76970683586654     
   1.76879458161518     
   1.76793757715297     
   1.76713217656327     
   1.76637586041753     
   1.76566563425531     
   1.76499900727394     
   1.76437348087916     
   1.76378674240202     
   1.76323667995579     
   1.76272108184849     
   1.76223762614120     
   1.76178468526497     
   1.76136049671428     
   1.76096331541169     
   1.76059181585205     
   1.76024431276656     
   1.75991923909551     
   1.75961529574547     
   1.75933110353035     
   1.75906544021524     
   1.75881723309092     
   1.75858521966778     
   1.75836845409914     
   1.75816600349842     
   1.75797692218143     
   1.75780035817845     
   1.75763549896995     
   1.75748158637228     
   1.75733791336992     
   1.75720383792432     
   1.75707871863027     
   1.75696195861261     
   1.75685305445802     
   1.75675147766870     
   1.75665673946744     
   1.75656841196464     
   1.75648608186819     
   1.75640932810766     
   1.75633783834926     
   1.75627121828313     
   1.75620918653013     
   1.75615140358864     
   1.75609763149503     
   1.75604757866400     
   1.75600099436955     
   1.75595775735495     
   1.75591772596529     
   1.75588044264961     
   1.75584581898049     
   1.75581390110144     
   1.75578428679818     
   1.75575679626744     
   1.75573129024392     
   1.75570763329796     
   1.75568572521575     
   1.75566541958437     
   1.75564669550166     
   1.75562939873326     
   1.75561340175079     
   1.75559861660854     
   1.75558500162159     
   1.75557253086662     
   1.75556114604972     
   1.75555064165948     
   1.75554105660438     
   1.75553246636569     
   1.75552471366409     
   1.75551784134131     
   1.75551178737144     
   1.75550666478309     
   1.75550264419480     
   1.75542209088161     
