   8.19824031498862     
   8.13195817260211     
   8.08021198829565     
   8.03666613050997     
   7.99887912777582     
   7.96567083207143     
   7.93625792114098     
   7.91005106347799     
   7.88661740476328     
   7.86555751041003     
   7.84642885528775     
   7.82896858637695     
   7.81328832234352     
   7.79909228010149     
   7.78617791808121     
   7.77439230712475     
   7.76362993307352     
   7.75377091150107     
   7.74465387294777     
   7.73619881881433     
   7.72829013778268     
   7.72094141322988     
   7.71417264649340     
   7.70781878900834     
   7.70181471716874     
   7.69639633100702     
   7.69140839217633     
   7.68679394994365     
   7.68251898758955     
   7.67847047501403     
   7.67475548752175     
   7.67126627383516     
   7.66806975098821     
   7.66510915417534     
   7.66235791392212     
   7.65980057182241     
   7.65742046496975     
   7.65520202613309     
   7.65315307543350     
   7.65124428058038     
   7.64947018778292     
   7.64782061055325     
   7.64623784919977     
   7.64475797348724     
   7.64339447838664     
   7.64213572390928     
   7.64096661945681     
   7.63987708284345     
   7.63885766289106     
   7.63791086265295     
   7.63703583508246     
   7.63622181600403     
   7.63546401815462     
   7.63475863092028     
   7.63410220139472     
   7.63349117083138     
   7.63292244795220     
   7.63239283503581     
   7.63190023799814     
   7.63144192543620     
   7.63101570506228     
   7.63061946584976     
   7.63025130562868     
   7.62990929692325     
   7.62959176459147     
   7.62929714252519     
   7.62902373981901     
   7.62877019756722     
   7.62853521890100     
   7.62831755043451     
   7.62811596541438     
   7.62792933065920     
   7.62775650619005     
   7.62759553944774     
   7.62744709204948     
   7.62731120558726     
   7.62718468377959     
   7.62706721978073     
   7.62696086948390     
   7.62686353558749     
   7.62677352384284     
   7.62669125329386     
   7.62661566351737     
   7.62654579296941     
   7.62647864106244     
   7.62640653880628     
   7.62634773717456     
   7.62629541299258     
   7.62624709951448     
   7.62620315693117     
   7.62616302573663     
   7.62612658854755     
   7.62609264065590     
   7.62606040785434     
   7.62603082261244     
   7.62600253516257     
   7.62597527590724     
   7.62594654768131     
   7.62590258597072     
   5.87611930746775     
   8.19824031498862     
   8.13195817260211     
   8.08021198829565     
   8.03666613050997     
   7.99887912777582     
   7.96567083207143     
   7.93625792114098     
   7.91005106347799     
   7.88661740476328     
   7.86555751041003     
   7.84642885528775     
   7.82896858637695     
   7.81328832234352     
   7.79909228010149     
   7.78617791808121     
   7.77439230712475     
   7.76362993307352     
   7.75377091150107     
   7.74465387294777     
   7.73619881881433     
   7.72829013778268     
   7.72094141322988     
   7.71417264649340     
   7.70781878900834     
   7.70181471716874     
   7.69639633100702     
   7.69140839217633     
   7.68679394994365     
   7.68251898758955     
   7.67847047501403     
   7.67475548752175     
   7.67126627383516     
   7.66806975098821     
   7.66510915417534     
   7.66235791392212     
   7.65980057182241     
   7.65742046496975     
   7.65520202613309     
   7.65315307543350     
   7.65124428058038     
   7.64947018778292     
   7.64782061055325     
   7.64623784919977     
   7.64475797348724     
   7.64339447838664     
   7.64213572390928     
   7.64096661945681     
   7.63987708284345     
   7.63885766289106     
   7.63791086265295     
   7.63703583508246     
   7.63622181600403     
   7.63546401815462     
   7.63475863092028     
   7.63410220139472     
   7.63349117083138     
   7.63292244795220     
   7.63239283503581     
   7.63190023799814     
   7.63144192543620     
   7.63101570506228     
   7.63061946584976     
   7.63025130562868     
   7.62990929692325     
   7.62959176459147     
   7.62929714252519     
   7.62902373981901     
   7.62877019756722     
   7.62853521890100     
   7.62831755043451     
   7.62811596541438     
   7.62792933065920     
   7.62775650619005     
   7.62759553944774     
   7.62744709204948     
   7.62731120558726     
   7.62718468377959     
   7.62706721978073     
   7.62696086948390     
   7.62686353558749     
   7.62677352384284     
   7.62669125329386     
   7.62661566351737     
   7.62654579296941     
   7.62647864106244     
   7.62640653880628     
   7.62634773717456     
   7.62629541299258     
   7.62624709951448     
   7.62620315693117     
   7.62616302573663     
   7.62612658854755     
   7.62609264065590     
   7.62606040785434     
   7.62603082261244     
   7.62600253516257     
   7.62597527590724     
   7.62594654768131     
   7.62590258597072     
   52.5028293404889     
                     NaN
                     NaN
                     NaN
                     NaN
                     NaN
                     NaN
                     NaN
                     NaN
                     NaN
                     NaN
                     NaN
                     NaN
                     NaN
                     NaN
                     NaN
                     NaN
                     NaN
                     NaN
                     NaN
                     NaN
                     NaN
                     NaN
                     NaN
                     NaN
                     NaN
                     NaN
                     NaN
                     NaN
                     NaN
                     NaN
                     NaN
                     NaN
                     NaN
                     NaN
                     NaN
                     NaN
                     NaN
                     NaN
                     NaN
                     NaN
                     NaN
                     NaN
                     NaN
                     NaN
                     NaN
                     NaN
                     NaN
                     NaN
                     NaN
                     NaN
                     NaN
                     NaN
                     NaN
                     NaN
                     NaN
                     NaN
                     NaN
                     NaN
                     NaN
                     NaN
                     NaN
                     NaN
                     NaN
                     NaN
                     NaN
                     NaN
                     NaN
                     NaN
                     NaN
                     NaN
                     NaN
                     NaN
                     NaN
                     NaN
                     NaN
                     NaN
                     NaN
                     NaN
                     NaN
                     NaN
                     NaN
                     NaN
                     NaN
                     NaN
                     NaN
                     NaN
                     NaN
                     NaN
                     NaN
                     NaN
                     NaN
                     NaN
                     NaN
                     NaN
                     NaN
                     NaN
                     NaN
                     NaN
                     NaN
   199.864209557866     
                     NaN
                     NaN
                     NaN
                     NaN
                     NaN
                     NaN
                     NaN
                     NaN
                     NaN
                     NaN
                     NaN
                     NaN
                     NaN
                     NaN
                     NaN
                     NaN
                     NaN
                     NaN
                     NaN
                     NaN
                     NaN
                     NaN
                     NaN
                     NaN
                     NaN
                     NaN
                     NaN
                     NaN
                     NaN
                     NaN
                     NaN
                     NaN
                     NaN
                     NaN
                     NaN
                     NaN
                     NaN
                     NaN
                     NaN
                     NaN
                     NaN
                     NaN
                     NaN
                     NaN
                     NaN
                     NaN
                     NaN
                     NaN
                     NaN
                     NaN
                     NaN
                     NaN
                     NaN
                     NaN
                     NaN
                     NaN
                     NaN
                     NaN
                     NaN
                     NaN
                     NaN
                     NaN
                     NaN
                     NaN
                     NaN
                     NaN
                     NaN
                     NaN
                     NaN
                     NaN
                     NaN
                     NaN
                     NaN
                     NaN
                     NaN
                     NaN
                     NaN
                     NaN
                     NaN
                     NaN
                     NaN
                     NaN
                     NaN
                     NaN
                     NaN
                     NaN
                     NaN
                     NaN
                     NaN
                     NaN
                     NaN
                     NaN
                     NaN
                     NaN
                     NaN
                     NaN
                     NaN
                     NaN
                     NaN
   524.585677635960     
