  0.379089992340417     
  0.378694922010454     
  0.378316043173548     
  0.377953964635172     
  0.377609498240354     
  0.377283563768918     
  0.376973149288280     
  0.376677730755307     
  0.376397852774194     
  0.376133434894398     
  0.375882863816535     
  0.375646181950835     
  0.375424138158099     
  0.375214424805791     
  0.375016925350527     
  0.374831103326105     
  0.374655865396909     
  0.374491246836714     
  0.374336048038665     
  0.374190484145480     
  0.374054496295731     
  0.373926868203120     
  0.373806720330035     
  0.373694740528545     
  0.373590210258285     
  0.373491420461168     
  0.373399453179861     
  0.373313293917209     
  0.373232609203286     
  0.373156824657967     
  0.373086063870514     
  0.373019791712298     
  0.372957771718900     
  0.372899672338866     
  0.372845300302069     
  0.372794362553138     
  0.372746620691553     
  0.372701976157823     
  0.372659573182033     
  0.372620398739234     
  0.372583721183397     
  0.372549386762678     
  0.372517109581221     
  0.372487031769840     
  0.372458894722667     
  0.372432560380837     
  0.372407934285096     
  0.372384897420971     
  0.372363315868723     
  0.372343152568157     
  0.372324360108753     
  0.372306786944393     
  0.372290345129780     
  0.372274966838702     
  0.372260582622348     
  0.372247121683470     
  0.372234522991813     
  0.372222733567278     
  0.372211700280576     
  0.372201373072046     
  0.372191707179274     
  0.372182658406339     
  0.372174191134430     
  0.372166265486318     
  0.372158846731812     
  0.372151906330408     
  0.372145409146505     
  0.372139334367754     
  0.372133646869277     
  0.372128328829756     
  0.372123354392276     
  0.372118701555097     
  0.372114353225618     
  0.372110324133303     
  0.372106588229739     
  0.372103773129547     
  0.372100478712037     
  0.372097478207452     
  0.372094617431301     
  0.372091950039068     
  0.372089458661015     
  0.372087138545516     
  0.372084976922684     
  0.372082955161094     
  0.372081034968196     
  0.372079287653352     
  0.372077664664641     
  0.372076151964368     
  0.372074743299374     
  0.372073454829585     
  0.372072269527035     
  0.372071115139942     
  0.372070059753741     
  0.372069113626874     
  0.372068195738027     
  0.372067336501351     
  0.372066493288370     
  0.372065719545858     
  0.372065009786996     
  0.372057852263621     
