  0.778317409891881     
  0.777793199179178     
  0.777373145866473     
  0.777017550122242     
  0.776715484815336     
  0.776459297128540     
  0.776230240937983     
  0.776032431175984     
  0.775857988932028     
  0.775704459857110     
  0.775569130312910     
  0.775448161967925     
  0.775343323087009     
  0.775246759804794     
  0.775161817994892     
  0.775085395800427     
  0.775016522507682     
  0.774954520346300     
  0.774899236287790     
  0.774851188581041     
  0.774805626383598     
  0.774764562469981     
  0.774727875546349     
  0.774694375927478     
  0.774665723973556     
  0.774636743423774     
  0.774611822505110     
  0.774589191344509     
  0.774568634277765     
  0.774550099771039     
  0.774533083325589     
  0.774517674040475     
  0.774503561542204     
  0.774490690040861     
  0.774478921475970     
  0.774468185480212     
  0.774458382956002     
  0.774449386609489     
  0.774440316357836     
  0.774432723755065     
  0.774425755356190     
  0.774419351725909     
  0.774413537158055     
  0.774408138556723     
  0.774403162334998     
  0.774398586188645     
  0.774394349479583     
  0.774390432213364     
  0.774386823343682     
  0.774383417557870     
  0.774380361774523     
  0.774377524598998     
  0.774374897943711     
  0.774372440905336     
  0.774370152684660     
  0.774368017662736     
  0.774366026580566     
  0.774364166095909     
  0.774362427229565     
  0.774360797011636     
  0.774359273718056     
  0.774357846145429     
  0.774356510002173     
  0.774355259585873     
  0.774354088785579     
  0.774352987366361     
  0.774351957610306     
  0.774350989643812     
  0.774350083493146     
  0.774349233324910     
  0.774348434382108     
  0.774347686662603     
  0.774346981424733     
  0.774346479177314     
  0.774346101369835     
  0.774345957423525     
  0.774345476324387     
  0.774345331654318     
  0.774344876487693     
  0.774344451003687     
  0.774344049747759     
  0.774343677228428     
  0.774343328205863     
  0.774343004876026     
  0.774342720449932     
  0.774342438398474     
  0.774342180157703     
  0.774341941819861     
  0.774341743345042     
  0.774341638677448     
  0.774341583624531     
  0.774341321014550     
  0.774341190592132     
  0.774341223631468     
  0.774341145635012     
  0.774341108947435     
  0.774340996940831     
  0.774341011277239     
  0.774341148773598     
  0.774339298666280     
