   8.03737839808833     
   8.02257811676758     
   8.00717533704748     
   7.99263507687530     
   7.97884048074704     
   7.96565317480381     
   7.95331625241443     
   7.94146686644217     
   7.93018201201990     
   7.91939270568188     
   7.90910892707833     
   7.89939854889476     
   7.89005215575588     
   7.88124954917437     
   7.87284947508730     
   7.86489506056834     
   7.85737033854400     
   7.85025798627208     
   7.84355457137429     
   7.83720337849286     
   7.83131805131770     
   7.82577497473466     
   7.82053836603650     
   7.81566218283684     
   7.81108519932955     
   7.80682596411554     
   7.80278015800524     
   7.79897714025853     
   7.79540845366143     
   7.79207578603093     
   7.78894263144767     
   7.78602048416400     
   7.78326499405515     
   7.78067832391033     
   7.77825263500571     
   7.77597856884941     
   7.77384694743021     
   7.77185201858315     
   7.77000408892160     
   7.76825000345757     
   7.76660680762355     
   7.76506809854065     
   7.76362997195158     
   7.76228839407864     
   7.76103093815320     
   7.75985294168373     
   7.75875042625007     
   7.75771884949881     
   7.75675305644348     
   7.75584623157913     
   7.75501126508300     
   7.75423115078407     
   7.75350284937461     
   7.75282180950961     
   7.75218502702192     
   7.75158923561542     
   7.75103180068229     
   7.75051003637517     
   7.75002173387933     
   7.74956431130789     
   7.74913599409170     
   7.74873474240204     
   7.74835900059555     
   7.74800699460997     
   7.74767723471968     
   7.74736850925180     
   7.74707909071274     
   7.74680795089353     
   7.74655393661705     
   7.74631605727081     
   7.74609314086959     
   7.74588431661060     
   7.74568886304602     
   7.74550131982931     
   7.74532536175835     
   7.74515994308950     
   7.74500752203469     
   7.74485933637911     
   7.74472769916740     
   7.74460632356596     
   7.74449159793913     
   7.74438566791453     
   7.74428675818752     
   7.74419455964554     
   7.74410729554250     
   7.74402928497872     
   7.74395671645132     
   7.74388860463379     
   7.74382297485026     
   7.74376180760104     
   7.74370530399691     
   7.74365631082774     
   7.74361022994517     
   7.74356512586635     
   7.74352672251944     
   7.74349155279530     
   7.74346214848678     
   7.74343691233460     
   7.74342318977062     
   7.74303666237589     
