  0.670024858504713     
  0.670022539189513     
  0.670020793756282     
  0.670018816647325     
  0.670017241701841     
  0.670015856658289     
  0.670014011352846     
  0.670012237242816     
  0.670011088795603     
  0.670009564382249     
  0.670007812235478     
  0.670005995055844     
  0.670005311827653     
  0.670004099867277     
  0.670003087718570     
  0.670002046781199     
  0.670001079523239     
  0.670000134087596     
  0.669998794004662     
  0.669998722087437     
  0.669997846494867     
  0.669997098947607     
  0.669996457126122     
  0.669995276683290     
  0.669995554579515     
  0.669994793949661     
  0.669994641603387     
  0.669994387904939     
  0.669994374900054     
  0.669994077578712     
  0.669994016656406     
  0.669993831583476     
  0.669993797331542     
  0.669993873674416     
  0.669993902764822     
  0.669994029897057     
  0.669994174125059     
  0.669994326356183     
  0.669994446610615     
  0.669994621401638     
  0.669994806588721     
  0.669995018325022     
  0.669995225999962     
  0.669995333837530     
  0.669995414993737     
  0.669995487068528     
  0.669995494260904     
  0.669995439747470     
  0.669995238854683     
  0.669994768158310     
  0.669995473355196     
  0.669996195910324     
  0.669996986689962     
  0.669997721616539     
  0.669998443650923     
  0.669999121445184     
  0.669999762051829     
  0.670000325024404     
  0.670000854997410     
  0.670001309426396     
  0.670001711769739     
  0.670002055361843     
  0.670002361407121     
  0.670002619269466     
  0.670002833408088     
  0.670003019854027     
  0.670003155863302     
  0.670003249172668     
  0.670003318261312     
  0.670003370386710     
  0.670003378727533     
  0.670003372543049     
  0.670003348503505     
  0.670002904929887     
  0.670002387910370     
  0.670004696450881     
  0.670004344970322     
  0.670003487648253     
  0.670003180177068     
  0.670003033101947     
  0.670002774563974     
  0.670002633239321     
  0.670002484262369     
  0.670002348533940     
  0.670002144135273     
  0.670001841077562     
  0.670001729779419     
  0.670001614186466     
  0.670001310549179     
  0.670000993768820     
  0.670000678878137     
  0.670000651759124     
  0.670000579121720     
  0.670000240086720     
  0.670000169864702     
  0.670000081776313     
  0.670000236544607     
  0.670000407795312     
  0.670000718932846     
  0.670000000000000     
