  2.167403471563322E-002
  2.177501345416445E-002
  2.188041716521633E-002
  2.198023783682325E-002
  2.207521266314410E-002
  2.216626004465963E-002
  2.225167810441089E-002
  2.233392917997950E-002
  2.241243885918409E-002
  2.248768627696061E-002
  2.255957501204759E-002
  2.262760288339431E-002
  2.269318609243490E-002
  2.275508657285427E-002
  2.281426054123769E-002
  2.287039442038545E-002
  2.292358287218475E-002
  2.297393552644755E-002
  2.302147414457312E-002
  2.306654738866050E-002
  2.310838932888605E-002
  2.314784412733600E-002
  2.318515880044648E-002
  2.321995740876035E-002
  2.325261882937028E-002
  2.328306724088270E-002
  2.331200119551690E-002
  2.333922447007589E-002
  2.336478480700860E-002
  2.338867954137211E-002
  2.341115384038764E-002
  2.343213142519428E-002
  2.345192110760622E-002
  2.347050624552943E-002
  2.348794519157111E-002
  2.350429980334805E-002
  2.351963660241384E-002
  2.353399583922572E-002
  2.354730301378780E-002
  2.355993775944823E-002
  2.357177754288411E-002
  2.358286728677645E-002
  2.359323518611030E-002
  2.360291210428709E-002
  2.361198528456403E-002
  2.362048745243623E-002
  2.362844831758413E-002
  2.363590022330247E-002
  2.364288221904282E-002
  2.364944638842655E-002
  2.365546267045207E-002
  2.366108308315183E-002
  2.366632811112087E-002
  2.367123363449990E-002
  2.367582013993911E-002
  2.368011191549723E-002
  2.368412772649739E-002
  2.368788792977316E-002
  2.369140728807394E-002
  2.369470548666283E-002
  2.369779470672891E-002
  2.370068982200012E-002
  2.370340150354393E-002
  2.370594281778488E-002
  2.370832439663501E-002
  2.371055457099645E-002
  2.371264639425631E-002
  2.371460708859830E-002
  2.371644451187168E-002
  2.371816563268704E-002
  2.371977960030983E-002
  2.372129196297347E-002
  2.372270801611397E-002
  2.372407748367034E-002
  2.372536496370497E-002
  2.372650446954732E-002
  2.372761736268069E-002
  2.372871244824363E-002
  2.372967374905998E-002
  2.373055667555021E-002
  2.373139428171605E-002
  2.373216521886960E-002
  2.373288551142273E-002
  2.373355686510668E-002
  2.373419422715940E-002
  2.373476706642332E-002
  2.373529562363564E-002
  2.373579201007077E-002
  2.373627519319044E-002
  2.373672638553482E-002
  2.373714374730269E-002
  2.373749939752159E-002
  2.373783510629195E-002
  2.373817050102288E-002
  2.373845052845059E-002
  2.373870758256196E-002
  2.373891670281869E-002
  2.373909520570590E-002
  2.373918673765633E-002
  2.374200569659085E-002
