  0.126188247735282     
  0.126310669775252     
  0.126414413235742     
  0.126503651913830     
  0.126583352674974     
  0.126656566530724     
  0.126723011883255     
  0.126785147275082     
  0.126843053653343     
  0.126897493465465     
  0.126948420440232     
  0.126995845765628     
  0.127041119993789     
  0.127083433771084     
  0.127123489456308     
  0.127161138744985     
  0.127196463704678     
  0.127229785924223     
  0.127260695866197     
  0.127289653242070     
  0.127316782633092     
  0.127342151061823     
  0.127365611679696     
  0.127387841003354     
  0.127408350959218     
  0.127427525096588     
  0.127445700070717     
  0.127462758107663     
  0.127478730186257     
  0.127493508705732     
  0.127507489481146     
  0.127520473223327     
  0.127532737962613     
  0.127544216103097     
  0.127554977516555     
  0.127565033679707     
  0.127574425045417     
  0.127583224367832     
  0.127591344633596     
  0.127599055196413     
  0.127606266155361     
  0.127613010329236     
  0.127619222721371     
  0.127625081697829     
  0.127630567492031     
  0.127635691658701     
  0.127640500172120     
  0.127645003333854     
  0.127649210174993     
  0.127653207403229     
  0.127656800330611     
  0.127660156064236     
  0.127663285073945     
  0.127666214878002     
  0.127668954727236     
  0.127671520722079     
  0.127673923422012     
  0.127676175931485     
  0.127678287395816     
  0.127680271259653     
  0.127682131436228     
  0.127683878386476     
  0.127685517081383     
  0.127687055544537     
  0.127688499729618     
  0.127689855449138     
  0.127691128899174     
  0.127692325622722     
  0.127693448452449     
  0.127694502906235     
  0.127695493996922     
  0.127696424098979     
  0.127697297640897     
  0.127698139463888     
  0.127698925520386     
  0.127699650483773     
  0.127700346275359     
  0.127701015412070     
  0.127701621686802     
  0.127702173723176     
  0.127702703847867     
  0.127703187365203     
  0.127703640503000     
  0.127704059988244     
  0.127704439842331     
  0.127704803419543     
  0.127705131584516     
  0.127705437189854     
  0.127705738526623     
  0.127706009744359     
  0.127706254608078     
  0.127706473629375     
  0.127706666319971     
  0.127706848113920     
  0.127706994057655     
  0.127707118282222     
  0.127707208862436     
  0.127707263437987     
  0.127707253389497     
  0.127710084624293     
