  3.496171588040117E-002
  3.496174915138254E-002
  3.496176911008479E-002
  3.496179469067792E-002
  3.496182371726903E-002
  3.496182806514279E-002
  3.496185559194964E-002
  3.496188114661652E-002
  3.496189617746315E-002
  3.496191652332137E-002
  3.496194832100761E-002
  3.496197162609584E-002
  3.496198142461245E-002
  3.496200144324567E-002
  3.496201714997917E-002
  3.496203366342679E-002
  3.496204980530206E-002
  3.496206626824650E-002
  3.496208957831289E-002
  3.496209113277204E-002
  3.496210789789191E-002
  3.496212259624355E-002
  3.496213564309158E-002
  3.496215580412709E-002
  3.496215597051700E-002
  3.496217238312084E-002
  3.496217686004272E-002
  3.496218400407532E-002
  3.496218600723654E-002
  3.496219507610504E-002
  3.496219858453694E-002
  3.496220483975991E-002
  3.496220718264822E-002
  3.496221057004481E-002
  3.496221255219127E-002
  3.496221313652524E-002
  3.496221337729473E-002
  3.496221354328828E-002
  3.496221401222410E-002
  3.496221384054291E-002
  3.496221298281439E-002
  3.496221125046128E-002
  3.496221079230524E-002
  3.496221134417423E-002
  3.496221252554348E-002
  3.496221409943456E-002
  3.496221708200320E-002
  3.496222081341287E-002
  3.496222963192611E-002
  3.496224226770666E-002
  3.496223015711598E-002
  3.496221765134111E-002
  3.496220412730692E-002
  3.496219156860824E-002
  3.496217876681237E-002
  3.496216695771191E-002
  3.496215555073757E-002
  3.496214524363650E-002
  3.496213541575773E-002
  3.496212683357530E-002
  3.496211894788191E-002
  3.496211217735674E-002
  3.496210584662342E-002
  3.496210001443135E-002
  3.496209520328445E-002
  3.496209055363441E-002
  3.496208702903374E-002
  3.496208357909927E-002
  3.496208111659658E-002
  3.496207866480009E-002
  3.496207716495463E-002
  3.496207594546240E-002
  3.496207486816817E-002
  3.496207062300892E-002
  3.496206463542517E-002
  3.496207235014615E-002
  3.496207310360631E-002
  3.496206572676752E-002
  3.496206863656486E-002
  3.496206990650080E-002
  3.496207270403011E-002
  3.496207393018454E-002
  3.496207496597858E-002
  3.496207649765790E-002
  3.496208076394228E-002
  3.496208195400384E-002
  3.496208360779431E-002
  3.496208497175263E-002
  3.496208773071476E-002
  3.496208687088224E-002
  3.496208512390061E-002
  3.496209008745639E-002
  3.496209128770478E-002
  3.496208824926809E-002
  3.496208924735911E-002
  3.496208993462856E-002
  3.496209446153475E-002
  3.496209599097252E-002
  3.496209485477932E-002
  3.496221434921495E-002
