  0.133814810181249     
  0.133586865916549     
  0.133404686010084     
  0.133250783573358     
  0.133120310796001     
  0.133009783790001     
  0.132911122956285     
  0.132826024545655     
  0.132751049448190     
  0.132685129020664     
  0.132627096513009     
  0.132575247770625     
  0.132530333657746     
  0.132489002034244     
  0.132452660814718     
  0.132419983159105     
  0.132390546616829     
  0.132364059013619     
  0.132340452236636     
  0.132319928473689     
  0.132300489049867     
  0.132282971497625     
  0.132267320693688     
  0.132253027652500     
  0.132240816497518     
  0.132228469056638     
  0.132217841073948     
  0.132208194883389     
  0.132199426291631     
  0.132191533128929     
  0.132184280239188     
  0.132177717420263     
  0.132171703011603     
  0.132166220580896     
  0.132161206818047     
  0.132156631487534     
  0.132152454505862     
  0.132148621419580     
  0.132144757706589     
  0.132141523485346     
  0.132138554421752     
  0.132135824491427     
  0.132133347975627     
  0.132131050633466     
  0.132128933882647     
  0.132126988345887     
  0.132125190145897     
  0.132123529284418     
  0.132122009472845     
  0.132120582416176     
  0.132119267042838     
  0.132118045494700     
  0.132116913751229     
  0.132115856617524     
  0.132114871470114     
  0.132113953586356     
  0.132113098241813     
  0.132112299879580     
  0.132111554473153     
  0.132110856943402     
  0.132110205613926     
  0.132109596992201     
  0.132109027342898     
  0.132108494954266     
  0.132107997259359     
  0.132107529343650     
  0.132107093598236     
  0.132106682689121     
  0.132106299801089     
  0.132105940831918     
  0.132105603806929     
  0.132105289281328     
  0.132104993202424     
  0.132104708536955     
  0.132104444673524     
  0.132104755346647     
  0.132104527930248     
  0.132104308167422     
  0.132104116990022     
  0.132103941103044     
  0.132103774558574     
  0.132103619965913     
  0.132103474738461     
  0.132103341035557     
  0.132103226973317     
  0.132103108146437     
  0.132103001034378     
  0.132102902278244     
  0.132102809255174     
  0.132102723893552     
  0.132102646807753     
  0.132102585345241     
  0.132102531445078     
  0.132102480456518     
  0.132102450868571     
  0.132102436923842     
  0.132102453939619     
  0.132102493638381     
  0.132102574938853     
  0.133815395164038     
