  9.885309430084772E-002
  9.862511676516669E-002
  9.844291689999875E-002
  9.828898888267969E-002
  9.815848707873209E-002
  9.804795572485836E-002
  9.794926736433500E-002
  9.786414339903836E-002
  9.778915327072678E-002
  9.772321249734248E-002
  9.766514819200102E-002
  9.761327614452897E-002
  9.756835223313332E-002
  9.752700059099863E-002
  9.749064366473859E-002
  9.745794949567810E-002
  9.742849681152738E-002
  9.740199274537237E-002
  9.737836265832353E-002
  9.735783734091677E-002
  9.733838115197462E-002
  9.732084890138121E-002
  9.730518505059634E-002
  9.729087184837304E-002
  9.727866052700124E-002
  9.726629667351762E-002
  9.725566421390514E-002
  9.724601087931346E-002
  9.723724028439415E-002
  9.722933805282372E-002
  9.722208165465121E-002
  9.721551258050287E-002
  9.720949582895490E-002
  9.720401001085133E-002
  9.719899426585604E-002
  9.719441835100853E-002
  9.719024112856726E-002
  9.718640787629176E-002
  9.718254369436442E-002
  9.717930964480359E-002
  9.717634143893809E-002
  9.717361324096582E-002
  9.717113718332177E-002
  9.716883928929200E-002
  9.716672135710308E-002
  9.716477424645208E-002
  9.716297306389413E-002
  9.716130847100495E-002
  9.715977984091860E-002
  9.715834014846982E-002
  9.715703688572160E-002
  9.715582784335938E-002
  9.715470962392224E-002
  9.715366504891598E-002
  9.715269270330201E-002
  9.715178662864456E-002
  9.715094269107516E-002
  9.715015463594311E-002
  9.714941905739533E-002
  9.714873010982637E-002
  9.714808666604419E-002
  9.714748481484384E-002
  9.714692149627457E-002
  9.714639493983450E-002
  9.714590205607410E-002
  9.714543879001514E-002
  9.714500656920197E-002
  9.714459911002182E-002
  9.714421868449248E-002
  9.714386216711794E-002
  9.714352664197465E-002
  9.714321333586590E-002
  9.714291833425545E-002
  9.714263791394605E-002
  9.714238003809871E-002
  9.714268299650115E-002
  9.714245482664123E-002
  9.714224244065491E-002
  9.714204835345704E-002
  9.714187119654309E-002
  9.714170185454439E-002
  9.714154603572896E-002
  9.714139977248215E-002
  9.714126453789902E-002
  9.714114620937497E-002
  9.714102619243348E-002
  9.714091742658328E-002
  9.714081730649116E-002
  9.714072152445950E-002
  9.714063702267023E-002
  9.714056168385274E-002
  9.714049525778437E-002
  9.714044015737343E-002
  9.714039220724979E-002
  9.714036162121160E-002
  9.714034698921313E-002
  9.714035947808462E-002
  9.714039764740831E-002
  9.714048008407394E-002
  9.885318081482307E-002
