   1.33279750471160     
   1.33198663932940     
   1.33114183373495     
   1.33034327103880     
   1.32958482111090     
   1.32885896375613     
   1.32817907565057     
   1.32752539046903     
   1.32690234832700     
   1.32630602591059     
   1.32573707832827     
   1.32519936720593     
   1.32468160455995     
   1.32419347802951     
   1.32372736106688     
   1.32328565029191     
   1.32286752857194     
   1.32247206811938     
   1.32209903716664     
   1.32174564608215     
   1.32141784569372     
   1.32110897234351     
   1.32081705425326     
   1.32054499576736     
   1.32028980042418     
   1.32005203065995     
   1.31982620739021     
   1.31961384246283     
   1.31941454410009     
   1.31922831519350     
   1.31905322943541     
   1.31888986733273     
   1.31873581215892     
   1.31859118354779     
   1.31845551824592     
   1.31832832688812     
   1.31820908493274     
   1.31809747303758     
   1.31799406420483     
   1.31789590350397     
   1.31780393905423     
   1.31771781810441     
   1.31763731829320     
   1.31756219693306     
   1.31749177414325     
   1.31742579369908     
   1.31736402307089     
   1.31730620955650     
   1.31725204868241     
   1.31720113513291     
   1.31715447638937     
   1.31711089230002     
   1.31707022311349     
   1.31703218983998     
   1.31699663297175     
   1.31696336363038     
   1.31693223584021     
   1.31690309136546     
   1.31687581539562     
   1.31685025502671     
   1.31682631556238     
   1.31680388148215     
   1.31678286986963     
   1.31676317927966     
   1.31674472716000     
   1.31672744881026     
   1.31671124296469     
   1.31669605355436     
   1.31668181960136     
   1.31666848703068     
   1.31665598488818     
   1.31664427012615     
   1.31663330166405     
   1.31662269430787     
   1.31661272223090     
   1.31660389646751     
   1.31659527699938     
   1.31658679561957     
   1.31657935053202     
   1.31657251255075     
   1.31656602566027     
   1.31656005517749     
   1.31655447698333     
   1.31654927785315     
   1.31654434202021     
   1.31653990590983     
   1.31653581276317     
   1.31653196878210     
   1.31652822707923     
   1.31652473313756     
   1.31652150119802     
   1.31651874715541     
   1.31651614754909     
   1.31651355039010     
   1.31651138198465     
   1.31650939148368     
   1.31650777216569     
   1.31650638993739     
   1.31650568116596     
   1.31648385331524     
