  0.383791220363130     
  0.382973419094699     
  0.381993682269120     
  0.381054764309593     
  0.380212200377413     
  0.379477610795237     
  0.378840268650669     
  0.378294348384884     
  0.377827733986746     
  0.377430715360394     
  0.377094657694615     
  0.376811944703069     
  0.376573156251726     
  0.376371520829585     
  0.376203173977260     
  0.376062959238811     
  0.375946769246462     
  0.375851259254669     
  0.375774715945655     
  0.375712884089408     
  0.375663608175297     
  0.375625464054443     
  0.375596749995891     
  0.375576528752604     
  0.375564343244742     
  0.375555382313823     
  0.375550904888255     
  0.375550005011008     
  0.375551938300799     
  0.375557213463843     
  0.375563604987380     
  0.375572126134872     
  0.375581004742229     
  0.375590511292481     
  0.375600500615270     
  0.375610774595289     
  0.375621196302851     
  0.375631609097431     
  0.375641524225288     
  0.375651454512584     
  0.375661073614585     
  0.375670319689675     
  0.375679395428206     
  0.375688057442881     
  0.375696213789386     
  0.375703871642193     
  0.375711022846805     
  0.375717713827980     
  0.375724032548981     
  0.375729874308135     
  0.375735041080514     
  0.375739746381705     
  0.375744015668509     
  0.375747868422029     
  0.375751320544923     
  0.375754405194955     
  0.375757144737813     
  0.375759574395247     
  0.375761699166985     
  0.375763552949939     
  0.375765152079761     
  0.375766518762329     
  0.375767669094102     
  0.375768624566533     
  0.375769401950782     
  0.375770013693980     
  0.375770481670005     
  0.375770817485657     
  0.375771033693190     
  0.375771141807098     
  0.375771156797982     
  0.375771087928931     
  0.375770943675413     
  0.375770827484699     
  0.375770689527167     
  0.375770382203119     
  0.375770108673669     
  0.375769924694451     
  0.375769616520558     
  0.375769255057816     
  0.375768890787466     
  0.375768488358525     
  0.375768071212040     
  0.375767652426353     
  0.375767269831089     
  0.375766985294091     
  0.375766603721311     
  0.375766213828401     
  0.375765863792329     
  0.375765532905878     
  0.375765223917563     
  0.375764868472710     
  0.375764536091860     
  0.375764279864624     
  0.375764004140402     
  0.375763760249151     
  0.375763506045329     
  0.375763309294247     
  0.375763385833480     
  0.375757009801788     
