  0.584942415931887     
  0.584171541232708     
  0.583524066790916     
  0.582950796769564     
  0.582439090877926     
  0.581980695185394     
  0.581555906264065     
  0.581170038430293     
  0.580815008351103     
  0.580488535306578     
  0.580188356062103     
  0.579910118218814     
  0.579655773600849     
  0.579416723461792     
  0.579196662409711     
  0.578992137405565     
  0.578802005551756     
  0.578625154385102     
  0.578461760829485     
  0.578312204357122     
  0.578170232348992     
  0.578038333535430     
  0.577916507563775     
  0.577802340869187     
  0.577698277673814     
  0.577597851757655     
  0.577505801887916     
  0.577420037727188     
  0.577340104533244     
  0.577265942586499     
  0.577196525809186     
  0.577131949408377     
  0.577071626938670     
  0.577015406722043     
  0.576962933988891     
  0.576914026103706     
  0.576868462633500     
  0.576825905106807     
  0.576785301009463     
  0.576748213968887     
  0.576713615435928     
  0.576681326055150     
  0.576651406275405     
  0.576623360896806     
  0.576597190066403     
  0.576572798694648     
  0.576550016197341     
  0.576528749687435     
  0.576508949587536     
  0.576490375249073     
  0.576473116550377     
  0.576457001637520     
  0.576441966067267     
  0.576427906849059     
  0.576414772570836     
  0.576402502676765     
  0.576391041739818     
  0.576380333895479     
  0.576370330703728     
  0.576360978745974     
  0.576352246380607     
  0.576344089193175     
  0.576336468548725     
  0.576329353085387     
  0.576322710532241     
  0.576316501329729     
  0.576310712629232     
  0.576305299707301     
  0.576300254938309     
  0.576295544526935     
  0.576291149291739     
  0.576287052647449     
  0.576283226783586     
  0.576279657561528     
  0.576276358311670     
  0.576274648118083     
  0.576271774015180     
  0.576269121473980     
  0.576266663440326     
  0.576264388985065     
  0.576262263478217     
  0.576260295045820     
  0.576258465218615     
  0.576256773058003     
  0.576255254344009     
  0.576253794513906     
  0.576252457190954     
  0.576251224317084     
  0.576250081532731     
  0.576249046061770     
  0.576248109446031     
  0.576247252721352     
  0.576246492763485     
  0.576245821040409     
  0.576245256636525     
  0.576244798054651     
  0.576244472439580     
  0.576244283138263     
  0.576244279522415     
  0.576236232572704     
