   1.83808089789865     
   1.83483247761315     
   1.83142045508359     
   1.82793078972067     
   1.82441196282261     
   1.82092121832280     
   1.81750761357701     
   1.81419290003717     
   1.81098817588425     
   1.80790402763649     
   1.80495395699467     
   1.80214203006011     
   1.79946768262725     
   1.79693057742918     
   1.79452976473813     
   1.79226274401723     
   1.79012682173800     
   1.78811671979198     
   1.78622733619844     
   1.78445368940656     
   1.78278991106486     
   1.78122985604195     
   1.77976862021597     
   1.77840113955492     
   1.77712213754936     
   1.77592676310481     
   1.77480925812942     
   1.77376563295959     
   1.77279121563465     
   1.77188103070321     
   1.77103348149749     
   1.77024357057157     
   1.76950702342554     
   1.76882056326600     
   1.76818024829320     
   1.76758316676521     
   1.76702660472875     
   1.76650738010750     
   1.76602322393370     
   1.76557204125669     
   1.76515145858583     
   1.76475940449993     
   1.76439399086507     
   1.76405344417849     
   1.76373610311773     
   1.76344043893228     
   1.76316499359946     
   1.76290841765548     
   1.76266940345957     
   1.76244692921696     
   1.76223980718895     
   1.76204695532634     
   1.76186741633282     
   1.76170031851612     
   1.76154480717695     
   1.76139982077102     
   1.76126503341904     
   1.76113985157930     
   1.76102358766374     
   1.76091569043300     
   1.76081546264545     
   1.76072235688700     
   1.76063590657671     
   1.76055568352434     
   1.76048123113432     
   1.76041220005700     
   1.76034821076112     
   1.76028896781456     
   1.76023409592454     
   1.76018332312128     
   1.76013635471855     
   1.76009291765521     
   1.76005280105260     
   1.76001573336241     
   1.75998152067961     
   1.75994995835827     
   1.75992085771541     
   1.75989403512552     
   1.75986934772616     
   1.75984661895853     
   1.75982572806554     
   1.75980649314246     
   1.75978884183877     
   1.75977265011998     
   1.75975780860112     
   1.75974417656333     
   1.75973171378260     
   1.75972028827947     
   1.75970986278270     
   1.75970034535015     
   1.75969167277566     
   1.75968375137531     
   1.75967657103460     
   1.75967004680766     
   1.75966418825831     
   1.75965890172807     
   1.75965421351050     
   1.75965010414435     
   1.75964659419568     
   1.75959416538054     
