   9.54128389882686     
   9.47263538129778     
   9.40756002883554     
   9.34895409269915     
   9.29658614937789     
   9.24977522843855     
   9.20804925018996     
   9.17112870330998     
   9.13830558706978     
   9.10904182656023     
   9.08290323401549     
   9.05944641913307     
   9.03842695214514     
   9.01950776426841     
   9.00239960932719     
   8.98695880745366     
   8.97309039213628     
   8.96052338507485     
   8.94912228322649     
   8.93864839968497     
   8.92914940164866     
   8.92053340724357     
   8.91264506252913     
   8.90539215963951     
   8.89874453866035     
   8.89264416946794     
   8.88702734460167     
   8.88184471856915     
   8.87705349428627     
   8.87256678415827     
   8.86842822980678     
   8.86436796421879     
   8.86056635175740     
   8.85691540388357     
   8.85361126704213     
   8.85058813175929     
   8.84777977618461     
   8.84518086467518     
   8.84277177742235     
   8.84053287766406     
   8.83843297806365     
   8.83648826749155     
   8.83468096639661     
   8.83300131561278     
   8.83144016264386     
   8.82998912577038     
   8.82864003010792     
   8.82738548060762     
   8.82621905042682     
   8.82513391616701     
   8.82413348289838     
   8.82320406793928     
   8.82233976344456     
   8.82153612480916     
   8.82078875543252     
   8.82009393540937     
   8.81944957537739     
   8.81878254743918     
   8.81823028013278     
   8.81766485543814     
   8.81714902693434     
   8.81668671570361     
   8.81626454591287     
   8.81587525864159     
   8.81551615789246     
   8.81518495429939     
   8.81487969757213     
   8.81459843880242     
   8.81433957260940     
   8.81410129688725     
   8.81388223248656     
   8.81368097744702     
   8.81349626484633     
   8.81332683210108     
   8.81317159856530     
   8.81302949161661     
   8.81289955914667     
   8.81278086173944     
   8.81267259296045     
   8.81257393940852     
   8.81248412686394     
   8.81240248480897     
   8.81232832319742     
   8.81226090010545     
   8.81219985368533     
   8.81214454791795     
   8.81209466164524     
   8.81204966600091     
   8.81200908979319     
   8.81197257700888     
   8.81193968045761     
   8.81191004044609     
   8.81188328880924     
   8.81185911061616     
   8.81183714637547     
   8.81181711407034     
   8.81179847301976     
   8.81177997357577     
   8.81175563249658     
  0.223591659886756     
   6.23786340513113     
   6.23625939524414     
   6.23019610631580     
   6.22301385751286     
   6.21524114290676     
   6.20706972802324     
   6.19876132952417     
   6.19093698955126     
   6.18356871598127     
   6.17667598813006     
   6.17024864840256     
   6.16417454567154     
   6.15844319112458     
   6.15297672434143     
   6.14772328249471     
   6.14272266876175     
   6.13804154658833     
   6.13359631446473     
   6.12938021347076     
   6.12530524887609     
   6.12148394569203     
   6.11790911226667     
   6.11452019495648     
   6.11129487693268     
   6.10824974136198     
   6.10537551270169     
   6.10265473644482     
   6.10007619683116     
   6.09763125105844     
   6.09527425400356     
   6.09305231757889     
   6.09078760372148     
   6.08862712626173     
   6.08650053643494     
   6.08455785377499     
   6.08276028226879     
   6.08106760726023     
   6.07948075542543     
   6.07799077523579     
   6.07658772788356     
   6.07525385935959     
   6.07400406747694     
   6.07282870060576     
   6.07172387086290     
   6.07068552563641     
   6.06970998470368     
   6.06879334679676     
   6.06793207003635     
   6.06712303991839     
   6.06636236315602     
   6.06565661616782     
   6.06499518722442     
   6.06437477301777     
   6.06379309439378     
   6.06324772370149     
   6.06273665479989     
   6.06225896327432     
   6.06176158613462     
   6.06134601126254     
   6.06091890394839     
   6.06052661435277     
   6.06017223994947     
   6.05984627325334     
   6.05954359659517     
   6.05926242029466     
   6.05900122348544     
   6.05875872870071     
   6.05853362340580     
   6.05832488228201     
   6.05813129218820     
   6.05795193981724     
   6.05778587380725     
   6.05763223965529     
   6.05749016989141     
   6.05735893404736     
   6.05723778722396     
   6.05712606445623     
   6.05702311025142     
   6.05692835604384     
   6.05684122315858     
   6.05676115337942     
   6.05668766408522     
   6.05662025156485     
   6.05655837256703     
   6.05650176160945     
   6.05644993983209     
   6.05640266384022     
   6.05635954442270     
   6.05632021983434     
   6.05628442178559     
   6.05625181021227     
   6.05622211174845     
   6.05619505549360     
   6.05617041817087     
   6.05614794999424     
   6.05612749042804     
   6.05610874543597     
   6.05609101177146     
   6.05607041777025     
  0.880122596773631     
                     NaN
                     NaN
                     NaN
                     NaN
                     NaN
                     NaN
                     NaN
                     NaN
                     NaN
                     NaN
                     NaN
                     NaN
                     NaN
                     NaN
                     NaN
                     NaN
                     NaN
                     NaN
                     NaN
                     NaN
                     NaN
                     NaN
                     NaN
                     NaN
                     NaN
                     NaN
                     NaN
                     NaN
                     NaN
                     NaN
                     NaN
                     NaN
                     NaN
                     NaN
                     NaN
                     NaN
                     NaN
                     NaN
                     NaN
                     NaN
                     NaN
                     NaN
                     NaN
                     NaN
                     NaN
                     NaN
                     NaN
                     NaN
                     NaN
                     NaN
                     NaN
                     NaN
                     NaN
                     NaN
                     NaN
                     NaN
                     NaN
                     NaN
                     NaN
                     NaN
                     NaN
                     NaN
                     NaN
                     NaN
                     NaN
                     NaN
                     NaN
                     NaN
                     NaN
                     NaN
                     NaN
                     NaN
                     NaN
                     NaN
                     NaN
                     NaN
                     NaN
                     NaN
                     NaN
                     NaN
                     NaN
                     NaN
                     NaN
                     NaN
                     NaN
                     NaN
                     NaN
                     NaN
                     NaN
                     NaN
                     NaN
                     NaN
                     NaN
                     NaN
                     NaN
                     NaN
                     NaN
                     NaN
                     NaN
  0.990624927714190     
   47.5902667944691     
   47.1481910152220     
   46.6761290059191     
   46.2148531850929     
   45.7876816113450     
   45.3983288408442     
   45.0492415595163     
   44.7388581096014     
   44.4687630378400     
   44.2350386326584     
   44.0328919678064     
   43.8573147810417     
   43.7038939921657     
   43.5694292522674     
   43.4512697325562     
   43.3473311264125     
   43.2555265945257     
   43.1748097569755     
   43.1034643571411     
   43.0402610609261     
   42.9841079668328     
   42.9341247910608     
   42.8895126265659     
   42.8496006043370     
   42.8138349593122     
   42.7817204155633     
   42.7528212083625     
   42.7267408861777     
   42.7031822161670     
   42.6818438131754     
   42.6624859874749     
   42.6449899579557     
   42.6290455329312     
   42.6145327899808     
   42.6012955764712     
   42.5891553119596     
   42.5779654921344     
   42.5676355785266     
   42.5580931121492     
   42.5492999683650     
   42.5412056405465     
   42.5337487617313     
   42.5268899668929     
   42.5205816040887     
   42.5147734916548     
   42.5094308702404     
   42.5045162643327     
   42.4999958009427     
   42.4958376045851     
   42.4920129574212     
   42.4885225959663     
   42.4853123435919     
   42.4823593836232     
   42.4796421905479     
   42.4771419261703     
   42.4748413923281     
   42.4727256039286     
   42.4707813246307     
   42.4689950957434     
   42.4673558255123     
   42.4658529393139     
   42.4644735544271     
   42.4632019093914     
   42.4620305800353     
   42.4609547695367     
   42.4599687751693     
   42.4590668580184     
   42.4582432261562     
   42.4574929494438     
   42.4568104649911     
   42.4561905583499     
   42.4556283654397     
   42.4551195113226     
   42.4546596522221     
   42.4542447792103     
   42.4538711289672     
   42.4535351492386     
   42.4532336444057     
   42.4529635572094     
   42.4527220968426     
   42.4525066415517     
   42.4523148974492     
   42.4521446605964     
   42.4519938963597     
   42.4518606741562     
   42.4517434069044     
   42.4516405061938     
   42.4515505301033     
   42.4514721554735     
   42.4514041251119     
   42.4513454368090     
   42.4512950665776     
   42.4512520673056     
   42.4512158616157     
   42.4511857124132     
   42.4511611633384     
   42.4511422800976     
   42.4511280613563     
   42.4511084706809     
  0.999666175766410     
