  0.388105845643045     
  0.387616147704329     
  0.387152989649297     
  0.386719463473991     
  0.386305805554616     
  0.385908823142131     
  0.385536079499613     
  0.385188543482567     
  0.384862278265296     
  0.384554326196701     
  0.384263694591573     
  0.383991416672867     
  0.383737131579530     
  0.383498262416884     
  0.383274104932801     
  0.383064806553055     
  0.382869088170938     
  0.382687232957138     
  0.382517723423476     
  0.382359935221812     
  0.382213503592923     
  0.382077893514807     
  0.381951778624577     
  0.381834232119622     
  0.381725208319277     
  0.381623853125921     
  0.381530647302485     
  0.381443580934973     
  0.381362915203839     
  0.381288822045319     
  0.381218458788069     
  0.381154410759995     
  0.381095369695895     
  0.381040605589280     
  0.380990040096156     
  0.380943191421520     
  0.380899669782608     
  0.380859696284421     
  0.380822541559487     
  0.380787963857276     
  0.380756047804064     
  0.380726445237486     
  0.380698986965216     
  0.380673504104669     
  0.380649842863564     
  0.380627867759043     
  0.380607454420203     
  0.380588486335332     
  0.380570855082398     
  0.380554361873868     
  0.380539245093029     
  0.380525166378153     
  0.380512043931430     
  0.380499812155773     
  0.380488407997362     
  0.380478015032971     
  0.380468034687168     
  0.380458688343776     
  0.380450043940065     
  0.380441941771926     
  0.380434476271264     
  0.380427520737128     
  0.380421030638541     
  0.380414985495872     
  0.380409346935240     
  0.380404090023989     
  0.380399194800616     
  0.380394636359325     
  0.380390392296149     
  0.380386441552650     
  0.380382762384553     
  0.380379343741634     
  0.380376165318021     
  0.380373208655661     
  0.380370463344642     
  0.380367913077968     
  0.380365545045462     
  0.380363351902419     
  0.380361313446677     
  0.380359427740141     
  0.380357678348812     
  0.380356060147655     
  0.380354561418310     
  0.380353176947791     
  0.380351895598697     
  0.380350709880921     
  0.380349620303016     
  0.380348609755475     
  0.380347680257491     
  0.380346823029904     
  0.380346033727710     
  0.380345304922004     
  0.380344634486151     
  0.380344017109044     
  0.380343448249348     
  0.380342922301557     
  0.380342438482064     
  0.380341991857173     
  0.380341605077210     
  0.380337017532128     
