  3.260337318791002E-003
  3.171464012174963E-003
  3.085390099715390E-003
  2.992997003908685E-003
  2.892975433985393E-003
  2.792300348549693E-003
  2.686871256993942E-003
  2.580790844919489E-003
  2.477170271600812E-003
  2.374172399846723E-003
  2.269369806934151E-003
  2.163523105571670E-003
  2.046689868929579E-003
  1.929993178105357E-003
  1.809608187115385E-003
  1.684632290288618E-003
  1.561413080921726E-003
  1.442324267030784E-003
  1.324131012620906E-003
  1.201987488336751E-003
  1.064620216787669E-003
  9.264952226707067E-004
  7.791520524982014E-004
  6.355570143798564E-004
  4.856935720767038E-004
  3.308506353508379E-004
  1.761335323238783E-004
  1.936394347122616E-005
 -1.381869679115867E-004
 -2.991046220502349E-004
 -4.662243583936400E-004
 -6.330230438864129E-004
 -8.003641682716525E-004
 -9.654627718528114E-004
 -1.128644672137412E-003
 -1.288452707425200E-003
 -1.441319581487094E-003
 -1.589213296484017E-003
 -1.730798212670632E-003
 -1.857030588677044E-003
 -1.978235928983641E-003
 -2.106994097456180E-003
 -2.237901716324800E-003
 -2.367225123227248E-003
 -2.496042879266256E-003
 -2.623135931912593E-003
 -2.745693789696372E-003
 -2.869271758172551E-003
 -2.987162833240087E-003
 -3.092777571571653E-003
 -3.192146580086965E-003
 -3.297415376053841E-003
