 -4.295580448204537E-007
  1.165152114839441E-004
  2.332957449420152E-004
  3.362659374837700E-004
  4.339459323612172E-004
  5.307884382118229E-004
  5.955502807936318E-004
  6.627543092250721E-004
  7.332428303733036E-004
  7.982751131186957E-004
  8.552560929777935E-004
  9.044679874197043E-004
  9.452640730351187E-004
  9.813465914792795E-004
  1.012609358609017E-003
  1.041960442470420E-003
  1.077992943695019E-003
  1.110406668788065E-003
  1.146054909607425E-003
  1.189471410461751E-003
  1.202873740388242E-003
  1.195376968578259E-003
  1.179992540955183E-003
  1.164382063397908E-003
  1.145389424264500E-003
  1.114148336410318E-003
  1.077362850927039E-003
  1.034605580130646E-003
  9.869105887345749E-004
  9.348126129521753E-004
  8.790341627347340E-004
  8.264582730416104E-004
  7.802607248774211E-004
  7.334435226076700E-004
  6.907007081701660E-004
  6.527143266738685E-004
  6.208218389749383E-004
  5.948827805266718E-004
  5.824534041300982E-004
  5.936579239439223E-004
  6.174733622124737E-004
  6.294263725451246E-004
  6.311744248179660E-004
  6.307016938149570E-004
  6.315439578909403E-004
  6.333693573044521E-004
  6.380728312801985E-004
  6.451123580648581E-004
  6.542293672958940E-004
  6.748240451908972E-004
  7.020395786903815E-004
  7.221070163712756E-004
