  0.792247120533633     
  0.791541696414944     
  0.790962037300773     
  0.790464494678211     
  0.790050234827736     
  0.789712167982354     
  0.789427219523554     
  0.789182172879471     
  0.788972404110837     
  0.788795298400583     
  0.788643841275804     
  0.788513172621821     
  0.788399836084672     
  0.788302256679834     
  0.788218237689004     
  0.788145695519434     
  0.788083149163254     
  0.788028656614177     
  0.787981463099901     
  0.787940508350254     
  0.787904921768289     
  0.787873919498485     
  0.787847102465919     
  0.787823864021076     
  0.787803679831401     
  0.787786218378968     
  0.787771034581020     
  0.787757960205235     
  0.787746657771919     
  0.787736838674319     
  0.787729073780893     
  0.787721941915170     
  0.787715857287008     
  0.787710720745191     
  0.787706249274242     
  0.787702555749372     
  0.787699410122805     
  0.787696789814792     
  0.787694659760194     
  0.787693032879198     
  0.787691690380697     
  0.787690663618944     
  0.787689900752573     
  0.787689359712127     
  0.787689008235396     
  0.787688817718642     
  0.787688754085530     
  0.787688789295507     
  0.787688893527835     
  0.787689091680486     
  0.787689377142792     
  0.787689667882528     
  0.787689968114407     
  0.787690276564567     
  0.787690588313662     
  0.787690878034136     
  0.787691208184967     
  0.787691549339411     
  0.787691909948354     
  0.787692248254840     
  0.787692554516405     
  0.787692851045065     
  0.787693142320358     
  0.787693424925842     
  0.787693700858813     
  0.787693971809972     
  0.787694233115247     
  0.787694500231734     
  0.787694745290817     
  0.787694980531190     
  0.787695208521352     
  0.787695424676008     
  0.787695631268666     
  0.787695829527742     
  0.787696017596243     
  0.787696196200339     
  0.787696365585541     
  0.787696526565594     
  0.787696679117920     
  0.787696822681765     
  0.787696959125697     
  0.787697086647664     
  0.787697208733803     
  0.787697322190624     
  0.787697430033262     
  0.787697530968236     
  0.787697624461433     
  0.787697714036794     
  0.787697797587111     
  0.787697875947963     
  0.787697951033391     
  0.787698021127816     
  0.787698089880482     
  0.787698157098596     
  0.787698225071624     
  0.787698297106367     
  0.787698378021797     
  0.787698473601105     
  0.787698585732255     
  0.787698274426583     
