   8.22309064438954     
   8.20639204589484     
   8.19161258123563     
   8.17845596858053     
   8.16536188352277     
   8.15209012922470     
   8.13914072420869     
   8.12716488639630     
   8.11562599566547     
   8.10438954059181     
   8.09359590928959     
   8.08328122326152     
   8.07343732126432     
   8.06403074841931     
   8.05507695304274     
   8.04659006542129     
   8.03855118226729     
   8.03098654259917     
   8.02385822838540     
   8.01717475102304     
   8.01090145823252     
   8.00501761926197     
   7.99951416562543     
   7.99437431392880     
   7.98957904306746     
   7.98510945854092     
   7.98094826842106     
   7.97707794540514     
   7.97348338519478     
   7.97015517582010     
   7.96703862080157     
   7.96422940846668     
   7.96164994055466     
   7.95928627398195     
   7.95707580963250     
   7.95502204247388     
   7.95312531413929     
   7.95136436089403     
   7.94973260134382     
   7.94821677378015     
   7.94682169701164     
   7.94552704788523     
   7.94432665638633     
   7.94321373245059     
   7.94218105798504     
   7.94122358417948     
   7.94033480062134     
   7.93950926444551     
   7.93874144430046     
   7.93802241221815     
   7.93738701160690     
   7.93679716243798     
   7.93624774858179     
   7.93573580972271     
   7.93525813428728     
   7.93481215712587     
   7.93439474654229     
   7.93400758304213     
   7.93364495159663     
   7.93330945456951     
   7.93299799691302     
   7.93270619173382     
   7.93243310196279     
   7.93217744755297     
   7.93193818394095     
   7.93171418521981     
   7.93150469976714     
   7.93130839725718     
   7.93112517440320     
   7.93095392219589     
   7.93079386786559     
   7.93064429904633     
   7.93050462664333     
   7.93037409480316     
   7.93025230095353     
   7.93013859984994     
   7.93003247226373     
   7.92993354570034     
   7.92984135483026     
   7.92975552750225     
   7.92967559529328     
   7.92960123623932     
   7.92953209439176     
   7.92946790628632     
   7.92940832510372     
   7.92935295932006     
   7.92930169823426     
   7.92925424713724     
   7.92921041763054     
   7.92917000176919     
   7.92913277063354     
   7.92909850214629     
   7.92906710329591     
   7.92903843438491     
   7.92901235651064     
   7.92898871975317     
   7.92896762159775     
   7.92894927781039     
   7.92893703888856     
   7.92862897448363     
