  2.043465263535457E-002
  2.054424356440040E-002
  2.064152666901279E-002
  2.072837713304595E-002
  2.081503153514742E-002
  2.090308997610381E-002
  2.098923352776364E-002
  2.106911149012307E-002
  2.114626438013927E-002
  2.122157802586851E-002
  2.129408809556077E-002
  2.136353818192730E-002
  2.142996375891029E-002
  2.149357327143288E-002
  2.155423793830817E-002
  2.161185573636378E-002
  2.166653232096604E-002
  2.171806235340221E-002
  2.176670197533124E-002
  2.181237809171480E-002
  2.185531274588374E-002
  2.189563461819427E-002
  2.193339653320871E-002
  2.196870640496085E-002
  2.200168514090103E-002
  2.203245539917654E-002
  2.206112910348427E-002
  2.208782139232147E-002
  2.211263332681301E-002
  2.213562424634803E-002
  2.215714211660142E-002
  2.217656928163358E-002
  2.219440048776668E-002
  2.221077771752930E-002
  2.222609477016772E-002
  2.224032353581925E-002
  2.225347260682007E-002
  2.226568298475991E-002
  2.227699871971228E-002
  2.228750995557610E-002
  2.229718795425941E-002
  2.230617007113571E-002
  2.231449908834702E-002
  2.232222246467482E-002
  2.232939032147468E-002
  2.233603523757150E-002
  2.234220480893827E-002
  2.234793749862850E-002
  2.235327312798051E-002
  2.235827836050904E-002
  2.236263431679468E-002
  2.236667577505996E-002
  2.237044249300245E-002
  2.237395490581158E-002
  2.237723587943447E-002
  2.238030166511609E-002
  2.238316950156465E-002
  2.238584710012072E-002
  2.238834659615913E-002
  2.239067318978805E-002
  2.239283261580690E-002
  2.239485676692665E-002
  2.239675265820846E-002
  2.239853093841276E-002
  2.240019764060991E-002
  2.240176063455343E-002
  2.240322466655517E-002
  2.240459836251978E-002
  2.240588330353755E-002
  2.240708633419478E-002
  2.240821212556800E-002
  2.240926604633826E-002
  2.241025175942179E-002
  2.241117421758912E-002
  2.241203621621964E-002
  2.241284213919735E-002
  2.241359554327095E-002
  2.241429880065955E-002
  2.241495490297578E-002
  2.241556656202669E-002
  2.241613689075694E-002
  2.241666784042038E-002
  2.241716206967237E-002
  2.241762160979326E-002
  2.241804850592407E-002
  2.241844530804222E-002
  2.241881353181424E-002
  2.241915387926714E-002
  2.241946870306073E-002
  2.241975904573465E-002
  2.242002648638292E-002
  2.242027244418868E-002
  2.242049774007455E-002
  2.242070304631933E-002
  2.242088983983057E-002
  2.242105849576200E-002
  2.242120846435237E-002
  2.242133803584002E-002
  2.242142092093549E-002
  2.242353108374420E-002
