  0.123100507691024     
  0.123100155558948     
  0.123096566036069     
  0.123090849679996     
  0.123083316323840     
  0.123075003620886     
  0.123066306087232     
  0.123057353756189     
  0.123048437852743     
  0.123039439703699     
  0.123030611682873     
  0.123021861598609     
  0.123013396735842     
  0.123005050082999     
  0.122996918175079     
  0.122989213898656     
  0.122981516537522     
  0.122974415466272     
  0.122967518056907     
  0.122960884151594     
  0.122954618622000     
  0.122948640528214     
  0.122942866540210     
  0.122937489121218     
  0.122932390855272     
  0.122927583119339     
  0.122923056258218     
  0.122918799960399     
  0.122914811775524     
  0.122911039583353     
  0.122906864898424     
  0.122903514045331     
  0.122900326617424     
  0.122897321080040     
  0.122894545306585     
  0.122891899245679     
  0.122889480885716     
  0.122887217042046     
  0.122885091967729     
  0.122883028161564     
  0.122881177210456     
  0.122879440338762     
  0.122877817713782     
  0.122876303446345     
  0.122874889719749     
  0.122873569556750     
  0.122872339312955     
  0.122871195364365     
  0.122870134157409     
  0.122869103798543     
  0.122868163440464     
  0.122867291676211     
  0.122866478509595     
  0.122865718754993     
  0.122865010952625     
  0.122864353948361     
  0.122863709842695     
  0.122863110481553     
  0.122862547433022     
  0.122862014082323     
  0.122861545623182     
  0.122861107749719     
  0.122860695970272     
  0.122860313017428     
  0.122859953892628     
  0.122859618178352     
  0.122859305631862     
  0.122859008948024     
  0.122858737437431     
  0.122858485290877     
  0.122858250473527     
  0.122858032722429     
  0.122857830345389     
  0.122857641878904     
  0.122857467341952     
  0.122857305139318     
  0.122857154609834     
  0.122857015430256     
  0.122856885826870     
  0.122856766367345     
  0.122856655078709     
  0.122856552596820     
  0.122856457200523     
  0.122856369083391     
  0.122856287792624     
  0.122856211637427     
  0.122856141951642     
  0.122856076845871     
  0.122856016201442     
  0.122855959760132     
  0.122855907185364     
  0.122855857451160     
  0.122855810235220     
  0.122855765107411     
  0.122855720998982     
  0.122855676777593     
  0.122855632042926     
  0.122855584220685     
  0.122855547413019     
  0.122855484529406     
