   3.09432410275420     
   3.09434687557213     
   3.09434687557213     
   3.09434687557213     
   3.09434687557213     
   3.09434687557213     
   3.09434687557213     
   3.09434687557213     
   3.09434687557213     
   3.09434687557213     
   3.09434687557213     
   3.09434687557213     
   3.09434687557213     
   3.09434687557213     
   3.09434687557213     
   3.09434687557213     
   3.09434687557213     
   3.09434687557213     
   3.09434687557213     
   3.09434687557213     
   3.09434687557213     
   3.09434687557213     
   3.09434687557213     
   3.09434687557213     
   3.09434687557213     
   3.09434687557213     
   3.09434687557213     
   3.09434687557213     
   3.09434687557213     
   3.09434687557213     
   3.09434687557213     
   3.09434687557213     
   3.09434687557213     
   3.09434687557213     
   3.09434687557213     
   3.09434687557213     
   3.09434687557213     
   3.09434687557213     
   3.09434687557213     
   3.09434687557213     
   3.09434687557213     
   3.09434687557213     
   3.09434687557213     
   3.09434687557213     
   3.09434687557213     
   3.09434687557213     
   3.09434687557213     
   3.09434687557213     
   3.09434687557213     
   3.09434687557213     
   3.09434687557213     
   3.09434687557213     
