   10.4265129461853     
   10.6193209915098     
   10.7968684190954     
   10.9605047727339     
   11.1108556964557     
   11.2495012294285     
   11.3765607929359     
   11.4933783519687     
   11.5990845604766     
   11.6971204699201     
   11.7867185665311     
   11.8688356537771     
   11.9439440328785     
   12.0134378647413     
   12.0768963227147     
   12.1345050630794     
   12.1873121779694     
   12.2361093354400     
   12.2808622056552     
   12.3223841876472     
   12.3608649839669     
   12.3962931563236     
   12.4292812418046     
   12.4595832454172     
   12.4874462020796     
   12.5131185609617     
   12.5368577717140     
   12.5592305891671     
   12.5795770094378     
   12.5984337482890     
   12.6164205910378     
   12.6330297079175     
   12.6482236706776     
   12.6626165325974     
   12.6754568484701     
   12.6871379075871     
   12.6979361845407     
   12.7076896338613     
   12.7165792102044     
   12.7246975820243     
   12.7321586727552     
   12.7389523154266     
   12.7451326502113     
   12.7508530565987     
   12.7561495355568     
   12.7610305851776     
   12.7653950760764     
   12.7693637329332     
   12.7729683139370     
   12.7762816004320     
   12.7792804139688     
   12.7820296803468     
   12.7845162197773     
   12.7867726007890     
   12.7887690391095     
   12.7906306764809     
   12.7923370447795     
   12.7938906489438     
   12.7953059875933     
   12.7965931336843     
   12.7977624917625     
   12.7988281261721     
   12.7998013695079     
   12.8006872248431     
   12.8014946369700     
   12.8022300657723     
   12.8029002190178     
   12.8035654958176     
   12.8041731760735     
   12.8048391250841     
   12.8053922420393     
   12.8058605983972     
   12.8062754780565     
   12.8066491043413     
   12.8069879729432     
   12.8073584498652     
   12.8076729577545     
   12.8079474673693     
   12.8081972983738     
   12.8084252996629     
   12.8086301751645     
   12.8088155133661     
   12.8089830680817     
   12.8091349776847     
   12.8092727699251     
   12.8093979724362     
   12.8095119763431     
   12.8096160623653     
   12.8097113706757     
   12.8097991625872     
   12.8098805583320     
   12.8099566111053     
   12.8100282251045     
   12.8100988586804     
   12.8101669117471     
   12.8102337072905     
   12.8103016272380     
   12.8103785467909     
   12.8105118129895     
  -59.4822175102280     
   4.60156315966995     
   4.33383027835131     
   4.14606932833041     
   4.01615978244120     
   3.92801996549899     
   3.86951160620898     
   3.83189987438829     
   3.80891291273130     
   3.79496065648797     
   3.78937979943654     
   3.78878936723878     
   3.79159333260870     
   3.79653936500934     
   3.80325874865064     
   3.81106811780636     
   3.81903856972414     
   3.82713704172275     
   3.83576736321227     
   3.84430595551780     
   3.85300367200485     
   3.86176685185582     
   3.87014420329594     
   3.87853103838980     
   3.88647937054378     
   3.89407996902346     
   3.90137324851618     
   3.90840322126382     
   3.91528952847756     
   3.92180324638375     
   3.92805976321867     
   3.93407618940211     
   3.93985385585301     
   3.94534411070594     
   3.95076285260361     
   3.95567299561718     
   3.96021647488730     
   3.96458294839247     
   3.96859211112500     
   3.97231697476188     
   3.97579903685070     
   3.97907868617470     
   3.98211787155855     
   3.98494810251694     
   3.98757900859655     
   3.99006075073794     
   3.99243816595823     
   3.99459667798938     
   3.99656981645468     
   3.99839861865863     
   4.00011430020624     
   4.00169075125436     
   4.00315163899644     
   4.00449788360642     
   4.00574055305402     
   4.00684330950322     
   4.00789580071831     
   4.00888169068163     
   4.00979399769274     
   4.01063593152286     
   4.01141333873655     
   4.01212717557195     
   4.01278673799011     
   4.01339694672692     
   4.01395828581313     
   4.01447548916691     
   4.01495129763915     
   4.01538916815035     
   4.01583294465313     
   4.01624414104741     
   4.01671626912473     
   4.01709813514032     
   4.01741289066129     
   4.01768909137925     
   4.01793890913207     
   4.01816736678574     
   4.01839453286344     
   4.01859721991296     
   4.01877630161642     
   4.01893827752382     
   4.01908458988811     
   4.01921805763645     
   4.01933975171012     
   4.01945060447552     
   4.01955161028363     
   4.01964352108546     
   4.01972708816093     
   4.01980304243105     
   4.01987171504316     
   4.01993425141901     
   4.01999119243182     
   4.02004304206953     
   4.02009028512608     
   4.02013332626668     
   4.02017487193573     
   4.02021201396568     
   4.02024557568385     
   4.02027620312018     
   4.02030875930780     
   4.02036141095897     
  -32.4636968110940     
                     NaN
                     NaN
                     NaN
                     NaN
                     NaN
                     NaN
                     NaN
                     NaN
                     NaN
                     NaN
                     NaN
                     NaN
                     NaN
                     NaN
                     NaN
                     NaN
                     NaN
                     NaN
                     NaN
                     NaN
                     NaN
                     NaN
                     NaN
                     NaN
                     NaN
                     NaN
                     NaN
                     NaN
                     NaN
                     NaN
                     NaN
                     NaN
                     NaN
                     NaN
                     NaN
                     NaN
                     NaN
                     NaN
                     NaN
                     NaN
                     NaN
                     NaN
                     NaN
                     NaN
                     NaN
                     NaN
                     NaN
                     NaN
                     NaN
                     NaN
                     NaN
                     NaN
                     NaN
                     NaN
                     NaN
                     NaN
                     NaN
                     NaN
                     NaN
                     NaN
                     NaN
                     NaN
                     NaN
                     NaN
                     NaN
                     NaN
                     NaN
                     NaN
                     NaN
                     NaN
                     NaN
                     NaN
                     NaN
                     NaN
                     NaN
                     NaN
                     NaN
                     NaN
                     NaN
                     NaN
                     NaN
                     NaN
                     NaN
                     NaN
                     NaN
                     NaN
                     NaN
                     NaN
                     NaN
                     NaN
                     NaN
                     NaN
                     NaN
                     NaN
                     NaN
                     NaN
                     NaN
                     NaN
                     NaN
  -15.7647393200041     
   15.4656190464333     
   15.2089914777282     
   15.1476773178542     
   15.1749934028777     
   15.2435163434247     
   15.3325400090344     
   15.4294228227245     
   15.5289563007298     
   15.6265586903211     
   15.7205061739586     
   15.8094330391271     
   15.8933520217589     
   15.9719809682980     
   16.0461547043030     
   16.1145211839731     
   16.1777958204217     
   16.2366129190297     
   16.2909242343328     
   16.3412880006244     
   16.3880947341570     
   16.4313567847412     
   16.4714882792040     
   16.5086411606470     
   16.5430776190743     
   16.5748633557801     
   16.6042048385840     
   16.6313362827861     
   16.6569763327689     
   16.6802310347767     
   16.7016816225930     
   16.7224663787389     
   16.7415359723577     
   16.7588649133131     
   16.7750992407124     
   16.7896788758429     
   16.8030330576378     
   16.8152531926121     
   16.8263626516454     
   16.8365294942686     
   16.8458133971782     
   16.8543330320085     
   16.8621187924608     
   16.8691958149733     
   16.8758270487066     
   16.8819696203988     
   16.8875170435392     
   16.8925039010979     
   16.8970768511810     
   16.9012278592109     
   16.9050218278587     
   16.9084701265422     
   16.9116444723676     
   16.9145152838412     
   16.9171197917913     
   16.9194807069374     
   16.9216474132760     
   16.9236139204343     
   16.9254011655477     
   16.9270318694863     
   16.9285137148758     
   16.9298653360244     
   16.9310944069087     
   16.9322141021624     
   16.9332344566517     
   16.9341644941093     
   16.9350125264408     
   16.9357857074714     
   16.9365120128126     
   16.9371680657663     
   16.9377847992195     
   16.9383478255986     
   16.9388658972524     
   16.9393416558156     
   16.9397745784563     
   16.9401678928658     
   16.9406082696266     
   16.9409748752140     
   16.9412998601705     
   16.9416003655693     
   16.9418785184629     
   16.9421272996999     
   16.9423523716023     
   16.9425558805476     
   16.9427406635888     
   16.9429086819851     
   16.9430619307843     
   16.9432021189341     
   16.9433313510892     
   16.9434499818399     
   16.9435596138905     
   16.9436617001420     
   16.9437573978684     
   16.9438476789287     
   16.9439332648936     
   16.9440162551202     
   16.9440960920650     
   16.9441729569725     
   16.9442456980321     
   16.9443602535174     
  -9.13731440830057     
