  0.391505554587331     
  0.392610425458102     
  0.393740172240948     
  0.394871896306811     
  0.395989285808286     
  0.397081074754250     
  0.398138874933005     
  0.399159655438106     
  0.400140691679663     
  0.401078375476861     
  0.401970296409392     
  0.402817012869013     
  0.403618849885138     
  0.404376920364508     
  0.405091759246314     
  0.405765310363520     
  0.406398425831123     
  0.406993755800014     
  0.407554102543049     
  0.408078099596338     
  0.408568781182160     
  0.409027678345700     
  0.409457913081487     
  0.409859520099722     
  0.410235322552280     
  0.410586599625079     
  0.410914840995815     
  0.411221775366669     
  0.411508152459149     
  0.411777284436785     
  0.412025957634397     
  0.412257567253641     
  0.412473377269165     
  0.412674443383832     
  0.412861618980771     
  0.413035813134501     
  0.413198037424244     
  0.413349082877166     
  0.413489690953430     
  0.413620714421871     
  0.413742854384269     
  0.413856273368567     
  0.413961783281228     
  0.414060109816245     
  0.414151565932098     
  0.414235681086842     
  0.414314425144807     
  0.414386691279026     
  0.414454649880771     
  0.414517681600904     
  0.414576071384157     
  0.414630240607602     
  0.414680482015126     
  0.414727060792358     
  0.414769315474724     
  0.414809468768548     
  0.414846610739801     
  0.414881135021022     
  0.414913121361589     
  0.414942775024710     
  0.414970230187382     
  0.414995684749442     
  0.415019283342149     
  0.415041150794024     
  0.415061411758818     
  0.415080193673045     
  0.415097610809875     
  0.415113829316849     
  0.415128879916888     
  0.415142674400883     
  0.415155456801435     
  0.415167309488374     
  0.415178285465108     
  0.415188458120859     
  0.415197883311304     
  0.415206943022763     
  0.415215001170960     
  0.415222466739771     
  0.415229450420507     
  0.415235840015508     
  0.415241748081770     
  0.415247230216046     
  0.415252307107052     
  0.415257022647408     
  0.415261397147096     
  0.415265457900643     
  0.415269224292272     
  0.415272715344466     
  0.415275963324493     
  0.415278971003410     
  0.415281766759014     
  0.415284369721776     
  0.415286795316513     
  0.415289047258494     
  0.415291144509893     
  0.415293110234797     
  0.415294953102478     
  0.415296652348944     
  0.415298197391975     
  0.415318289815432     
