  0.795120373944042     
  0.796767218133456     
  0.798261776044721     
  0.799594704583436     
  0.800780538506342     
  0.801831353549210     
  0.802762722385876     
  0.803585409945202     
  0.804306438939759     
  0.804939502293925     
  0.805500899510396     
  0.805998012162213     
  0.806437724457623     
  0.806825135658323     
  0.807168446684467     
  0.807472788646650     
  0.807743351822966     
  0.807983198600827     
  0.808194124054901     
  0.808381227584697     
  0.808548569867561     
  0.808698359072590     
  0.808831980994757     
  0.808950921849035     
  0.809056139182682     
  0.809149060930064     
  0.809231420400728     
  0.809304003823336     
  0.809368643006142     
  0.809424928436767     
  0.809475814609034     
  0.809521088951931     
  0.809561205712950     
  0.809596401972354     
  0.809627793290954     
  0.809655638150850     
  0.809680324917061     
  0.809702243329469     
  0.809721690798113     
  0.809739039911626     
  0.809754241613734     
  0.809767855161237     
  0.809780048056073     
  0.809790792465061     
  0.809800467918170     
  0.809809262004921     
  0.809817112034404     
  0.809824253836027     
  0.809830640253531     
  0.809836484473751     
  0.809841825612867     
  0.809846720622434     
  0.809851213628659     
  0.809855434144793     
  0.809859416814702     
  0.809862990188652     
  0.809866352655742     
  0.809869488061406     
  0.809872450983379     
  0.809875254168984     
  0.809877868104486     
  0.809880403699974     
  0.809882804196850     
  0.809885085472444     
  0.809887261348797     
  0.809889336023368     
  0.809891316326072     
  0.809893175331071     
  0.809894939104800     
  0.809896639515854     
  0.809898255825722     
  0.809899786573064     
  0.809901238827697     
  0.809902615189712     
  0.809903924889051     
  0.809905058969566     
  0.809906229819489     
  0.809907342241774     
  0.809908349442291     
  0.809909348204076     
  0.809910296789535     
  0.809911190339952     
  0.809912038031458     
  0.809912836070670     
  0.809913589858508     
  0.809914300969541     
  0.809914972049562     
  0.809915598887176     
  0.809916192022827     
  0.809916750332804     
  0.809917270255855     
  0.809917745823462     
  0.809918178606207     
  0.809918565267593     
  0.809918892652179     
  0.809919146240979     
  0.809919296274167     
  0.809919319820866     
  0.809919196260661     
  0.809927237866756     
