  0.115787036437692     
  9.864190477120816E-002
  8.781262263228970E-002
  8.055491428729043E-002
  7.547196276289413E-002
  7.179083097311112E-002
  6.905353890443966E-002
  6.697296910492825E-002
  6.537483097519896E-002
  6.410123480035601E-002
  6.308251033012896E-002
  6.225750083769482E-002
  6.158244829364606E-002
  6.102075130275194E-002
  6.055015948784571E-002
  6.015930244001339E-002
  5.982910185512241E-002
  5.954385330261909E-002
  5.930062505567733E-002
  5.908867461503321E-002
  5.890271492293035E-002
  5.874195548134847E-002
  5.859884301396450E-002
  5.847547108832770E-002
  5.836832766862024E-002
  5.827484589465595E-002
  5.819267662727899E-002
  5.811918614008366E-002
  5.805554715764952E-002
  5.799903468490963E-002
  5.794920126228835E-002
  5.790550335776389E-002
  5.786701908706006E-002
  5.783056317932880E-002
  5.780108595837755E-002
  5.777685243136926E-002
  5.775499897253325E-002
  5.773716276783662E-002
  5.772228177836160E-002
  5.770968001118639E-002
  5.769889835685523E-002
  5.769008743920400E-002
  5.768279417253916E-002
  5.767701924439191E-002
  5.767202918585388E-002
  5.766725319130184E-002
  5.766372961079382E-002
  5.766114491228511E-002
  5.765916705950440E-002
  5.765750802937224E-002
  5.765641383726778E-002
  5.765569813007513E-002
  5.765532524611625E-002
  5.765518860512413E-002
  5.765585045386076E-002
  5.765619707823599E-002
  5.765644929722386E-002
  5.765676821382016E-002
  5.765714785639241E-002
  5.765756941253274E-002
  5.765811676861440E-002
  5.765860439483669E-002
  5.765906396766221E-002
  5.765951653415490E-002
  5.765995337496076E-002
  5.766037444739523E-002
  5.766077063887278E-002
  5.766072112821542E-002
  5.766066104275301E-002
  5.765978574666440E-002
  5.765951714511945E-002
  5.765955405684656E-002
  5.765970336816163E-002
  5.765987149157378E-002
  5.766003017347819E-002
  5.766000918828047E-002
  5.766002778619986E-002
  5.766010661639012E-002
  5.766019431199238E-002
  5.766028995688711E-002
  5.766036884283664E-002
  5.766043564459813E-002
  5.766049141932166E-002
  5.766053627772895E-002
  5.766057122651784E-002
  5.766059697619699E-002
  5.766061363333446E-002
  5.766063118063172E-002
  5.766063172364296E-002
  5.766061735047284E-002
  5.766059014860189E-002
  5.766054839924426E-002
  5.766049006236839E-002
  5.766038637358092E-002
  5.766026157036930E-002
  5.766009316225956E-002
  5.765984441255972E-002
  5.765940403648884E-002
  5.765857010251486E-002
  0.000000000000000E+000
