  0.884212963562308     
  0.901358095228791     
  0.912187377367710     
  0.919445085712709     
  0.924528037237106     
  0.928209169026889     
  0.930946461095560     
  0.933027030895072     
  0.934625169024801     
  0.935898765199644     
  0.936917489669871     
  0.937742499162305     
  0.938417551706354     
  0.938979248697248     
  0.939449840512154     
  0.939840697559986     
  0.940170898144877     
  0.940456146697381     
  0.940699374944323     
  0.940911325384967     
  0.941097285077070     
  0.941258044518651     
  0.941401156986035     
  0.941524528911672     
  0.941631672331380     
  0.941725154105344     
  0.941807323372721     
  0.941880813859916     
  0.941944452842351     
  0.942000965315090     
  0.942050798737712     
  0.942094496642236     
  0.942132980912940     
  0.942169436820671     
  0.942198914041622     
  0.942223147568631     
  0.942245001027467     
  0.942262837232164     
  0.942277718221639     
  0.942290319988814     
  0.942301101643145     
  0.942309912560796     
  0.942317205827461     
  0.942322980755608     
  0.942327970814146     
  0.942332746808698     
  0.942336270389206     
  0.942338855087715     
  0.942340832940496     
  0.942342491970628     
  0.942343586162733     
  0.942344301869925     
  0.942344674753884     
  0.942344811394876     
  0.942344149546139     
  0.942343802921764     
  0.942343550702776     
  0.942343231786180     
  0.942342852143607     
  0.942342430587467     
  0.942341883231386     
  0.942341395605164     
  0.942340936032338     
  0.942340483465845     
  0.942340046625039     
  0.942339625552605     
  0.942339229361127     
  0.942339278871784     
  0.942339338957247     
  0.942340214253335     
  0.942340482854880     
  0.942340445943154     
  0.942340296631839     
  0.942340128508427     
  0.942339969826521     
  0.942339990811720     
  0.942339972213800     
  0.942339893383610     
  0.942339805688007     
  0.942339710043112     
  0.942339631157163     
  0.942339564355402     
  0.942339508580678     
  0.942339463722271     
  0.942339428773482     
  0.942339403023803     
  0.942339386366665     
  0.942339368819368     
  0.942339368276357     
  0.942339382649527     
  0.942339409851398     
  0.942339451600756     
  0.942339509937631     
  0.942339613626419     
  0.942339738429631     
  0.942339906837740     
  0.942340155587440     
  0.942340595963511     
  0.942341429897485     
  0.000000000000000E+000
