   8.22152214027747     
   8.24366922154434     
   8.27258579332797     
   8.30554037604414     
   8.34093644970694     
   8.37748160993820     
   8.41439285840828     
   8.45108916602291     
   8.48764238947376     
   8.52325871405860     
   8.55774999767977     
   8.59098783101991     
   8.62296033190221     
   8.65351621289234     
   8.68274400626369     
   8.71068788593532     
   8.73722952194751     
   8.76242334917571     
   8.78640126238966     
   8.80896373610083     
   8.83022307421857     
   8.85024888981255     
   8.86908322995128     
   8.88681439771101     
   8.90354019829521     
   8.91929324062689     
   8.93408971330345     
   8.94791224031317     
   8.96093002502321     
   8.97321169779901     
   8.98449066078184     
   8.99503533387102     
   9.00491528386110     
   9.01408195001540     
   9.02271512443743     
   9.03078037269164     
   9.03832574577759     
   9.04539778262453     
   9.05200520434647     
   9.05818330121094     
   9.06395696272333     
   9.06933851979375     
   9.07436305290275     
   9.07902951832671     
   9.08337558461412     
   9.08741015536837     
   9.09118610494339     
   9.09469898599946     
   9.09797441010177     
   9.10101246327668     
   9.10383370398057     
   9.10645268530779     
   9.10888713208579     
   9.11114614239044     
   9.11325809903029     
   9.11521588248486     
   9.11703126254700     
   9.11871696337431     
   9.12028045191648     
   9.12173097367716     
   9.12306462767608     
   9.12430838382734     
   9.12546358744856     
   9.12653598275897     
   9.12753052178362     
   9.12845303262990     
   9.12930880903484     
   9.13009887443702     
   9.13083212027973     
   9.13149557785606     
   9.13211635188741     
   9.13269476775383     
   9.13323152756628     
   9.13372942919662     
   9.13419099418376     
   9.13461548609432     
   9.13500329586043     
   9.13536363799825     
   9.13569955684255     
   9.13600651588845     
   9.13629132229465     
   9.13655563529915     
   9.13680067804075     
   9.13702819090132     
   9.13723905133266     
   9.13743431492673     
   9.13761521077065     
   9.13778113915959     
   9.13793509429314     
   9.13807758893149     
   9.13820915761525     
   9.13833037269712     
   9.13844184763705     
   9.13854344217569     
   9.13863636216080     
   9.13872089523148     
   9.13879747378887     
   9.13886510416682     
   9.13890685882034     
   9.14007755693217     
