  0.768561835670949     
  0.767814004303356     
  0.767519999450689     
  0.767461079622482     
  0.767524768094195     
  0.767641019026308     
  0.767774728909185     
  0.767904086181745     
  0.768024833973360     
  0.768128292991962     
  0.768213633285445     
  0.768280174849606     
  0.768329983636076     
  0.768362951303946     
  0.768384382019431     
  0.768395793651806     
  0.768396996537383     
  0.768390648364576     
  0.768378787604400     
  0.768360396501117     
  0.768337531745914     
  0.768310838121691     
  0.768281291696538     
  0.768249944321531     
  0.768218026111092     
  0.768185916984008     
  0.768153724863377     
  0.768120525812068     
  0.768089141904353     
  0.768059320922596     
  0.768027445167711     
  0.767996713933056     
  0.767967664595365     
  0.767938886889402     
  0.767912757577133     
  0.767888044879765     
  0.767865208328567     
  0.767844288728596     
  0.767824916904820     
  0.767807256954749     
  0.767791095159590     
  0.767776325259739     
  0.767763017718734     
  0.767750559525041     
  0.767739333166351     
  0.767729191325314     
  0.767720362512173     
  0.767712395144454     
  0.767705437953646     
  0.767699255500338     
  0.767693775378322     
  0.767688954486367     
  0.767684809427999     
  0.767681248264761     
  0.767678323210499     
  0.767675840139813     
  0.767673800050159     
  0.767672172549021     
  0.767670901273067     
  0.767669957601228     
  0.767669068048668     
  0.767668591067467     
  0.767668366620187     
  0.767668351047295     
  0.767668507867804     
  0.767668807346063     
  0.767669237876606     
  0.767669733475370     
  0.767670329136020     
  0.767670834220266     
  0.767671434287904     
  0.767672098442207     
  0.767672796324717     
  0.767673527318332     
  0.767674279717664     
  0.767674945457002     
  0.767675636707141     
  0.767676337305992     
  0.767677054321599     
  0.767677733982492     
  0.767678413354829     
  0.767679090065073     
  0.767679761597442     
  0.767680424123879     
  0.767681071952057     
  0.767681707186291     
  0.767682324275809     
  0.767682896473682     
  0.767683462253835     
  0.767684013404145     
  0.767684540335991     
  0.767685042834236     
  0.767685519581865     
  0.767685963734352     
  0.767686376614347     
  0.767686755538737     
  0.767687099274733     
  0.767687389580388     
  0.767687362924233     
  0.767694822246201     
