  2.734984654028544E-004
  8.264295196739503E-002
  3.857052158382145E-002
  1.207719241245479E-006
  4.611018112068058E-011
  1.161196022352805E-008
  7.829989340497791E-011
  0.000000000000000E+000
  2.372166668687950E-008
  1.747776280269279E-006
  9.895912322620314E-008
  6.745311173825465E-007
  3.123012520150479E-007
  2.924232110458745E-006
  1.656366676066724E-006
  8.643485042085298E-005
  1.473859089110486E-006
  2.530424865276673E-005
  1.003458364227212E-005
  2.341955190586244E-004
  6.016947685464510E-005
  1.821676362400109E-005
  1.437043875077766E-005
  7.797718756055414E-006
  2.353807050918590E-004
  1.043948585422152E-005
  8.870652973645736E-006
  1.943065845368311E-004
  3.038523184742256E-005
  1.702837660775536E-005
  2.336652807135171E-004
  1.976758125722756E-005
  2.365158494782328E-004
  5.884233846342469E-005
  1.516800529048077E-004
  1.833212965318168E-004
  3.173544702913604E-005
  2.241610523358223E-004
  3.123145927179193E-004
  1.339441446575707E-004
  3.453819839953581E-004
  3.458116537179563E-004
  2.761114498886543E-004
  1.941929847343872E-004
  1.644819299118024E-004
  1.638481254897000E-004
  2.382401841510991E-004
  2.363450096684427E-004
  1.370978283842124E-004
  2.351743223533194E-004
  2.357728919020180E-004
  1.904513696139783E-004
  1.931308949587064E-004
  2.175094510593931E-004
  2.894509311945034E-004
  4.032907410165607E-004
  3.525427002707697E-004
  2.720350448817887E-004
  2.502719345227380E-004
  2.190896140988345E-004
  2.266017816493730E-004
  2.783770595503116E-004
  2.950798610344335E-004
  2.295634501267446E-004
  2.276594377685349E-004
  2.479425567836139E-004
  2.795326764702738E-004
  3.677008866744523E-004
  3.698544920194845E-004
  3.332458762823748E-004
  2.720299685008084E-004
  2.463765745853443E-004
  2.567899362047376E-004
  2.639028453109830E-004
  2.636708492082580E-004
  2.708423096180047E-004
  3.258151980426746E-004
  3.668259853823371E-004
  3.551029715193036E-004
  3.175549552779708E-004
  2.850328473111015E-004
  2.766008714959072E-004
  2.802026935984456E-004
  2.839557256258680E-004
  2.928388961049468E-004
  3.076570574878579E-004
  3.504907498933493E-004
  3.576004266394450E-004
  3.445702666817428E-004
  2.937795788233125E-004
  2.985246874490249E-004
  3.112661561502590E-004
  3.243790256838573E-004
  3.282408385879979E-004
  3.384721651420875E-004
  3.467360049793599E-004
  3.305917850041214E-004
  3.083522283661281E-004
  3.244123153966334E-004
  3.444386934084731E-004
  3.531946926459947E-004
  3.514390534413527E-004
  3.645469106279009E-004
  3.522172531877857E-004
  3.295572880782648E-004
  3.293595291126942E-004
  3.360193401833843E-004
  3.410408825516186E-004
  3.625897680111614E-004
  3.748580117861458E-004
  3.653836565624611E-004
  3.489893587052764E-004
  3.523698144772965E-004
  3.533078365112431E-004
  3.680123981496261E-004
  3.832189331745202E-004
  3.838153922278568E-004
  3.638105857913221E-004
  3.671603064426999E-004
  3.668763771592853E-004
  3.636991624673286E-004
  3.718323028813309E-004
  3.736401573848176E-004
  3.753477082164618E-004
  3.792356344945850E-004
  3.764828930618222E-004
  3.739079929624681E-004
  3.785107077541187E-004
  3.835591152430634E-004
  3.882046365713296E-004
  3.892824274122882E-004
  3.846151336053063E-004
  3.802788701584621E-004
  3.873128755092645E-004
  3.949391044682258E-004
  3.964775728139867E-004
  3.936740488889415E-004
  3.844641429245831E-004
  3.892614190042416E-004
  4.020623028053493E-004
  4.050745900133301E-004
  4.014794400431921E-004
  3.886094387456699E-004
  3.863792491181614E-004
  3.941735377683726E-004
  3.977319678330210E-004
  3.940562894235858E-004
  3.886650676142021E-004
  3.890392873069701E-004
  3.981416442056049E-004
  4.032638912125804E-004
  3.982792768497115E-004
  3.909175249775541E-004
  3.923741087904081E-004
  4.043416666671889E-004
  4.086951345009602E-004
  3.998921093432642E-004
  3.900866818655900E-004
  3.961151642326784E-004
  4.118642719665192E-004
  4.119634087195941E-004
  3.967684857005202E-004
  3.876866822146519E-004
  4.034117710137972E-004
  4.227001597205127E-004
  4.111187316468354E-004
  3.905249569629888E-004
  3.865154996593299E-004
  4.195900743514798E-004
  4.302312596060675E-004
  3.963406832397351E-004
  3.847005777996540E-004
  3.854470002326920E-004
  3.868200227168945E-004
  3.820887656629357E-004
  3.785741903372333E-004
  3.810787381672408E-004
  3.866053555043270E-004
  3.839628667078069E-004
  3.762991390113061E-004
  3.763737681766990E-004
  3.849504552772321E-004
  3.877346918684226E-004
  3.767137902644273E-004
  3.700302558119949E-004
  3.803540027861878E-004
  3.904138179902154E-004
  3.812503488730948E-004
  3.650698485522552E-004
  3.715903611101142E-004
  3.904835349990630E-004
  3.873395390096947E-004
  3.636065372614148E-004
  3.614363223000052E-004
  3.843569329397290E-004
  3.957936752215776E-004
  3.601902598697214E-004
  3.595639982796628E-004
  3.554226873167541E-004
  3.445508983343498E-004
  3.441089786508922E-004
  3.511720225830927E-004
  3.535892320065415E-004
  3.395918877776579E-004
  3.356940363226558E-004
  3.418190558383545E-004
  3.531001084228404E-004
  3.358768250238870E-004
  3.316449268610906E-004
  3.289643162963281E-004
  3.537492488939001E-004
  3.303776885026636E-004
  3.282689755555430E-004
  3.226976188300595E-004
  2.990192211386553E-004
  2.999233217823621E-004
  3.163229653332670E-004
  3.219642861618017E-004
  2.912187048924756E-004
  2.869366245470554E-004
  3.010128558171569E-004
  3.259693042763371E-004
  2.847330006937418E-004
  2.779075254616052E-004
  2.812861048058575E-004
  2.800976290536958E-004
  2.640687747321304E-004
  2.644776238272496E-004
  2.688772639779057E-004
  2.772747549225138E-004
  2.534932194946256E-004
  2.525705713939498E-004
  2.599036625650927E-004
  2.426434462278000E-004
  2.225979394684643E-004
  2.310235682189263E-004
  2.527932523647502E-004
  2.400483194944254E-004
  2.141446546294643E-004
  2.019102419821870E-004
  2.125661888296579E-004
  2.272799150363780E-004
  2.075029264262912E-004
  1.885659617021355E-004
  1.899034092113862E-004
  1.981220641480839E-004
  1.892614143407717E-004
  1.746673348340218E-004
  1.735006533570161E-004
  1.747454581212914E-004
  1.659158431186284E-004
  1.580418508651823E-004
  1.577738133167768E-004
  1.516819427385374E-004
  1.446928786523161E-004
  1.423279706554718E-004
  1.364572083924898E-004
  1.315608297055391E-004
  1.271822392393542E-004
  1.223003892401609E-004
  1.175151674924570E-004
  1.129435906852283E-004
  1.085932982622811E-004
  1.040272397506546E-004
  9.944746558896743E-005
  9.509368769414724E-005
  9.110064625730211E-005
  8.709544743230362E-005
  8.286029277446476E-005
  7.870372599016243E-005
  7.499017102831942E-005
  7.159806831348988E-005
  6.805730732272996E-005
  6.437826232424798E-005
  6.112387753593031E-005
  5.838926931028919E-005
  5.583938585454292E-005
  5.292874110612055E-005
  5.023085521044888E-005
  4.830674692372493E-005
  4.693336269267311E-005
  4.573519314707982E-005
  4.460033435403347E-005
  4.353278190736016E-005
  4.252275122073811E-005
  4.154337554176391E-005
  4.058867428988892E-005
  3.966417115481015E-005
  3.878093766550591E-005
  3.792606071892434E-005
  3.708736655306258E-005
  3.626993800609303E-005
  3.548118946004819E-005
  3.472246632762263E-005
  3.398014304907351E-005
  3.324547904059261E-005
  3.252913818564587E-005
  3.184270227037205E-005
  3.117671985448372E-005
  3.051907989200220E-005
  2.986892538169234E-005
  2.923907795656262E-005
  2.864029251721635E-005
  2.805098077048095E-005
  2.746808104443757E-005
  2.688364467830081E-005
  2.632398648126131E-005
  2.579514700323669E-005
  2.526684002255283E-005
  2.474827753120549E-005
  2.422030742575756E-005
  2.372416805776580E-005
  2.325356555925319E-005
  2.278403505367903E-005
  2.231708608432226E-005
  2.182971676801199E-005
  2.139016699812248E-005
  2.097288287397807E-005
  2.055164314736628E-005
  2.013136083539005E-005
  1.968072748876527E-005
  1.929898650235628E-005
  1.892644685656853E-005
  1.854630627820228E-005
  1.816729001262564E-005
  1.775121904591395E-005
  1.742491929513367E-005
  1.708530383786730E-005
  1.674454933769165E-005
  1.640578271529190E-005
  1.600960640857603E-005
  1.572839417861273E-005
  1.542014556430380E-005
  1.511583224982050E-005
  1.480998305520131E-005
  1.443319099369555E-005
  1.419942361085162E-005
  1.392021674419994E-005
  1.364618670524925E-005
  1.336748505804693E-005
  1.300870893208984E-005
  1.281587734297591E-005
  1.256421735843392E-005
  1.231845844138924E-005
  1.207547590088497E-005
  1.182986763344553E-005
  1.166615117256576E-005
  1.143573778808980E-005
  1.121080195285446E-005
  1.098939572707204E-005
  1.076710078455121E-005
  1.054537349805304E-005
  1.033083887202582E-005
  1.012577497716806E-005
  9.923788074477075E-006
  9.723599228621804E-006
  9.524201311243084E-006
  9.328145207344126E-006
  9.140886331297399E-006
  8.958961029656123E-006
  8.778042408146920E-006
  8.597932835149707E-006
  8.420367746898613E-006
  8.250343196085089E-006
  8.084876058307231E-006
  7.921408897118814E-006
  7.761207218052082E-006
  7.603242449770978E-006
  7.447190851311790E-006
  7.295486768740283E-006
  7.148049391205853E-006
  7.002502936458896E-006
  6.859134430021706E-006
  6.717444974253807E-006
  6.580066415678786E-006
  6.447485720689065E-006
  6.316258359006765E-006
  6.187684032977851E-006
  6.061858446626952E-006
  5.936619160438170E-006
  5.813864706182769E-006
  5.694690541414500E-006
  5.578185315521260E-006
  5.464741489622937E-006
  5.352124964474318E-006
  5.240895090205122E-006
  5.132461926492859E-006
  5.026973035695196E-006
  4.924320283510354E-006
  4.822681256546649E-006
  4.722281648869805E-006
  4.623937232180695E-006
  4.528340753866056E-006
  4.435885223621737E-006
  4.344567644510351E-006
  4.253768597038653E-006
  4.164622987489674E-006
  4.077365827161360E-006
  3.993483263196453E-006
  3.911933264670112E-006
  3.830120751745107E-006
  3.749811150554066E-006
  3.671546356114122E-006
  3.594233227562439E-006
  3.521295067295203E-006
  3.446924529178482E-006
  3.374367502465412E-006
  3.304393320944791E-006
  3.236950233244229E-006
  3.168739910015061E-006
  3.101824708537799E-006
  3.034848700140165E-006
  2.971217644471170E-006
  2.911101305583937E-006
  2.850815066916930E-006
  2.789559358341913E-006
  2.729209517280569E-006
  2.670057878750663E-006
  2.614446448279704E-006
  2.562472626534150E-006
  2.508193801604957E-006
  2.453299351170548E-006
  2.399704172289991E-006
  2.347809146532293E-006
  2.299113444087906E-006
  2.256426455911242E-006
  2.205660234042793E-006
  2.155719336326326E-006
  2.108586924613778E-006
  2.062513759011407E-006
  2.020104191350930E-006
  1.984532046484627E-006
  1.936558251921447E-006
  1.892437842454721E-006
  1.851205221708857E-006
  1.810462126902734E-006
  1.773640777360731E-006
  1.744229640706465E-006
  1.698408069378766E-006
  1.659474018804510E-006
  1.623273514764485E-006
  1.587408094140962E-006
  1.555649249974687E-006
  1.531581027517779E-006
  1.488167067896303E-006
  1.454000773306565E-006
  1.422382384276377E-006
  1.391489561416042E-006
  1.364024904839315E-006
  1.343974867743865E-006
  1.314829393433832E-006
  1.286198749370495E-006
  1.257842044696531E-006
  1.230157218728005E-006
  1.203226746818254E-006
  1.177130848175414E-006
  1.151403644098233E-006
  1.126212307365620E-006
  1.101255435192812E-006
  1.076876841727346E-006
  1.053096649786912E-006
  1.030264822928700E-006
  1.007673528470002E-006
  9.856206381012804E-007
  9.638137552453399E-007
  9.423434536410751E-007
  9.216920355101187E-007
  9.019507040374707E-007
  8.823536635217298E-007
  8.623571273360398E-007
  8.428682919106940E-007
  8.239535967249441E-007
  8.056793507926022E-007
  7.884049286126791E-007
  7.713305087301477E-007
  7.537084901911955E-007
  7.363190325613991E-007
  7.195748610792856E-007
  7.034239454768766E-007
  6.882305176863706E-007
  6.736358636955250E-007
  6.583963156589754E-007
  6.428837141688754E-007
  6.278174633325517E-007
  6.137951599687792E-007
  6.006249168963108E-007
  5.877218531014988E-007
  5.745923967223411E-007
  5.610108413982637E-007
  5.474361002966196E-007
  5.348178649787524E-007
  5.233211484024221E-007
  5.122576763016052E-007
  5.010590935301176E-007
  4.893765963610746E-007
  4.772923329852056E-007
  4.656782176299391E-007
  4.554720151135787E-007
  4.459947195448534E-007
  4.365616901567810E-007
  4.266974947360302E-007
  4.162213325558732E-007
  4.055171016530525E-007
  3.958738036222787E-007
  3.879374480339060E-007
  3.799358536431108E-007
  3.717854180434954E-007
  3.628723609680970E-007
  3.535156018226404E-007
  3.445705840162001E-007
  3.368899230133582E-007
  3.302018217244075E-007
  3.234133308274900E-007
  3.163148073203466E-007
  3.081351145555883E-007
  3.001542486343966E-007
  2.929891055853058E-007
  2.866315378241509E-007
  2.810061662516369E-007
  2.750972213660912E-007
  2.688055548748338E-007
  2.613510111887679E-007
  2.547838965276247E-007
  2.489292086689580E-007
  2.432835863718580E-007
  2.387938055323403E-007
  2.336356274295981E-007
  2.282604648086429E-007
  2.213657897758137E-007
  2.159396850194383E-007
  2.110732464506597E-007
  2.062466751565458E-007
  2.027619495365461E-007
  1.982638132170551E-007
  1.936099683175949E-007
  1.871850428328520E-007
  1.827397388691835E-007
  1.786533477101042E-007
  1.745417390795027E-007
  1.719170379287281E-007
  1.679917220870852E-007
  1.640818098816221E-007
  1.600702928704777E-007
  1.562611281922276E-007
  1.527463686965128E-007
  1.491580375657746E-007
  1.455194246214186E-007
  1.420879230344412E-007
  1.387612353836792E-007
  1.354092980329193E-007
  1.322344230834795E-007
  1.291491066196364E-007
  1.260714590992375E-007
  1.229845085165196E-007
  1.200753088110914E-007
  1.172787877465274E-007
  1.144159728434408E-007
  1.117048582537664E-007
  1.090872576334034E-007
  1.064972422236998E-007
  1.038922635739211E-007
  1.014071327113564E-007
  9.905516543352407E-008
  9.664832153424521E-008
  9.428724441679586E-008
  9.202764484540286E-008
  8.984845039463948E-008
  8.770163669961883E-008
  8.560113058863008E-008
  8.354307487125932E-008
  8.148458332889367E-008
  7.946850426482016E-008
  7.753806753490953E-008
  7.571232916306502E-008
  7.389556175100894E-008
  7.210925460285825E-008
  7.038081705271815E-008
  6.865908396918587E-008
  6.694808367382815E-008
  6.530697301694769E-008
  6.372767407425927E-008
  6.222546633879977E-008
  6.068483271901615E-008
  5.925272442185356E-008
  5.779024355119427E-008
  5.631893226176878E-008
  5.489814796893076E-008
  5.356385833675697E-008
  5.229815457928305E-008
  5.105317584945536E-008
  4.982562711823280E-008
  4.859812059462292E-008
  4.734301228217218E-008
  4.611158407369545E-008
  4.495044803700580E-008
  4.387672763340141E-008
  4.284917806124326E-008
  4.182088996255869E-008
  4.080938988078291E-008
  3.977049430201503E-008
  3.869279384131236E-008
  3.768301564297666E-008
  3.674973756994432E-008
  3.589727279149440E-008
  3.506253457171873E-008
  3.421601883877018E-008
  3.339266176198123E-008
  3.249111446744114E-008
  3.160627616235526E-008
  3.076917955827539E-008
  2.998372932751115E-008
  2.932056247248399E-008
  2.865194500465545E-008
  2.795293964109917E-008
  2.727596239811611E-008
  2.648790547736695E-008
  2.574498423009160E-008
  2.505457208921267E-008
  2.442227453020073E-008
  2.391312308619230E-008
  2.337778808146262E-008
  2.281745589783010E-008
  2.225109562094718E-008
  2.154581820622154E-008
  2.092134754076472E-008
  2.036553588161663E-008
  1.984690087413703E-008
  1.945904809815785E-008
  1.905992645371688E-008
  1.858298005449407E-008
  1.810916531124762E-008
  1.763684168996268E-008
  1.716029325544608E-008
  1.670282720872935E-008
  1.626886726914685E-008
  1.585642849234707E-008
  1.547568690268898E-008
  1.508935881853647E-008
  1.469985058530487E-008
  1.431066549910887E-008
  1.391743159303729E-008
  1.353867700985445E-008
  1.318073658775792E-008
  1.284344192137258E-008
  1.254253718034584E-008
  1.223734569474015E-008
  1.191882175722616E-008
  1.160153780191454E-008
  1.127588267497230E-008
  1.095332608345234E-008
  1.066160728066227E-008
  1.039460182830337E-008
  1.014358241742240E-008
  9.898836133137433E-009
  9.645410117517678E-009
  9.383920306359066E-009
  9.118174093196253E-009
  8.849439482189362E-009
  8.604129660692523E-009
  8.382916775218438E-009
  8.178879260615300E-009
  7.989267492709355E-009
  7.790999487870912E-009
  7.578127770209005E-009
  7.358848311960143E-009
  7.140411794412664E-009
  6.932314788354253E-009
  6.743028197761962E-009
  6.577479655019588E-009
  6.430094331508180E-009
  6.280068761347491E-009
  6.112356187003967E-009
  5.931245540327196E-009
  5.748957284455454E-009
  5.573643363400180E-009
  5.410979361741683E-009
  5.269408504797756E-009
  5.152366201911613E-009
  5.044051922046782E-009
  4.923103805692599E-009
  4.778901035142820E-009
  4.625137993084062E-009
  4.476444228330775E-009
  4.339108953614742E-009
  4.215458517413001E-009
  4.116129256895780E-009
  4.029739656068206E-009
  3.950372144733306E-009
  3.848051809149135E-009
  3.719693327394235E-009
  3.592253613797722E-009
  3.471991955080655E-009
  3.365972269717581E-009
  3.277369527701141E-009
  3.203684193244308E-009
  3.145861977534648E-009
  3.087707256849433E-009
  2.997958837926799E-009
  2.883033439445549E-009
  2.778178239749373E-009
  2.680478556974189E-009
  2.599267236773290E-009
  2.536264402185983E-009
  2.488630793738995E-009
  2.447578625039195E-009
  2.408202090942907E-009
  2.328064958395153E-009
  2.225288591684129E-009
  2.140046127486733E-009
  2.059441450869202E-009
  1.997541199682033E-009
  1.952734921679742E-009
  1.924406279796382E-009
  1.900495694657461E-009
  1.876608168041577E-009
  1.804491583595856E-009
  1.711039411794465E-009
  1.641224512290683E-009
  1.574205429229278E-009
  1.525990124717879E-009
  1.494109487851901E-009
  1.480231577407043E-009
  1.484298081592453E-009
  1.473712914617442E-009
  1.411135949705568E-009
  1.324230363688096E-009
  1.250886056989255E-009
  1.194009024411821E-009
  1.155647557671357E-009
  1.132894477552367E-009
  1.129645266419692E-009
  1.145248077507089E-009
  1.149699341593435E-009
  1.098845362979790E-009
  1.015435569892455E-009
  9.486572437725317E-010
  8.977462382299286E-010
  8.650300301551250E-010
  8.480186206303678E-010
  8.497508526427943E-010
  8.739305326384883E-010
  8.967059280160919E-010
  8.621497374672083E-010
  7.818104094906424E-010
  7.139568623407850E-010
  6.676451671531481E-010
  6.383180288530333E-010
  6.232409307616810E-010
  6.243254545073615E-010
  6.505094032611562E-010
  6.958104920486458E-010
  6.889726573583273E-010
  6.104179735414223E-010
  5.359476515263386E-010
  4.893837047005970E-010
  4.625353230823443E-010
  4.469991975916133E-010
  4.497715479014038E-010
  4.619963462653108E-010
  5.195293411993372E-010
  5.642539702480504E-010
  4.947595116109120E-010
  4.050899262627531E-010
  3.535234430935744E-010
  3.249850855158203E-010
  3.124250639311744E-010
  3.052527623056308E-010
  3.279009564388113E-010
  3.356873552874999E-010
  4.550964752996513E-010
  4.412331852196119E-010
  3.164360676529396E-010
  2.536911848851264E-010
  2.194009022341025E-010
  2.045102944583077E-010
  2.023386224157577E-010
  1.985132561093294E-010
  2.437786305512023E-010
  2.303776591945002E-010
  4.495280943140939E-010
  2.949182078297240E-010
  1.772091614622596E-010
  1.446436888057924E-010
  1.180082950216601E-010
  1.156275448941203E-010
  1.205794884732582E-010
  1.194728548709079E-010
  1.834386713518431E-010
  1.394046164712223E-010
  4.757418912618612E-010
  1.362116337855285E-010
  8.159625442490580E-011
  5.772681448244446E-011
  4.379183359614599E-011
  5.150404579300208E-011
  6.161136308197892E-011
  5.973033807516810E-011
  1.277285170154149E-010
  6.028187215891363E-011
  4.880647545686196E-010
