  9.885334304284331E-002
  9.960404281690352E-002
  0.100287149633082     
  0.100897846275881     
  0.101442271523895     
  0.101925563320502     
  0.102354599952555     
  0.102734092133335     
  0.103067145479833     
  0.103359918379076     
  0.103619821777915     
  0.103850188614580     
  0.104054153962780     
  0.104234008674612     
  0.104393533016449     
  0.104535061750054     
  0.104660980360614     
  0.104772682480869     
  0.104870971205335     
  0.104958239759036     
  0.105036331851431     
  0.105106277670821     
  0.105168704214056     
  0.105224318237657     
  0.105273550755822     
  0.105317063327174     
  0.105355659379438     
  0.105389694566899     
  0.105420032180174     
  0.105446445182670     
  0.105470362459132     
  0.105491659204719     
  0.105510545998903     
  0.105527125291234     
  0.105541931163761     
  0.105555080551634     
  0.105566751839633     
  0.105577128205480     
  0.105586346395181     
  0.105594582440364     
  0.105601808038979     
  0.105608292283841     
  0.105614108199884     
  0.105619237619333     
  0.105623860543531     
  0.105628073824100     
  0.105631837810961     
  0.105635267683513     
  0.105638336639267     
  0.105641146145613     
  0.105643724819360     
  0.105646088011445     
  0.105648259361516     
  0.105650298587366     
  0.105652222771941     
  0.105653952188292     
  0.105655579074925     
  0.105657095612990     
  0.105658528721232     
  0.105659884268834     
  0.105661148952670     
  0.105662373492759     
  0.105663532714075     
  0.105664633268887     
  0.105665683703043     
  0.105666683639630     
  0.105667637404868     
  0.105668530498603     
  0.105669378503630     
  0.105670196623473     
  0.105670973472738     
  0.105671708205818     
  0.105672404875406     
  0.105673065680968     
  0.105673694044825     
  0.105674231999493     
  0.105674795946380     
  0.105675329136825     
  0.105675810394189     
  0.105676289099079     
  0.105676743526133     
  0.105677171035561     
  0.105677576745714     
  0.105677958801352     
  0.105678318743905     
  0.105678658676338     
  0.105678979460387     
  0.105679278972518     
  0.105679561563471     
  0.105679828179178     
  0.105680075926096     
  0.105680302235303     
  0.105680508369209     
  0.105680691727167     
  0.105680847174616     
  0.105680966918313     
  0.105681037597690     
  0.105681048829429     
  0.105680989989416     
  9.885331680514066E-002
