  3.513024226153795E-002
  3.516148088524659E-002
  3.520216071539652E-002
  3.524839461883000E-002
  3.529791124741243E-002
  3.534888438599826E-002
  3.540021479561953E-002
  3.545109479475862E-002
  3.550162806146447E-002
  3.555072533417260E-002
  3.559814051811402E-002
  3.564371005214827E-002
  3.568743352495377E-002
  3.572911749644251E-002
  3.576889669115164E-002
  3.580684528714333E-002
  3.584281295828443E-002
  3.587688682732972E-002
  3.590925491085606E-002
  3.593965789576856E-002
  3.596825713580781E-002
  3.599515472145089E-002
  3.602041454176190E-002
  3.604416186405109E-002
  3.606653335712644E-002
  3.608757816014356E-002
  3.610732234135310E-002
  3.612575132837384E-002
  3.614307982405834E-002
  3.615941977476470E-002
  3.617441199896331E-002
  3.618841617374007E-002
  3.620152732572274E-002
  3.621368334479969E-002
  3.622512440153942E-002
  3.623580606775555E-002
  3.624579348459470E-002
  3.625514923044427E-002
  3.626388600154452E-002
  3.627205118039640E-002
  3.627967838172111E-002
  3.628678485326423E-002
  3.629341724498825E-002
  3.629957496215477E-002
  3.630530729228019E-002
  3.631062777765920E-002
  3.631560550991942E-002
  3.632023510401392E-002
  3.632454997605327E-002
  3.632855145952012E-002
  3.633226670310795E-002
  3.633571426864273E-002
  3.633891818836164E-002
  3.634189070766078E-002
  3.634466854863922E-002
  3.634724395437995E-002
  3.634963167238001E-002
  3.635184790676971E-002
  3.635390411399041E-002
  3.635581094003291E-002
  3.635756495576091E-002
  3.635920008859319E-002
  3.636071873196201E-002
  3.636212827414241E-002
  3.636343671182785E-002
  3.636464950605062E-002
  3.636577428556386E-002
  3.636681265044914E-002
  3.636777775378030E-002
  3.636865006057722E-002
  3.636946612084689E-002
  3.637022656342653E-002
  3.637093240094800E-002
  3.637158734670103E-002
  3.637219473525122E-002
  3.637275041041023E-002
  3.637326375149621E-002
  3.637373744230690E-002
  3.637417869987895E-002
  3.637458295480170E-002
  3.637495769185924E-002
  3.637530523431967E-002
  3.637562741601981E-002
  3.637592676380498E-002
  3.637620401445209E-002
  3.637646073110037E-002
  3.637669863217171E-002
  3.637691690910648E-002
  3.637711927166778E-002
  3.637730664690863E-002
  3.637747959509877E-002
  3.637763901012494E-002
  3.637778571049093E-002
  3.637791883015435E-002
  3.637804131026137E-002
  3.637815251883961E-002
  3.637825268617627E-002
  3.637834155283187E-002
  3.637839667018702E-002
  3.638020332139788E-002
