  0.133983585304381     
  0.134765523702150     
  0.135489310348478     
  0.136146240894712     
  0.136740182771307     
  0.137274447706500     
  0.137754814748174     
  0.138185186928094     
  0.138568773541297     
  0.138910643713249     
  0.139217962296029     
  0.139493898666728     
  0.139741587487734     
  0.139963126171054     
  0.140162429707600     
  0.140341907037197     
  0.140503793318899     
  0.140649569308199     
  0.140780226116191     
  0.140897897654805     
  0.141004588987239     
  0.141101432392272     
  0.141189118755818     
  0.141268480101708     
  0.141340084112949     
  0.141404641487318     
  0.141462981720791     
  0.141515445895273     
  0.141563112004232     
  0.141605864957435     
  0.141644774458096     
  0.141680075378459     
  0.141712073324626     
  0.141740808636034     
  0.141767055565301     
  0.141790886619389     
  0.141812545324227     
  0.141832277435924     
  0.141850232396725     
  0.141866633620760     
  0.141881486420700     
  0.141895077137105     
  0.141907525444872     
  0.141918812581487     
  0.141929167835811     
  0.141938701601760     
  0.141947443320880     
  0.141955502787527     
  0.141962886615321     
  0.141969697605133     
  0.141975991522468     
  0.141981802280087     
  0.141987177549877     
  0.141992189295027     
  0.141996891320580     
  0.142001196142672     
  0.142005210747305     
  0.142008943519760     
  0.142012432835223     
  0.142015695208866     
  0.142018713908431     
  0.142021573581352     
  0.142024251446037     
  0.142026761543030     
  0.142029120414871     
  0.142031333145681     
  0.142033411690432     
  0.142035343149052     
  0.142037156257410     
  0.142038846684050     
  0.142040439593585     
  0.142041934769245     
  0.142043337276354     
  0.142044653027669     
  0.142045888780076     
  0.142046982409903     
  0.142048059697877     
  0.142049066579131     
  0.142049989094068     
  0.142050872053880     
  0.142051701217992     
  0.142052476269881     
  0.142053204161733     
  0.142053885565157     
  0.142054522758357     
  0.142055119407439     
  0.142055678092559     
  0.142056195881624     
  0.142056680835138     
  0.142057134826087     
  0.142057555521195     
  0.142057941245428     
  0.142058294079700     
  0.142058610557322     
  0.142058888484878     
  0.142059119437152     
  0.142059290283866     
  0.142059390382261     
  0.142059386659603     
  0.135233520126539     
