  -60.8317546347438     
  -60.8317546035808     
  -60.8317541361364     
  -60.8317521105453     
  -60.8317466570442     
  -60.8317351580104     
  -60.8317142480620     
  -60.8316798142613     
  -60.8316269964801     
  -60.8315501879946     
  -60.8314430363936     
  -60.8312984448935     
  -60.8311085741666     
  -60.8308648448024     
  -60.8305579405320     
  -60.8301778123591     
  -60.8297136837493     
  -60.8291540570440     
  -60.8284867212721     
  -60.8276987615417     
  -60.8267765702052     
  -60.8257058599945     
  -60.8244716793302     
  -60.8230584300123     
  -60.8214498875021     
  -60.8196292240042     
  -60.8175790345538     
  -60.8152813663129     
  -60.8127177512649     
  -60.8098692424909     
  -60.8067164541926     
  -60.8032396056078     
  -60.7994185689439     
  -60.7952329214258     
  -60.7906620015226     
  -60.7856849693850     
  -60.7802808714824     
  -60.7744287093857     
  -60.7681075125943     
  -60.7612964152528     
  -60.7539747365492     
  -60.7461220645274     
  -60.7377183429874     
  -60.7287439610859     
  -60.7191798451865     
  -60.7090075524503     
  -60.6981986041090     
  -60.6867057831100     
  -60.6745046810986     
  -60.6615716710159     
  -60.6478838130202     
  -60.6334198899145     
  -60.6181560009210     
  -60.6020706779814     
  -60.5851463945372     
  -60.5673609962681     
  -60.5486907648765     
  -60.5291266970415     
  -60.5086494038699     
  -60.4872365469012     
  -60.4648642521026     
  -60.4414927877220     
  -60.4170815381452     
  -60.3916067815121     
  -60.3650690156951     
  -60.3374308277827     
  -60.3086729544726     
  -60.2787880455889     
  -60.2477667285782     
  -60.2155929798897     
  -60.1822460881710     
  -60.1477057803190     
  -60.1119352206332     
  -60.0749110207174     
  -60.0366108118276     
  -59.9970176530474     
  -59.9560989535348     
  -59.9138478314206     
  -59.8702728484631     
  -59.8253771345564     
  -59.7791413408683     
  -59.7315252004209     
  -59.6824867092562     
  -59.6320160186535     
  -59.5801018218813     
  -59.5267141182025     
  -59.4718608422631     
  -59.4155442606948     
  -59.3577764789562     
  -59.2985345818754     
  -59.2377729033666     
  -59.1754563755998     
  -59.1115570195587     
  -59.0460593729658     
  -58.9789917230312     
  -58.9103742948158     
  -58.8402227013748     
  -58.7684989968922     
  -58.6951306876468     
  -58.6200995775326     
  -58.5434036599753     
  -58.4650421882243     
  -58.3850454604474     
  -58.3034314275239     
  -58.2201536997757     
  -58.1351380121116     
  -58.0484097923654     
  -57.9600035160968     
  -57.8699042738783     
  -57.7781387114569     
  -57.6847227661419     
  -57.5895707198504     
  -57.4925822620150     
  -57.3938134983263     
  -57.2933160484442     
  -57.1911277931098     
  -57.0872868510372     
  -56.9817419373383     
  -56.8743864224602     
  -56.7652348074831     
  -56.6543185609070     
  -56.5416679744140     
  -56.4273773164881     
  -56.3113987842609     
  -56.1936512245593     
  -56.0741538006303     
  -55.9529280117183     
  -55.8299934231968     
  -55.7054193060616     
  -55.5791547173181     
  -55.4511547155073     
  -55.3214495557885     
  -55.1900642766513     
  -55.0570476611220     
  -54.9224300528108     
  -54.7861773202675     
  -54.6482925103272     
  -54.5087893277831     
  -54.3677003268827     
  -54.2250777395738     
  -54.0809174393982     
  -53.9352071377838     
  -53.7879495522483     
  -53.6391982227882     
  -53.4889858812139     
  -53.3373347970834     
  -53.1842600209473     
  -53.0297625822947     
  -52.8738828978370     
  -52.7166544099327     
  -52.5580984316327     
  -52.3982175389323     
  -52.2370202657094     
  -52.0745655052090     
  -51.9108902730032     
  -51.7460169353336     
  -51.5799526633219     
  -51.4127141314595     
  -51.2443443094402     
  -51.0748805099354     
  -50.9043613076715     
  -50.7328031610776     
  -50.5602310511857     
  -50.3866825163705     
  -50.2121943982916     
  -50.0367934582163     
  -49.8604945649205     
  -49.6833278860275     
  -49.5053345091862     
  -49.3265482238957     
  -49.1469905478554     
  -48.9666811137007     
  -48.7856533631787     
  -48.6039476610466     
  -48.4215934915565     
  -48.2386123033023     
  -48.0550327103279     
  -47.8708902280762     
  -47.6862175635798     
  -47.5010330257613     
  -47.3153620618861     
  -47.1292404421617     
  -46.9427006639973     
  -46.7557641463135     
  -46.5684521017058     
  -46.3807958273413     
  -46.1928277397435     
  -46.0045761999665     
  -45.8160641775565     
  -45.6273185097359     
  -45.4383698567220     
  -45.2492453083880     
  -45.0599690163307     
  -44.8705655435053     
  -44.6810617781300     
  -44.4914844719712     
  -44.3018564952429     
  -44.1122003036263     
  -43.9225409907269     
  -43.7329026350334     
  -43.5433076343389     
  -43.3537772021859     
  -43.1643332158907     
  -42.9749972468904     
  -42.7857897703340     
  -42.5967307501439     
  -42.4078407176838     
  -42.2191394516528     
  -42.0306454060082     
  -41.8423708477624     
  -41.6543355008606     
  -41.4665626374559     
  -41.2790706846273     
  -41.0918727156608     
  -40.9049855543577     
  -40.7184292310204     
  -40.5322212122929     
  -40.3463748960664     
  -40.1609053822994     
  -39.9758297034761     
  -39.7911639577155     
  -39.6069211732204     
  -39.4231149423152     
  -39.2397600232281     
  -39.0568694797442     
  -38.8744539972300     
  -38.6925263164040     
  -38.5111005668281     
  -38.3301893133300     
  -38.1498024941982     
  -37.9699506548739     
  -37.7906459000267     
  -37.6118995818567     
  -37.4337207735274     
  -37.2561181597949     
  -37.0791016910615     
  -36.9026817085391     
  -36.7268669568862     
  -36.5516648774158     
  -36.3770831484483     
  -36.2031301422459     
  -36.0298138522503     
  -35.8571414249134     
  -35.6851195161156     
  -35.5137547600042     
  -35.3430536982148     
  -35.1730224447556     
  -35.0036668013115     
  -34.8349924943046     
  -34.6670049808252     
  -34.4997092716241     
  -34.3331100687763     
  -34.1672119657694     
  -34.0020191578511     
  -33.8375350067928     
  -33.6737625216628     
  -33.5107058309396     
  -33.3483693007387     
  -33.1867562861292     
  -33.0258695206174     
  -32.8657114229053     
  -32.7062848050782     
  -32.5475923635623     
  -32.3896361552787     
  -32.2324178291298     
  -32.0759390455098     
  -31.9202015160685     
  -31.7652066800744     
  -31.6109555973824     
  -31.4574492078398     
  -31.3046885868070     
  -31.1526748021028     
  -31.0014085053790     
  -30.8508898069404     
  -30.7011178171797     
  -30.5520923893285     
  -30.4038146012074     
  -30.2562847675736     
  -30.1095022123744     
  -29.9634661374660     
  -29.8181764402451     
  -29.6736333362769     
  -29.5298364553129     
  -29.3867847778043     
  -29.2444772931996     
  -29.1029134080520     
  -28.9620924975982     
  -28.8220135069683     
  -28.6826750888288     
  -28.5440760087786     
  -28.4062152037103     
  -28.2690914715792     
  -28.1327033070014     
  -27.9970491140245     
  -27.8621274070489     
  -27.7279366960777     
  -27.5944753237455     
  -27.4617414453280     
  -27.3297331554680     
  -27.1984484891275     
  -27.0678852993849     
  -26.9380415263847     
  -26.8089152579080     
  -26.6805043008942     
  -26.5528062880853     
  -26.4258187822591     
  -26.2995395103870     
  -26.1739663612275     
  -26.0490969057051     
  -25.9249284952818     
  -25.8014584286267     
  -25.6786842792395     
  -25.5566039087969     
  -25.4352149034197     
  -25.3145138814651     
  -25.1944981120933     
  -25.0751651585695     
  -24.9565125618023     
  -24.8385376008289     
  -24.7212369811046     
  -24.6046078065500     
  -24.4886474566850     
  -24.3733532869668     
  -24.2587223471421     
  -24.1447513530906     
  -24.0314373446363     
  -23.9187775596951     
  -23.8067691999359     
  -23.6954091440060     
  -23.5846940503897     
  -23.4746208756491     
  -23.3651867178448     
  -23.2563886590551     
  -23.1482235086991     
  -23.0406879099309     
  -22.9337787497343     
  -22.8274929896616     
  -22.7218276203942     
  -22.6167794161439     
  -22.5123449950638     
  -22.4085211747996     
  -22.3053048278971     
  -22.2026928887003     
  -22.1006821203836     
  -21.9992691420357     
  -21.8984517101824     
  -21.7982273470148     
  -21.6985929457729     
  -21.5995452626747     
  -21.5010809167204     
  -21.4031974291729     
  -21.3058920369497     
  -21.2091608502332     
  -21.1129996320260     
  -21.0174050131947     
  -20.9223743383212     
  -20.8279047760699     
  -20.7339926172040     
  -20.6406338472111     
  -20.5478251104007     
  -20.4555636711217     
  -20.3638466916830     
  -20.2726706346727     
  -20.1820316533192     
  -20.0919263870625     
  -20.0023520001763     
  -19.9133056325440     
  -19.8247839076069     
  -19.7367831940969     
  -19.6493001803261     
  -19.5623319501643     
  -19.4758755970671     
  -19.3899278718191     
  -19.3044853116312     
  -19.2195446407059     
  -19.1351028930932     
  -19.0511571679539     
  -18.9677043402781     
  -18.8847410929069     
  -18.8022641922293     
  -18.7202706408691     
  -18.6387575465461     
  -18.5577218886807     
  -18.4771604836240     
  -18.3970701654954     
  -18.3174479351897     
  -18.2382909137276     
  -18.1595961739865     
  -18.0813605412681     
  -18.0035810807148     
  -17.9262546941396     
  -17.8493784042900     
  -17.7729495729076     
  -17.6969652452325     
  -17.6214224996984     
  -17.5463182964169     
  -17.4716495909718     
  -17.3974137996273     
  -17.3236082288411     
  -17.2502300289287     
  -17.1772762573205     
  -17.1047438882133     
  -17.0326302707804     
  -16.9609328826017     
  -16.8896490284578     
  -16.8187758857798     
  -16.7483105175861     
  -16.6782502038643     
  -16.6085924663737     
  -16.5393347692623     
  -16.4704744524459     
  -16.4020087310344     
  -16.3339348824086     
  -16.2662504013163     
  -16.1989528434360     
  -16.1320396946712     
  -16.0655083143800     
  -15.9993560334693     
  -15.9335803195041     
  -15.8681787648253     
  -15.8031489720466     
  -15.7384884662673     
  -15.6741947040314     
  -15.6102651820493     
  -15.5466975001558     
  -15.4834893232861     
  -15.4206382988476     
  -15.3581420242810     
  -15.2959980795778     
  -15.2342040930449     
  -15.1727577643057     
  -15.1116568276791     
  -15.0508990021492     
  -14.9904819824080     
  -14.9304034670420     
  -14.8706611960776     
  -14.8112529558090     
  -14.7521765543457     
  -14.6934297939241     
  -14.6350104709809     
  -14.5769164010959     
  -14.5191454288492     
  -14.4616954231532     
  -14.4045642731456     
  -14.3477498719771     
  -14.2912501164061     
  -14.2350629212523     
  -14.1791862145612     
  -14.1236179448206     
  -14.0683560816388     
  -14.0133990288715     
  -13.9587456024912     
  -13.9043938058289     
  -13.8503416083273     
  -13.7965870176512     
  -13.7431280374450     
  -13.6899622403123     
  -13.6370879956295     
  -13.5845033906225     
  -13.5322064836245     
  -13.4801953676231     
  -13.4284681326433     
  -13.3770225399231     
  -13.3258569473983     
  -13.2749695392368     
  -13.2243584609161     
  -13.1740218867472     
  -13.1239579997328     
  -13.0741647459068     
  -13.0246404599847     
  -12.9753834150326     
  -12.9263918437509     
  -12.8776639947199     
  -12.8291981276677     
  -12.7809923518219     
  -12.7330449978201     
  -12.6853544237981     
  -12.6379189591948     
  -12.5907369297306     
  -12.5438066691341     
  -12.4971264249199     
  -12.4506945414798     
  -12.4045094352538     
  -12.3585695210099     
  -12.3128732023409     
  -12.2674188829001     
  -12.2222049255941     
  -12.1772297415715     
  -12.1324918091355     
  -12.0879896132158     
  -12.0437216319022     
  -11.9996863280731     
  -11.9558821462996     
  -11.9123075595617     
  -11.8689610958818     
  -11.8258413016960     
  -11.7829467206918     
  -11.7402758909745     
  -11.6978273370956     
  -11.6555995914275     
  -11.6135912262673     
  -11.5718008455254     
  -11.5302270586581     
  -11.4888684738028     
  -11.4477236927459     
  -11.4067913129319     
  -11.3660699515053     
  -11.3255582552622     
  -11.2852548792804     
  -11.2451584875401     
  -11.2052677602328     
  -11.1655813621941     
  -11.1260979538523     
  -11.0868162174201     
  -11.0477348635240     
  -11.0088526129467     
  -10.9701681948135     
  -10.9316803449843     
  -10.8933877893962     
  -10.8552892587963     
  -10.8173835063525     
  -10.7796693069105     
  -10.7421454441126     
  -10.7048107083542     
  -10.6676638939413     
  -10.6307037898552     
  -10.5939291937315     
  -10.5573389276522     
  -10.5209318423388     
  -10.4847067853995     
  -10.4486625976041     
  -10.4127981184496     
  -10.3771121979688     
  -10.3416037015320     
  -10.3062735547586     
  -10.2711217013678     
  -10.2361436266927     
  -10.2013382386186     
  -10.1667044534312     
  -10.1322411780517     
  -10.0979473744008     
  -10.0638236683595     
  -10.0298703109203     
  -9.99608377945297     
  -9.96246303435255     
  -9.92900704975457     
  -9.89571477360509     
  -9.86258485447294     
  -9.82961727688157     
  -9.79681208513046     
  -9.76416640399181     
  -9.73167911372438     
  -9.69934927969081     
  -9.66717590622905     
  -9.63515774782988     
  -9.60329458038952     
  -9.57158629145118     
  -9.54003070933222     
  -9.50862657840334     
  -9.47737300270653     
  -9.44626905205511     
  -9.41531359103745     
  -9.38450617365440     
  -9.35384656426174     
  -9.32333322210205     
  -9.29296482694475     
  -9.26274046287174     
  -9.23265926313861     
  -9.20272020638541     
  -9.17292266230822     
  -9.14326627538455     
  -9.11374998583732     
  -9.08437254308561     
  -9.05513298208683     
  -9.02603047975697     
  -8.99706412647848     
  -8.96823317646637     
  -8.93953714221790     
  -8.91097526441616     
  -8.88254647402863     
  -8.85424978111289     
  -8.82608436289169     
  -8.79804939857598     
  -8.77014410804615     
  -8.74236788918633     
  -8.71472011954148     
  -8.68719994388807     
  -8.65980642009864     
  -8.63253870792274     
  -8.60539603603727     
  -8.57837764614197     
  -8.55148286652313     
  -8.52471110075147     
  -8.49806166054102     
  -8.47153371768110     
  -8.44512643775761     
  -8.41883906109883     
  -8.39267086555821     
  -8.36662116177512     
  -8.34068932767056     
  -8.31487475576057     
  -8.28917675213579     
  -8.26359454617504     
  -8.23812738427032     
  -8.21277456580023     
  -8.18753541914604     
  -8.16240930524450     
  -8.13739562775945     
  -8.11249378321975     
  -8.08770310190171     
  -8.06302287046386     
  -8.03845239670120     
  -8.01399102794910     
  -7.98963813520556     
  -7.96539311685638     
  -7.94125539967047     
  -7.91722439860772     
  -7.89329947883035     
  -7.86947997786431     
  -7.84576525294108     
  -7.82215469253659     
  -7.79864770437290     
  -7.77524371813714     
  -7.75194218470531     
  -7.72874254494783     
  -7.70564420115162     
  -7.68264653738864     
  -7.65974895426497     
  -7.63695088040297     
  -7.61425175870056     
  -7.59165104709111     
  -7.56914833168384     
  -7.54674339901042     
  -7.52443570108787     
  -7.50222465291395     
  -7.48010968765229     
  -7.45809018234276     
  -7.43616527903675     
  -7.41433442579001     
  -7.39259721124287     
  -7.37095338595256     
  -7.34940243855606     
  -7.32794382356674     
  -7.30657701105529     
  -7.28530142807082     
  -7.26411632202860     
  -7.24302114981138     
  -7.22201549506063     
  -7.20109907128166     
  -7.18027142059092     
  -7.15953203406705     
  -7.13888041157088     
  -7.11831602666873     
  -7.09783822623042     
  -7.07744646863832     
  -7.05714032832786     
  -7.03691948483471     
  -7.01678353170321     
  -6.99673199934488     
  -6.97676441581390     
  -6.95688029599911     
  -6.93707907371929     
  -6.91736021881175     
  -6.89772329439955     
  -6.87816795195415     
  -6.85869382195505     
  -6.83930047776248     
  -6.81998747567034     
  -6.80075436570347     
  -6.78160065302123     
  -6.76252583791063     
  -6.74352947692732     
  -6.72461119645911     
  -6.70577064334084     
  -6.68700743279529     
  -6.66832115257888     
  -6.64971138143900     
  -6.63117767710520     
  -6.61271957917238     
  -6.59433664862709     
  -6.57602849672340     
  -6.55779477191757     
  -6.53963512004044     
  -6.52154916328654     
  -6.50353650869091     
  -6.48559675237935     
  -6.46772947523448     
  -6.44993425697273     
  -6.43221070387782     
  -6.41455845895871     
  -6.39697718474181     
  -6.37946653707375     
  -6.36202615354722     
  -6.34465565960558     
  -6.32735467053586     
  -6.31012279346058     
  -6.29295964294516     
  -6.27586485750229     
  -6.25883810171769     
  -6.24187905115982     
  -6.22498737376207     
  -6.20816272376308     
  -6.19140474600832     
  -6.17471307768885     
  -6.15808735272103     
  -6.14152721436909     
  -6.12503232593935     
  -6.10860237056638     
  -6.09223704027090     
  -6.07593601809463     
  -6.05969897320143     
  -6.04352556840488     
  -6.02741546288886     
  -6.01136831507737     
  -5.99538379181976     
  -5.97946157582712     
  -5.96360136657240     
  -5.94780287084544     
  -5.93206578720914     
  -5.91638980366430     
  -5.90077460353782     
  -5.88521986978797     
  -5.86972544477337     
  -5.85429112445356     
  -5.83891660564922     
  -5.82360159975305     
  -5.80834582458615     
  -5.79314884009119     
  -5.77801022965616     
  -5.76292969565041     
  -5.74790694039085     
  -5.73294179300760     
  -5.71803405039255     
  -5.70318343072574     
  -5.68838965720234     
  -5.67365246110890     
  -5.65897145704658     
  -5.64434626506027     
  -5.62977659328897     
  -5.61526216111618     
  -5.60080277680898     
  -5.58639824118031     
  -5.57204829930915     
  -5.55775268296884     
  -5.54351114165918     
  -5.52932333516281     
  -5.51518892690109     
  -5.50110762229151     
  -5.48707915476137     
  -5.47310331605854     
  -5.45917991147944     
  -5.44530871252157     
  -5.43148946449427     
  -5.41772192909325     
  -5.40400580775653     
  -5.39034079868711     
  -5.37672661456746     
  -5.36316299683776     
  -5.34964972695883     
  -5.33618661364688     
  -5.32277345161800     
  -5.30941000686381     
  -5.29609604785527     
  -5.28283131611555     
  -5.26961553654904     
  -5.25644843509762     
  -5.24332975688418     
  -5.23025927789322     
  -5.21723680357203     
  -5.20426214661424     
  -5.19133510244943     
  -5.17845545233522     
  -5.16562296432862     
  -5.15283739334869     
  -5.14009847268930     
  -5.12740596208103     
  -5.11475963503119     
  -5.10215929430913     
  -5.08960475774906     
  -5.07709584403201     
  -5.06463236173571     
  -5.05221409890529     
  -5.03984083119926     
  -5.02751232205114     
  -5.01522833364782     
  -5.00298864966127     
  -4.99079305750975     
  -4.97864137357582     
  -4.96653343538583     
  -4.95446908453845     
  -4.94244814084576     
  -4.93047039198007     
  -4.91853563136419     
  -4.90664363869038     
  -4.89479417667770     
  -4.88298708685778     
  -4.87122217522909     
  -4.85949920283865     
  -4.84781819250610     
  -4.83617892604873     
