   1.34278836640066     
   1.34398245074635     
   1.34553729400967     
   1.34730443191212     
   1.34919700009803     
   1.35114526994560     
   1.35310720248796     
   1.35505194503183     
   1.35698339641572     
   1.35886001155293     
   1.36067231796544     
   1.36241411221310     
   1.36408532156972     
   1.36567859131870     
   1.36719907822150     
   1.36864956361123     
   1.37002436703500     
   1.37132676433744     
   1.37256396580581     
   1.37372606799669     
   1.37481922313738     
   1.37584733691114     
   1.37681285763014     
   1.37772056406165     
   1.37857568804434     
   1.37938009283119     
   1.38013478271931     
   1.38083906819721     
   1.38150156273598     
   1.38212611202915     
   1.38269916279089     
   1.38323446270304     
   1.38373562618173     
   1.38420029105729     
   1.38463761783761     
   1.38504592270944     
   1.38542768757105     
   1.38578530311877     
   1.38611926268250     
   1.38643137387419     
   1.38672292105147     
   1.38699456128595     
   1.38724807591498     
   1.38748344613162     
   1.38770257970454     
   1.38790595665799     
   1.38809624151813     
   1.38827323141037     
   1.38843821730832     
   1.38859124078205     
   1.38873324294087     
   1.38886504961357     
   1.38898753568447     
   1.38910117027460     
   1.38920738529964     
   1.38930583659331     
   1.38939711214452     
   1.38948185980007     
   1.38956045402953     
   1.38963336699475     
   1.38970040177823     
   1.38976291362100     
   1.38982097418171     
   1.38987486981078     
   1.38992485650789     
   1.38997121617042     
   1.39001422366365     
   1.39005394041492     
   1.39009079650832     
   1.39012413538529     
   1.39015533065458     
   1.39018439925309     
   1.39021137437423     
   1.39023639934451     
   1.39025959681936     
   1.39028094132257     
   1.39030044806968     
   1.39031855257386     
   1.39033543036162     
   1.39035086464448     
   1.39036517647006     
   1.39037845676488     
   1.39039077075886     
   1.39040220305166     
   1.39041279598991     
   1.39042260779266     
   1.39043169689684     
   1.39044003474626     
   1.39044776857135     
   1.39045492784905     
   1.39046153730703     
   1.39046762598802     
   1.39047322624005     
   1.39047832935339     
   1.39048299712987     
   1.39048724138288     
   1.39049108713427     
   1.39049448365810     
   1.39049658106293     
   1.39055529585940     
