  0.475376805299652     
  0.483063232957557     
  0.489165917985994     
  0.494293624220465     
  0.498735873683183     
  0.502623732417169     
  0.506042566532456     
  0.509048343160863     
  0.511697706870490     
  0.514022883820507     
  0.516068014073798     
  0.517863742740154     
  0.519438017184791     
  0.520813771220781     
  0.522017707484675     
  0.523071365250652     
  0.523991310864678     
  0.524793556735844     
  0.525490797545272     
  0.526095872186010     
  0.526620359136036     
  0.527074807999760     
  0.527466432752667     
  0.527805976690708     
  0.528099890534846     
  0.528353868918816     
  0.528573151244640     
  0.528757993514096     
  0.528918401003574     
  0.529054577072173     
  0.529169723250633     
  0.529268169031381     
  0.529352687426476     
  0.529422508162486     
  0.529483955001230     
  0.529536368655444     
  0.529581126890171     
  0.529620132389107     
  0.529653601984640     
  0.529682907160878     
  0.529707901062313     
  0.529730030180518     
  0.529749737691808     
  0.529766375245592     
  0.529780644216461     
  0.529793622719858     
  0.529805713904211     
  0.529816728557975     
  0.529827053666207     
  0.529836754151127     
  0.529846152353639     
  0.529855129075358     
  0.529863918189584     
  0.529872575297427     
  0.529881251257071     
  0.529889565478898     
  0.529897810504706     
  0.529905973195675     
  0.529914037545085     
  0.529922009021439     
  0.529929513896327     
  0.529937258316602     
  0.529944979462139     
  0.529952647088088     
  0.529960219186995     
  0.529967688824087     
  0.529975041447328     
  0.529982071664469     
  0.529988956501037     
  0.529995505731554     
  0.530001989829169     
  0.530008336726396     
  0.530014504641185     
  0.530020480360818     
  0.530026263967181     
  0.530031458485891     
  0.530036709519325     
  0.530041814691463     
  0.530046676078381     
  0.530051353507903     
  0.530055865389928     
  0.530060191376658     
  0.530064338426544     
  0.530068302840997     
  0.530072092075902     
  0.530075707959832     
  0.530079154141410     
  0.530082397310524     
  0.530085502269458     
  0.530088464328370     
  0.530091269431794     
  0.530093919668680     
  0.530096414389537     
  0.530098755224733     
  0.530100936231600     
  0.530102952084448     
  0.530104777590461     
  0.530106386586948     
  0.530107313108535     
  0.530142458969455     
