   1.83495974431721     
   1.82778193557785     
   1.82009172306399     
   1.81216202388877     
   1.80416136130253     
   1.79623633836098     
   1.78849484253162     
   1.78099228259654     
   1.77375452155928     
   1.76681373249930     
   1.76019703916893     
   1.75391034308287     
   1.74795344314397     
   1.74230275895977     
   1.73695159112395     
   1.73190514855773     
   1.72716354947052     
   1.72272319600877     
   1.71856578005312     
   1.71467578645276     
   1.71104161646493     
   1.70765133426548     
   1.70422999730610     
   1.70099523279250     
   1.69796061443787     
   1.69514294015078     
   1.69253340078458     
   1.69011399554435     
   1.68786947994541     
   1.68578413048986     
   1.68384815201432     
   1.68204891723989     
   1.68037803437007     
   1.67882576623391     
   1.67738379654034     
   1.67604497445325     
   1.67480569759350     
   1.67337959769948     
   1.67203297268932     
   1.67077201059016     
   1.66961131172090     
   1.66854782076021     
   1.66756560332107     
   1.66665875846706     
   1.66581858681571     
   1.66504038748572     
   1.66431775474401     
   1.66364612484145     
   1.66302183974857     
   1.66244140781747     
   1.66190148033168     
   1.66140006055164     
   1.66093352696352     
   1.66049950968635     
   1.66009587305550     
   1.65972039139363     
   1.65937117064324     
   1.65904655950557     
   1.65874467095181     
   1.65846400011431     
   1.65820312026813     
   1.65796068689017     
   1.65773547803411     
   1.65752634168576     
   1.65733219088100     
   1.65715199424758     
   1.65698477961593     
   1.65682969882005     
   1.65668590527743     
   1.65655263974236     
   1.65642917407972     
   1.65631481412918     
   1.65620900826025     
   1.65611109638467     
   1.65602052815251     
   1.65593676212875     
   1.65585932362851     
   1.65578775908912     
   1.65572164205802     
   1.65566059101798     
   1.65560449650028     
   1.65555301464645     
   1.65550555763287     
   1.65546180336724     
   1.65542147949103     
   1.65538433581572     
   1.65535017698290     
   1.65531876533869     
   1.65528992529479     
   1.65526350980589     
   1.65523934197431     
   1.65521728859681     
   1.65519725100187     
   1.65517910772469     
   1.65516280749668     
   1.65514829875529     
   1.65513562342446     
   1.65512476978260     
   1.65511590595902     
   1.65494428245271     
