   9.44757775827315     
   9.27072177146433     
   9.10950789974456     
   8.96757015254798     
   8.84271292342912     
   8.73325641732377     
   8.63711386612401     
   8.55314390278228     
   8.47906463630394     
   8.41391816849711     
   8.35635033109950     
   8.30533853315308     
   8.25978497663079     
   8.21905673900910     
   8.18251576551831     
   8.14857083858129     
   8.11770609306707     
   8.09009926799483     
   8.06524483930226     
   8.04280618292944     
   8.02222906461840     
   8.00351028029460     
   7.98611138084786     
   7.97003058446630     
   7.95509216339012     
   7.94114009162822     
   7.92860778591848     
   7.91713630534765     
   7.90654543840647     
   7.89678584840846     
   7.88778049532175     
   7.87940029015302     
   7.87157206438141     
   7.86431266749850     
   7.85749664792280     
   7.85114006613182     
   7.84501407093515     
   7.83908259242695     
   7.83332033936644     
   7.82781246880621     
   7.82268261423328     
   7.81795807089143     
   7.81356750819724     
   7.80945820388658     
   7.80567508349829     
   7.80218925282718     
   7.79890136554002     
   7.79586578792779     
   7.79304441061826     
   7.79041192428332     
   7.78800188480345     
   7.78576252442848     
   7.78368133004953     
   7.78174962675513     
   7.77993599824033     
   7.77824110357249     
   7.77667145550251     
   7.77521933845692     
   7.77387505348377     
   7.77263242065443     
   7.77148269313592     
   7.77041979247821     
   7.76943764850619     
   7.76853004745940     
   7.76769233236409     
   7.76691870196069     
   7.76620504995486     
   7.76554721780927     
   7.76494084249746     
   7.76438275711967     
   7.76386622504571     
   7.76339322458028     
   7.76295864343052     
   7.76255770891993     
   7.76218775251628     
   7.76184870036656     
   7.76153854356056     
   7.76125494683393     
   7.76099613710097     
   7.76075959229780     
   7.76047611556250     
   7.76022099239426     
   7.76000923946265     
   7.75982884174032     
   7.75966844777923     
   7.75952420832404     
   7.75939394168242     
   7.75927412194159     
   7.75916576683333     
   7.75906720533271     
   7.75897737031932     
   7.75889625610017     
   7.75882249590165     
   7.75875518757237     
   7.75869299183736     
   7.75863507195283     
   7.75857878215622     
   7.75852211286516     
   7.75844482504089     
   5.87611930746775     
   6.34094565327628     
   6.35381310535550     
   6.35473620603516     
   6.34939640696019     
   6.33916383823484     
   6.32579642242121     
   6.31029330896891     
   6.29433966649047     
   6.27799961155123     
   6.26206138090245     
   6.24670212834605     
   6.23205870078194     
   6.21799728724861     
   6.20457684793888     
   6.19179404108405     
   6.17878424747934     
   6.16626026716594     
   6.15466660687118     
   6.14384729648108     
   6.13373335712960     
   6.12407133396955     
   6.11500406040177     
   6.10620957082544     
   6.09776848623951     
   6.08962844586944     
   6.08175793917507     
   6.07457482984458     
   6.06785572138312     
   6.06149122890944     
   6.05550211986588     
   6.04986682512514     
   6.04451826959591     
   6.03942971244502     
   6.03464336818519     
   6.03008185093635     
   6.02577643230566     
   6.02156039409872     
   6.01737783472102     
   6.01319207703337     
   6.00910384819904     
   6.00523513622861     
   6.00164202754767     
   5.99825691998786     
   5.99502336184348     
   5.99201483173074     
   5.98922304050158     
   5.98657441327318     
   5.98411790842521     
   5.98182838539846     
   5.97969009233972     
   5.97773253119941     
   5.97590840232688     
   5.97420552643631     
   5.97261580074058     
   5.97111469886540     
   5.96970141834068     
   5.96838459642017     
   5.96715880620612     
   5.96601730450694     
   5.96495598483596     
   5.96396893940825     
   5.96305184019529     
   5.96220056974530     
   5.96141045650292     
   5.96067810621725     
   5.95999906217156     
   5.95937019832587     
   5.95878829351054     
   5.95824990715124     
   5.95775252448185     
   5.95729076065663     
   5.95686616126460     
   5.95647456162299     
   5.95611211957140     
   5.95577668541893     
   5.95546814589733     
   5.95518480039584     
   5.95492471029949     
   5.95468636859764     
   5.95446766319832     
   5.95421287237081     
   5.95398268723849     
   5.95378904774090     
   5.95362218992715     
   5.95347290024810     
   5.95333804365103     
   5.95321576899140     
   5.95310319353635     
   5.95300109276021     
   5.95290804966996     
   5.95282316023002     
   5.95274639347204     
   5.95267663546158     
   5.95261318265090     
   5.95255500796187     
   5.95250156106049     
   5.95245097882175     
   5.95240218632944     
   5.95234005213934     
   52.5028293404889     
                     NaN
                     NaN
                     NaN
                     NaN
                     NaN
                     NaN
                     NaN
                     NaN
                     NaN
                     NaN
                     NaN
                     NaN
                     NaN
                     NaN
                     NaN
                     NaN
                     NaN
                     NaN
                     NaN
                     NaN
                     NaN
                     NaN
                     NaN
                     NaN
                     NaN
                     NaN
                     NaN
                     NaN
                     NaN
                     NaN
                     NaN
                     NaN
                     NaN
                     NaN
                     NaN
                     NaN
                     NaN
                     NaN
                     NaN
                     NaN
                     NaN
                     NaN
                     NaN
                     NaN
                     NaN
                     NaN
                     NaN
                     NaN
                     NaN
                     NaN
                     NaN
                     NaN
                     NaN
                     NaN
                     NaN
                     NaN
                     NaN
                     NaN
                     NaN
                     NaN
                     NaN
                     NaN
                     NaN
                     NaN
                     NaN
                     NaN
                     NaN
                     NaN
                     NaN
                     NaN
                     NaN
                     NaN
                     NaN
                     NaN
                     NaN
                     NaN
                     NaN
                     NaN
                     NaN
                     NaN
                     NaN
                     NaN
                     NaN
                     NaN
                     NaN
                     NaN
                     NaN
                     NaN
                     NaN
                     NaN
                     NaN
                     NaN
                     NaN
                     NaN
                     NaN
                     NaN
                     NaN
                     NaN
                     NaN
   199.864209557866     
   48.0592754088777     
   47.0100677957532     
   45.8308042919279     
   44.6522301189434     
   43.5577781250592     
   42.5537391781703     
   41.6559235459221     
   40.8648198870196     
   40.1772734679309     
   39.5827041543705     
   39.0662221698867     
   38.6223531607571     
   38.2388704054718     
   37.9069496277516     
   37.6161936480717     
   37.3602861422087     
   37.1372645370859     
   36.9408187215109     
   36.7669232804465     
   36.6133258429882     
   36.4763200429643     
   36.3540108732579     
   36.2445862660353     
   36.1461716074976     
   36.0578389866107     
   35.9788834084526     
   35.9097419824176     
   35.8475136436066     
   35.7907669558202     
   35.7390846885077     
   35.6922681717785     
   35.6498724281243     
   35.6114517831587     
   35.5766155871293     
   35.5449382249968     
   35.5160614746650     
   35.4896586337325     
   35.4649964557687     
   35.4424227036886     
   35.4216902136762     
   35.4028141036813     
   35.3862718264198     
   35.3706310911067     
   35.3567729998822     
   35.3436840521263     
   35.3316684988471     
   35.3206174776477     
   35.3106219599325     
   35.3018023915928     
   35.2937128886695     
   35.2860226777336     
   35.2788818470653     
   35.2722397045894     
   35.2660383590933     
   35.2602590153127     
   35.2548843750350     
   35.2499041330480     
   35.2452956289945     
   35.2410311200250     
   35.2370417873292     
   35.2334099892154     
   35.2300694806140     
   35.2270037398770     
   35.2241921039021     
   35.2216131247182     
   35.2192499854752     
   35.2170869451535     
   35.2151088499719     
   35.2133013124202     
   35.2116506371640     
   35.2101442134124     
   35.2087701362906     
   35.2075180229500     
   35.2063781146455     
   35.2053395637596     
   35.2043957798879     
   35.2035389903557     
   35.2027606401168     
   35.2020527632871     
   35.2014100727093     
   35.2008282755111     
   35.2003031065884     
   35.1998282186349     
   35.1993997467825     
   35.1990132085401     
   35.1986626112875     
   35.1983436915441     
   35.1980539881706     
   35.1977906984244     
   35.1975517866119     
   35.1973356646203     
   35.1971402569329     
   35.1969633248973     
   35.1968029569240     
   35.1966578243731     
   35.1965260750968     
   35.1964069415731     
   35.1962996950247     
   35.1961461454795     
   524.585677635960     
