  0.388803209924935     
  0.387627844608918     
  0.386504202911596     
  0.385446549564054     
  0.384465154494648     
  0.383529190072034     
  0.382650468428448     
  0.381831289523591     
  0.381070811398101     
  0.380349859927077     
  0.379672125124178     
  0.379039514206776     
  0.378448280378264     
  0.377911344190655     
  0.377410864855565     
  0.376935878345423     
  0.376485337903701     
  0.376059539903254     
  0.375668490577605     
  0.375305493768913     
  0.374967282975728     
  0.374653109234044     
  0.374581328244645     
  0.374328856004102     
  0.374074034862705     
  0.373828360525933     
  0.373599995040979     
  0.373387907537571     
  0.373192589798301     
  0.373011200993984     
  0.372843809132766     
  0.372688749891095     
  0.372544889921042     
  0.372412643177198     
  0.372290969319337     
  0.372178282523990     
  0.372072312042596     
  0.372204624445003     
  0.372111394128959     
  0.372015971859339     
  0.371919524352213     
  0.371832501513537     
  0.371752285764770     
  0.371678191413314     
  0.371608517240023     
  0.371544527648813     
  0.371484148674237     
  0.371428554318836     
  0.371376662688737     
  0.371328160233811     
  0.371283263771615     
  0.371240284777694     
  0.371201080807309     
  0.371164481349776     
  0.371130333768345     
  0.371098503055793     
  0.371068805641164     
  0.371040983417099     
  0.371015171736329     
  0.370991069754558     
  0.370968559548227     
  0.370947537813180     
  0.370927907111836     
  0.370909584015676     
  0.370892486525272     
  0.370876536695971     
  0.370861651183146     
  0.370847758423223     
  0.370834805501715     
  0.370822725746084     
  0.370811467265264     
  0.370800980025236     
  0.370791165945435     
  0.370782066833999     
  0.370773603471676     
  0.370765727213235     
  0.370758397034882     
  0.370751583928847     
  0.370745243826692     
  0.370739355645296     
  0.370733713361218     
  0.370728498826959     
  0.370723817991424     
  0.370719487174735     
  0.370715473435126     
  0.370711752859440     
  0.370708260117522     
  0.370705042611402     
  0.370702051632695     
  0.370699271946629     
  0.370696697229051     
  0.370694308855078     
  0.370692091211343     
  0.370690029644535     
  0.370688112350259     
  0.370686327579928     
  0.370684661767062     
  0.370683115890655     
  0.370681713753563     
  0.370665289403390     
