  0.801092298859253     
  0.798710744381326     
  0.796819889336311     
  0.795281719027329     
  0.794023424675821     
  0.792993764815207     
  0.792139099218569     
  0.791419691289440     
  0.790810845838503     
  0.790300374987428     
  0.789868204520228     
  0.789497600411997     
  0.789178674236951     
  0.788901195622987     
  0.788661119191661     
  0.788455056650492     
  0.788279825314099     
  0.788128700578485     
  0.787995092039417     
  0.787877569028845     
  0.787775616606256     
  0.787687077639081     
  0.787566109045101     
  0.787490113640935     
  0.787442623600372     
  0.787406570385673     
  0.787371590332275     
  0.787339257043035     
  0.787307545337557     
  0.787280066185667     
  0.787254381340400     
  0.787231701921302     
  0.787211691261613     
  0.787193800233777     
  0.787177929632928     
  0.787164085862226     
  0.787152533717680     
  0.787092658130997     
  0.787082538915284     
  0.787085420468005     
  0.787094150554184     
  0.787095744086762     
  0.787096633714237     
  0.787094489868755     
  0.787092939014063     
  0.787089246877864     
  0.787086015016501     
  0.787082513435941     
  0.787079118152833     
  0.787075611393477     
  0.787072139370329     
  0.787068922310692     
  0.787065777963455     
  0.787062835267049     
  0.787060052596862     
  0.787057402462185     
  0.787054909587060     
  0.787052669697204     
  0.787050578364066     
  0.787048640534926     
  0.787046846946237     
  0.787045186218931     
  0.787043647297846     
  0.787042220156879     
  0.787040895929235     
  0.787039664673183     
  0.787038522375687     
  0.787037460847373     
  0.787036470880573     
  0.787035551959800     
  0.787034697696204     
  0.787033899462388     
  0.787033178356102     
  0.787032490950428     
  0.787031843911454     
  0.787031238282372     
  0.787030676049013     
  0.787030150479908     
  0.787029658259973     
  0.787029199407092     
  0.787028793320510     
  0.787028415236572     
  0.787028042117605     
  0.787027682321360     
  0.787027344803247     
  0.787027029631237     
  0.787026749154532     
  0.787026482669650     
  0.787026238408583     
  0.787026016682047     
  0.787025820285188     
  0.787025645638619     
  0.787025498799441     
  0.787025379570841     
  0.787025298032178     
  0.787025268336001     
  0.787025307395637     
  0.787025404717350     
  0.787025546073050     
  0.787021098202747     
