  0.450491931468640     
  0.435808960483529     
  0.424530022398344     
  0.415714846524431     
  0.408755873346499     
  0.403257436277404     
  0.398896553314342     
  0.395367371347522     
  0.392466846254336     
  0.390055055740712     
  0.388036451149164     
  0.386316060335962     
  0.384843318012135     
  0.383577796136789     
  0.382497007508140     
  0.381567748564079     
  0.380763380082223     
  0.380075008975665     
  0.379486017904459     
  0.378978097946790     
  0.378542418058028     
  0.378170076927990     
  0.377846903908743     
  0.377569072033988     
  0.377330684056231     
  0.377126246753167     
  0.376953239071763     
  0.376808972210513     
  0.376693591579835     
  0.376599175483722     
  0.376522171555616     
  0.376458294710898     
  0.376405115900308     
  0.376360593936864     
  0.376321784769020     
  0.376288736721096     
  0.376256989357290     
  0.376229468231075     
  0.376204886422704     
  0.376186752910338     
  0.376174386400848     
  0.376167197777586     
  0.376166411945067     
  0.376174562598859     
  0.376185734455193     
  0.376198026876409     
  0.376209678679510     
  0.376220310568935     
  0.376228621953315     
  0.376235441134899     
  0.376242747083522     
  0.376249650223892     
  0.376256622484516     
  0.376263991547053     
  0.376271337038673     
  0.376279098496283     
  0.376286930935390     
  0.376294870402159     
  0.376302862309472     
  0.376310886732785     
  0.376318515559564     
  0.376325855544760     
  0.376332825843519     
  0.376339430324443     
  0.376345669065614     
  0.376351536071094     
  0.376357039823101     
  0.376362191709047     
  0.376367002724459     
  0.376371495226525     
  0.376375627882830     
  0.376379515422134     
  0.376383134129928     
  0.376386471822501     
  0.376389544840628     
  0.376392391766321     
  0.376395032337165     
  0.376397484459949     
  0.376399771910479     
  0.376401902285930     
  0.376403356623193     
  0.376404752017747     
  0.376406174707987     
  0.376407548154235     
  0.376408810827641     
  0.376409968038788     
  0.376411027090075     
  0.376411972386019     
  0.376412828672614     
  0.376413594408559     
  0.376414270936498     
  0.376414867321516     
  0.376415377696394     
  0.376415794355119     
  0.376416096867219     
  0.376416261612744     
  0.376416229242589     
  0.376415906793860     
  0.376415269884562     
  0.157467589181121     
