  0.549508068531360     
  0.564191039516471     
  0.575469977601656     
  0.584285153475570     
  0.591244126653501     
  0.596742563722596     
  0.601103446685659     
  0.604632628652477     
  0.607533153745664     
  0.609944944259289     
  0.611963548850836     
  0.613683939664038     
  0.615156681987865     
  0.616422203863211     
  0.617502992491860     
  0.618432251435922     
  0.619236619917777     
  0.619924991024336     
  0.620513982095541     
  0.621021902053210     
  0.621457581941972     
  0.621829923072010     
  0.622153096091258     
  0.622430927966012     
  0.622669315943770     
  0.622873753246833     
  0.623046760928237     
  0.623191027789488     
  0.623306408420166     
  0.623400824516278     
  0.623477828444384     
  0.623541705289102     
  0.623594884099692     
  0.623639406063135     
  0.623678215230979     
  0.623711263278904     
  0.623743010642710     
  0.623770531768925     
  0.623795113577296     
  0.623813247089663     
  0.623825613599152     
  0.623832802222414     
  0.623833588054933     
  0.623825437401141     
  0.623814265544807     
  0.623801973123591     
  0.623790321320490     
  0.623779689431065     
  0.623771378046684     
  0.623764558865101     
  0.623757252916478     
  0.623750349776108     
  0.623743377515484     
  0.623736008452947     
  0.623728662961328     
  0.623720901503717     
  0.623713069064609     
  0.623705129597840     
  0.623697137690527     
  0.623689113267215     
  0.623681484440436     
  0.623674144455239     
  0.623667174156481     
  0.623660569675557     
  0.623654330934386     
  0.623648463928905     
  0.623642960176900     
  0.623637808290954     
  0.623632997275541     
  0.623628504773475     
  0.623624372117169     
  0.623620484577866     
  0.623616865870072     
  0.623613528177499     
  0.623610455159372     
  0.623607608233678     
  0.623604967662835     
  0.623602515540051     
  0.623600228089521     
  0.623598097714070     
  0.623596643376807     
  0.623595247982253     
  0.623593825292013     
  0.623592451845764     
  0.623591189172359     
  0.623590031961212     
  0.623588972909925     
  0.623588027613981     
  0.623587171327386     
  0.623586405591441     
  0.623585729063502     
  0.623585132678484     
  0.623584622303605     
  0.623584205644880     
  0.623583903132781     
  0.623583738387255     
  0.623583770757410     
  0.623584093206140     
  0.623584730115438     
  1.574949723809966E-006
