   8.23934090160111     
   8.20528703417074     
   8.17390700700936     
   8.14401328948292     
   8.11372879881472     
   8.08360331190695     
   8.05396464303847     
   8.02579853509982     
   7.99861436105706     
   7.97210596556836     
   7.94671968024452     
   7.92235005958347     
   7.89911942557402     
   7.87690870720216     
   7.85568222622703     
   7.83584735717054     
   7.81705942374678     
   7.79939985872519     
   7.78290845213582     
   7.76746231247134     
   7.75305984441111     
   7.73965102439461     
   7.72679087504334     
   7.71392036266047     
   7.70130861021436     
   7.68958337238602     
   7.67886445861012     
   7.66907789202681     
   7.66018008740554     
   7.65199631084975     
   7.64451243400341     
   7.63763058189126     
   7.63129895534081     
   7.62547527970155     
   7.62013525416932     
   7.61521325200714     
   7.61069121545610     
   7.60608470108532     
   7.60076802362372     
   7.59548892254920     
   7.59053613548722     
   7.58622406121823     
   7.58228366055508     
   7.57867935879846     
   7.57540874776135     
   7.57246598621363     
   7.56974392389431     
   7.56723379058451     
   7.56490114040588     
   7.56274514649517     
   7.56080315453210     
   7.55899735802108     
   7.55731636351477     
   7.55575020604631     
   7.55429689976073     
   7.55294384639650     
   7.55168155816258     
   7.55050028848111     
   7.54939705735217     
   7.54836772169025     
   7.54740393238747     
   7.54650212279117     
   7.54565859139382     
   7.54486935210627     
   7.54413111970098     
   7.54344059773420     
   7.54279458288405     
   7.54219041775908     
   7.54162556882289     
   7.54109741159765     
   7.54060434218102     
   7.54014324499382     
   7.53971164136225     
   7.53930934536342     
   7.53893440140081     
   7.53858472197299     
   7.53825831329765     
   7.53795378504890     
   7.53766957676878     
   7.53740457738748     
   7.53716061353659     
   7.53693627464576     
   7.53672831056626     
   7.53653467591278     
   7.53635428042409     
   7.53618659964734     
   7.53603014272601     
   7.53588548784715     
   7.53575154377624     
   7.53562756985347     
   7.53551315828719     
   7.53540775420077     
   7.53531084834448     
   7.53522211778275     
   7.53514115200534     
   7.53506772804007     
   7.53500216163460     
   7.53494573458934     
   7.53490768774424     
   7.53394644636536     
