  0.819130534628956     
  0.820317051828401     
  0.821934129400999     
  0.823697211460182     
  0.825442553037246     
  0.827102197127064     
  0.828637667257612     
  0.830039111701708     
  0.831296590262918     
  0.832413265819525     
  0.833406829425861     
  0.834281649924399     
  0.835052300559534     
  0.835727594512190     
  0.836320796905962     
  0.836844805086428     
  0.837302057613984     
  0.837703314719213     
  0.838056606302658     
  0.838366095194259     
  0.838639495688056     
  0.838881224896371     
  0.839092225370998     
  0.839273021304789     
  0.839428325012441     
  0.839565072296445     
  0.839685317840429     
  0.839792576430246     
  0.839889111976397     
  0.839975156920141     
  0.840052067569961     
  0.840120658630037     
  0.840181888554695     
  0.840236734806501     
  0.840286175742153     
  0.840330687838438     
  0.840370864106474     
  0.840403923505666     
  0.840426327930931     
  0.840443823764104     
  0.840458689086110     
  0.840473676705218     
  0.840487034531955     
  0.840498292266872     
  0.840508692199406     
  0.840518363616769     
  0.840526921854757     
  0.840534274777869     
  0.840540451249413     
  0.840546091112570     
  0.840551996896717     
  0.840557274866320     
  0.840561938419188     
  0.840566026717205     
  0.840569614934408     
  0.840572713455076     
  0.840575350853548     
  0.840577581813089     
  0.840579468233412     
  0.840581059840412     
  0.840582300583475     
  0.840583266827329     
  0.840583994991580     
  0.840584512779366     
  0.840584851340657     
  0.840585033295493     
  0.840585079102990     
  0.840585008814593     
  0.840584839216834     
  0.840584584719500     
  0.840584262066995     
  0.840583877659792     
  0.840583438330798     
  0.840582961365950     
  0.840582457982214     
  0.840581931331865     
  0.840581384361091     
  0.840580824526453     
  0.840580256992482     
  0.840579686357332     
  0.840579128525672     
  0.840578596787188     
  0.840578077821601     
  0.840577566453485     
  0.840577061764894     
  0.840576571606351     
  0.840576094804200     
  0.840575639664489     
  0.840575206847952     
  0.840574795085717     
  0.840574406477651     
  0.840574042334611     
  0.840573704162832     
  0.840573395391746     
  0.840573117887151     
  0.840572877273394     
  0.840572684977120     
  0.840572562992415     
  0.840572658651597     
  0.840567372855139     
