  0.749599078663723     
  0.747863954891237     
  0.746760023311214     
  0.746059302191029     
  0.745606986668227     
  0.745343721846271     
  0.745210611385385     
  0.745180252691662     
  0.745212524673104     
  0.745285187282655     
  0.745389943932738     
  0.745509774466704     
  0.745639982125629     
  0.745775042831028     
  0.745915889366012     
  0.746062280308467     
  0.746206474397481     
  0.746348643647486     
  0.746488397121713     
  0.746622900567212     
  0.746754298952041     
  0.746881998971262     
  0.747018232916542     
  0.747147003350752     
  0.747268147928022     
  0.747383555055242     
  0.747491991671034     
  0.747595620747454     
  0.747694423081575     
  0.747788973773988     
  0.747878997095185     
  0.747964173008202     
  0.748044718510204     
  0.748120826800265     
  0.748192653181293     
  0.748260239096861     
  0.748322233730824     
  0.748391427132244     
  0.748452009459749     
  0.748508504778085     
  0.748560901003031     
  0.748609105912398     
  0.748653800098631     
  0.748694371261978     
  0.748733509911447     
  0.748769801417706     
  0.748803388395430     
  0.748834290512877     
  0.748862480462522     
  0.748888059620043     
  0.748914205269995     
  0.748938178687709     
  0.748960240339461     
  0.748980589912315     
  0.748999337536382     
  0.749016583283921     
  0.749032351541481     
  0.749046779210976     
  0.749059961473551     
  0.749072061714720     
  0.749083052862598     
  0.749093033610267     
  0.749102079904079     
  0.749110261965319     
  0.749117655596568     
  0.749124315793425     
  0.749130308280733     
  0.749135691199961     
  0.749140509619424     
  0.749144820939685     
  0.749148654652006     
  0.749152075594335     
  0.749155125268599     
  0.749157784247168     
  0.749160128975015     
  0.749162209865707     
  0.749164042520729     
  0.749165644151532     
  0.749167043553387     
  0.749168257296223     
  0.749169180972806     
  0.749170019716681     
  0.749170763926963     
  0.749171435619022     
  0.749172002660479     
  0.749172485017978     
  0.749172902961080     
  0.749173232693717     
  0.749173516402813     
  0.749173742561933     
  0.749173925419793     
  0.749174073052675     
  0.749174181523013     
  0.749174262260609     
  0.749174304821555     
  0.749174317482110     
  0.749174300610105     
  0.749174275770256     
  0.749174435885351     
  0.749173547563637     
