   1.00000000000000     
   1.00000000000000     
   1.00000000000000     
   1.00000000000000     
   1.00000000000000     
   1.00000000000000     
   1.00000000000000     
   1.00000000000000     
   1.00000000000000     
   1.00000000000000     
   1.00000000000000     
   1.00000000000000     
   1.00000000000000     
   1.00000000000000     
   1.00000000000000     
   1.00000000000000     
   1.00000000000000     
   1.00000000000000     
   1.00000000000000     
   1.00000000000000     
   1.00000000000000     
   1.00000000000000     
   1.00000000000000     
   1.00000000000000     
   1.00000000000000     
   1.00000000000000     
   1.00000000000000     
   1.00000000000000     
   1.00000000000000     
   1.00000000000000     
   1.00000000000000     
   1.00000000000000     
   1.00000000000000     
   1.00000000000000     
   1.00000000000000     
   1.00000000000000     
   1.00000000000000     
   1.00000000000000     
   1.00000000000000     
   1.00000000000000     
   1.00000000000000     
   1.00000000000000     
   1.00000000000000     
   1.00000000000000     
   1.00000000000000     
   1.00000000000000     
   1.00000000000000     
   1.00000000000000     
   1.00000000000000     
   1.00000000000000     
   1.00000000000000     
   1.00000000000000     
   1.00000000000000     
   1.00000000000000     
   1.00000000000000     
   1.00000000000000     
   1.00000000000000     
   1.00000000000000     
   1.00000000000000     
   1.00000000000000     
   1.00000000000000     
   1.00000000000000     
   1.00000000000000     
   1.00000000000000     
   1.00000000000000     
   1.00000000000000     
   1.00000000000000     
   1.00000000000000     
   1.00000000000000     
   1.00000000000000     
   1.00000000000000     
   1.00000000000000     
   1.00000000000000     
   1.00000000000000     
   1.00000000000000     
   1.00000000000000     
   1.00000000000000     
   1.00000000000000     
   1.00000000000000     
   1.00000000000000     
   1.00000000000000     
   1.00000000000000     
   1.00000000000000     
   1.00000000000000     
   1.00000000000000     
   1.00000000000000     
   1.00000000000000     
   1.00000000000000     
   1.00000000000000     
   1.00000000000000     
   1.00000000000000     
   1.00000000000000     
   1.00000000000000     
   1.00000000000000     
   1.00000000000000     
   1.00000000000000     
   1.00000000000000     
   1.00000000000000     
   1.00000000000000     
  0.125775089145422     
