  2.032829823896130E-002
  2.055156183019787E-002
  2.075861676873423E-002
  2.095705889166653E-002
  2.115931179589123E-002
  2.136175109304211E-002
  2.156213443495617E-002
  2.175371351037101E-002
  2.193967963157759E-002
  2.212205025587591E-002
  2.229766149956510E-002
  2.246712693455470E-002
  2.262949968579336E-002
  2.278549921074907E-002
  2.293527514779994E-002
  2.307588735769025E-002
  2.320962006437023E-002
  2.333581110309653E-002
  2.345410184830403E-002
  2.356529108428350E-002
  2.366931275674699E-002
  2.376645265871454E-002
  2.385986623520029E-002
  2.395356898528951E-002
  2.404563724324720E-002
  2.413148068308575E-002
  2.421016740305063E-002
  2.428217849399440E-002
  2.434779631378830E-002
  2.440826225869061E-002
  2.446364552601200E-002
  2.451466426475529E-002
  2.456166934754500E-002
  2.460495343294043E-002
  2.464469015408060E-002
  2.468134644982704E-002
  2.471513858979352E-002
  2.474971626190662E-002
  2.478948247151771E-002
  2.482892065872080E-002
  2.486589571369826E-002
  2.489817377341333E-002
  2.492771786389632E-002
  2.495473415135266E-002
  2.497926595818645E-002
  2.500137543417024E-002
  2.502184523091102E-002
  2.504073840484564E-002
  2.505830093238139E-002
  2.507456872622523E-002
  2.508911467155752E-002
  2.510265100956398E-002
  2.511526094153953E-002
  2.512701598828650E-002
  2.513793390612114E-002
  2.514810210750652E-002
  2.515759790593034E-002
  2.516649111466664E-002
  2.517480534402796E-002
  2.518256899653119E-002
  2.518984207991418E-002
  2.519665320150325E-002
  2.520302966787963E-002
  2.520900055028131E-002
  2.521458997937103E-002
  2.521982274481090E-002
  2.522472211058348E-002
  2.522930741268216E-002
  2.523359786948286E-002
  2.523761224970133E-002
  2.524136362670493E-002
  2.524487336772442E-002
  2.524815931174547E-002
  2.525122688801323E-002
  2.525408812238792E-002
  2.525675712510463E-002
  2.525924927365693E-002
  2.526157555801925E-002
  2.526374739042949E-002
  2.526577337849749E-002
  2.526764888879966E-002
  2.526937130427449E-002
  2.527096638545222E-002
  2.527244898388331E-002
  2.527383025294955E-002
  2.527511403785060E-002
  2.527631076625141E-002
  2.527741874052628E-002
  2.527844398347875E-002
  2.527939309000880E-002
  2.528026878091050E-002
  2.528107503010519E-002
  2.528181611926663E-002
  2.528249412935624E-002
  2.528311278099770E-002
  2.528367335872977E-002
  2.528417341815826E-002
  2.528460263467728E-002
  2.528488830681134E-002
  2.529210749674860E-002
