  0.147530685059672     
  0.147830337880896     
  0.148379738806615     
  0.148937541922762     
  0.149434731954742     
  0.149856980481653     
  0.150230130911756     
  0.150558472346799     
  0.150857816222541     
  0.151134693231918     
  0.151385145687660     
  0.151617664035859     
  0.151832061512394     
  0.152034318717462     
  0.152222071604641     
  0.152399012266582     
  0.152589681030968     
  0.152774968992216     
  0.152944671489897     
  0.153102566412943     
  0.153248864330975     
  0.153391972735422     
  0.153529767729507     
  0.153664338051758     
  0.153792317662983     
  0.153915664941394     
  0.154038247403461     
  0.154148736283598     
  0.154252737248234     
  0.154350695496610     
  0.154444022728851     
  0.154532573762107     
  0.154617774039213     
  0.154700144672468     
  0.154778319548189     
  0.154854091888892     
  0.154926376261295     
  0.155001363558427     
  0.155071507582496     
  0.155136440229704     
  0.155197958400749     
  0.155254014590490     
  0.155305606549555     
  0.155353528464822     
  0.155396339021017     
  0.155436677701605     
  0.155473685716933     
  0.155509048310552     
  0.155541575230027     
  0.155571557793364     
  0.155599252485244     
  0.155624407249234     
  0.155647503820268     
  0.155668696316782     
  0.155688063718905     
  0.155706255195591     
  0.155722969515831     
  0.155738153423281     
  0.155751887382945     
  0.155764326636334     
  0.155775598151100     
  0.155785762458963     
  0.155794921075110     
  0.155803166526165     
  0.155810574068203     
  0.155817207727925     
  0.155823147190783     
  0.155828440677297     
  0.155833141654090     
  0.155837309195701     
  0.155840977851319     
  0.155844265460894     
  0.155847097469318     
  0.155849554373466     
  0.155851716225074     
  0.155853619775912     
  0.155855244470596     
  0.155856607757178     
  0.155857737808601     
  0.155858652167751     
  0.155859366602558     
  0.155861387279866     
  0.155863070741740     
  0.155864088318375     
  0.155864673514566     
  0.155865049021277     
  0.155865286218800     
  0.155865416360324     
  0.155865506426877     
  0.155865526169877     
  0.155865499467495     
  0.155865439985147     
  0.155865338931348     
  0.155865215108074     
  0.155865080004240     
  0.155864952859973     
  0.155864847479012     
  0.155864831823505     
  0.155865068029569     
  1.162725998935746E-002
  0.922027793075561     
  0.925558833191886     
  0.928277069109199     
  0.930236049092709     
  0.931665720697659     
  0.932751174056185     
  0.933562521366523     
  0.934184085634990     
  0.934674824715223     
  0.935083772444943     
  0.935432149758246     
  0.935731377367061     
  0.936001445435394     
  0.936245547783812     
  0.936465099689673     
  0.936657741837893     
  0.936834715518087     
  0.936996777651064     
  0.937137853069636     
  0.937260903928754     
  0.937369314386870     
  0.937465878205719     
  0.937551088723821     
  0.937627749022743     
  0.937694964588716     
  0.937754781824206     
  0.937809959566664     
  0.937859876923456     
  0.937903463923688     
  0.937940306880796     
  0.937971593901460     
  0.937998924674928     
  0.938023568886010     
  0.938046207091219     
  0.938066772916449     
  0.938086192220888     
  0.938104223025218     
  0.938123012603472     
  0.938139125318674     
  0.938153897734953     
  0.938167004101625     
  0.938178217551884     
  0.938189364264140     
  0.938197728053448     
  0.938205092312571     
  0.938210183212121     
  0.938214346173067     
  0.938218381937288     
  0.938222190296300     
  0.938226519802907     
  0.938230762711833     
  0.938234079344417     
  0.938237007489492     
  0.938239474100559     
  0.938241392138607     
  0.938243012704016     
  0.938244248815898     
  0.938245132406145     
  0.938245705064656     
  0.938246022377599     
  0.938246020666762     
  0.938245980523831     
  0.938245831682530     
  0.938245614779433     
  0.938245348491820     
  0.938245037978128     
  0.938244702925983     
  0.938244350144047     
  0.938243986441803     
  0.938243620250478     
  0.938243250041611     
  0.938242907053206     
  0.938242547673918     
  0.938242191497475     
  0.938241857549868     
  0.938241545270146     
  0.938241239722556     
  0.938240938524769     
  0.938240640854255     
  0.938240341910851     
  0.938240042085616     
  0.938240332963186     
  0.938240557356998     
  0.938240577901886     
  0.938240483701891     
  0.938240357625799     
  0.938240218225601     
  0.938240071790038     
  0.938239941136872     
  0.938239810545564     
  0.938239687464321     
  0.938239576264996     
  0.938239472122696     
  0.938239381226438     
  0.938239307850078     
  0.938239261906442     
  0.938239255059123     
  0.938239330049154     
  0.938239478642882     
  1.831048110709955E-004
  0.000000000000000E+000
  0.000000000000000E+000
  0.000000000000000E+000
  0.000000000000000E+000
  0.000000000000000E+000
  0.000000000000000E+000
  0.000000000000000E+000
  0.000000000000000E+000
  0.000000000000000E+000
  0.000000000000000E+000
  0.000000000000000E+000
  0.000000000000000E+000
  0.000000000000000E+000
  0.000000000000000E+000
  0.000000000000000E+000
  0.000000000000000E+000
  0.000000000000000E+000
  0.000000000000000E+000
  0.000000000000000E+000
  0.000000000000000E+000
  0.000000000000000E+000
  0.000000000000000E+000
  0.000000000000000E+000
  0.000000000000000E+000
  0.000000000000000E+000
  0.000000000000000E+000
  0.000000000000000E+000
  0.000000000000000E+000
  0.000000000000000E+000
  0.000000000000000E+000
  0.000000000000000E+000
  0.000000000000000E+000
  0.000000000000000E+000
  0.000000000000000E+000
  0.000000000000000E+000
  0.000000000000000E+000
  0.000000000000000E+000
  0.000000000000000E+000
  0.000000000000000E+000
  0.000000000000000E+000
  0.000000000000000E+000
  0.000000000000000E+000
  0.000000000000000E+000
  0.000000000000000E+000
  0.000000000000000E+000
  0.000000000000000E+000
  0.000000000000000E+000
  0.000000000000000E+000
  0.000000000000000E+000
  0.000000000000000E+000
  0.000000000000000E+000
  0.000000000000000E+000
  0.000000000000000E+000
  0.000000000000000E+000
  0.000000000000000E+000
  0.000000000000000E+000
  0.000000000000000E+000
  0.000000000000000E+000
  0.000000000000000E+000
  0.000000000000000E+000
  0.000000000000000E+000
  0.000000000000000E+000
  0.000000000000000E+000
  0.000000000000000E+000
  0.000000000000000E+000
  0.000000000000000E+000
  0.000000000000000E+000
  0.000000000000000E+000
  0.000000000000000E+000
  0.000000000000000E+000
  0.000000000000000E+000
  0.000000000000000E+000
  0.000000000000000E+000
  0.000000000000000E+000
  0.000000000000000E+000
  0.000000000000000E+000
  0.000000000000000E+000
  0.000000000000000E+000
  0.000000000000000E+000
  0.000000000000000E+000
  0.000000000000000E+000
  0.000000000000000E+000
  0.000000000000000E+000
  0.000000000000000E+000
  0.000000000000000E+000
  0.000000000000000E+000
  0.000000000000000E+000
  0.000000000000000E+000
  0.000000000000000E+000
  0.000000000000000E+000
  0.000000000000000E+000
  0.000000000000000E+000
  0.000000000000000E+000
  0.000000000000000E+000
  0.000000000000000E+000
  0.000000000000000E+000
  0.000000000000000E+000
  0.000000000000000E+000
  0.000000000000000E+000
  1.119218179154229E-006
  7.797220692443904E-002
  7.444116680811363E-002
  7.172293089080177E-002
  6.976395090729141E-002
  6.833427930234158E-002
  6.724882594381529E-002
  6.643747863347717E-002
  6.581591436500947E-002
  6.532517528477612E-002
  6.491622755505681E-002
  6.456785024175483E-002
  6.426862263293993E-002
  6.399855456460603E-002
  6.375445221618919E-002
  6.353490031032806E-002
  6.334225816210602E-002
  6.316528448191390E-002
  6.300322234893516E-002
  6.286214693036299E-002
  6.273909607124603E-002
  6.263068561313072E-002
  6.253412179428092E-002
  6.244891127617932E-002
  6.237225097725663E-002
  6.230503541128416E-002
  6.224521817579394E-002
  6.219004043333604E-002
  6.214012307654391E-002
  6.209653607631294E-002
  6.205969311920476E-002
  6.202840609854088E-002
  6.200107532507235E-002
  6.197643111398986E-002
  6.195379290878039E-002
  6.193322708355061E-002
  6.191380777911142E-002
  6.189577697478147E-002
  6.187698739652805E-002
  6.186087468132622E-002
  6.184610226504650E-002
  6.183299589837520E-002
  6.182178244811592E-002
  6.181063573585956E-002
  6.180227194655252E-002
  6.179490768743009E-002
  6.178981678787849E-002
  6.178565382693340E-002
  6.178161806271080E-002
  6.177780970369966E-002
  6.177348019709247E-002
  6.176923728816767E-002
  6.176592065558281E-002
  6.176299251050845E-002
  6.176052589944071E-002
  6.175860786139282E-002
  6.175698729598370E-002
  6.175575118410249E-002
  6.175486759385497E-002
  6.175429493534335E-002
  6.175397762240062E-002
  6.175397933323840E-002
  6.175401947616876E-002
  6.175416831747091E-002
  6.175438522056779E-002
  6.175465150818021E-002
  6.175496202187215E-002
  6.175529707401664E-002
  6.175564985595322E-002
  6.175601355819694E-002
  6.175637974952320E-002
  6.175674995838951E-002
  6.175709294679393E-002
  6.175745232608180E-002
  6.175780850252590E-002
  6.175814245013270E-002
  6.175845472985414E-002
  6.175876027744381E-002
  6.175906147523094E-002
  6.175935914574510E-002
  6.175965808914839E-002
  6.175995791438458E-002
  6.175966703681418E-002
  6.175944264300294E-002
  6.175942209811385E-002
  6.175951629810877E-002
  6.175964237420017E-002
  6.175978177439946E-002
  6.175992820996223E-002
  6.176005886312783E-002
  6.176018945443656E-002
  6.176031253567951E-002
  6.176042373500471E-002
  6.176052787730413E-002
  6.176061877356214E-002
  6.176069214992229E-002
  6.176073809355740E-002
  6.176074494087658E-002
  6.176066995084598E-002
  6.176052135711815E-002
  2.353187570606265E-009
