  0.122723360024470     
  0.122903323870117     
  0.123058571891096     
  0.123198698699283     
  0.123336878276090     
  0.123472035642805     
  0.123603712783504     
  0.123727682717989     
  0.123846831723073     
  0.123963103391948     
  0.124074182770396     
  0.124180839877531     
  0.124282186018994     
  0.124379093051748     
  0.124469806384356     
  0.124555885676861     
  0.124637134736255     
  0.124713427254264     
  0.124784174892415     
  0.124850274243620     
  0.124911292622288     
  0.124967681456761     
  0.125022388001294     
  0.125077580873621     
  0.125131948049789     
  0.125182078391109     
  0.125228010012449     
  0.125269719352816     
  0.125307437870707     
  0.125341938359774     
  0.125373082338939     
  0.125401764389967     
  0.125427898320010     
  0.125451687921242     
  0.125473145427869     
  0.125492670097649     
  0.125510296614801     
  0.125530174483329     
  0.125553356628920     
  0.125576581216780     
  0.125598245552995     
  0.125617059210705     
  0.125634261943075     
  0.125649997782407     
  0.125664185484835     
  0.125676928666387     
  0.125688574225732     
  0.125699461401701     
  0.125709496518005     
  0.125718890833253     
  0.125726946194194     
  0.125734420684315     
  0.125741383822262     
  0.125747881310910     
  0.125753899668539     
  0.125759511702110     
  0.125764787457337     
  0.125769708686868     
  0.125774338572620     
  0.125778669680261     
  0.125782736660977     
  0.125786555973127     
  0.125790141580225     
  0.125793509911933     
  0.125796671892810     
  0.125799643329412     
  0.125802434248431     
  0.125805053780577     
  0.125807514507965     
  0.125809823724297     
  0.125811989142497     
  0.125814023164795     
  0.125815911145167     
  0.125817699209856     
  0.125819376406682     
  0.125820945465528     
  0.125822413853255     
  0.125823789636430     
  0.125825077985287     
  0.125826285169490     
  0.125827368551713     
  0.125828365719533     
  0.125829320267267     
  0.125830213901180     
  0.125831046684302     
  0.125831821589876     
  0.125832525982120     
  0.125833186817241     
  0.125833792191135     
  0.125834346459335     
  0.125834852196402     
  0.125835310885247     
  0.125835723039861     
  0.125836088945862     
  0.125836407523419     
  0.125836677037290     
  0.125836892463927     
  0.125837043411666     
  0.125837106103116     
  0.125841954513247     
