  0.135188455776365     
  0.134105764552406     
  0.133246340278985     
  0.132547360992079     
  0.131975678909639     
  0.131507924648089     
  0.131119827217152     
  0.130793304099842     
  0.130517153422560     
  0.130285739411821     
  0.130089957303615     
  0.129922200982223     
  0.129777957366263     
  0.129652549323389     
  0.129544066542521     
  0.129451082309270     
  0.129372019894765     
  0.129303926965454     
  0.129243763500620     
  0.129190884629047     
  0.129145031021216     
  0.129105228441783     
  0.129050722873501     
  0.129016584167139     
  0.128995171287152     
  0.128978914335031     
  0.128963193979109     
  0.128948743279697     
  0.128934589635553     
  0.128922314900966     
  0.128910868982550     
  0.128900764023170     
  0.128891848634002     
  0.128883875626135     
  0.128876798899305     
  0.128870624486609     
  0.128865583319537     
  0.128838756149211     
  0.128834231026896     
  0.128835498758933     
  0.128839340954210     
  0.128840095518158     
  0.128840512043182     
  0.128839607954421     
  0.128838967027277     
  0.128837394646770     
  0.128836031261106     
  0.128834549931409     
  0.128833121469131     
  0.128831665001297     
  0.128830102664196     
  0.128828668096037     
  0.128827271006848     
  0.128825967796428     
  0.128824748979609     
  0.128823589399720     
  0.128822508612731     
  0.128821545473539     
  0.128820648920346     
  0.128819825037266     
  0.128819067242961     
  0.128818369058532     
  0.128817725594626     
  0.128817133517366     
  0.128816587049442     
  0.128816082352579     
  0.128815616212268     
  0.128815186326439     
  0.128814785697163     
  0.128814416984362     
  0.128814076089144     
  0.128813757512156     
  0.128813474938865     
  0.128813200785796     
  0.128812944845572     
  0.128812706659309     
  0.128812486597276     
  0.128812279503029     
  0.128812086374475     
  0.128811906060341     
  0.128811760924182     
  0.128811611576340     
  0.128811458938574     
  0.128811316668250     
  0.128811182871660     
  0.128811057343769     
  0.128810947911690     
  0.128810840863854     
  0.128810743748157     
  0.128810655011995     
  0.128810575741979     
  0.128810505089725     
  0.128810445346536     
  0.128810397693180     
  0.128810364112936     
  0.128810352354497     
  0.128810370221212     
  0.128810410834391     
  0.128810468570069     
  0.135187948337212     
