  0.100090113028072     
  9.900736755628499E-002
  9.814793410707351E-002
  9.744897847862401E-002
  9.687734717459491E-002
  9.640965386184365E-002
  9.602162381173554E-002
  9.569517597225234E-002
  9.541908998004493E-002
  9.518773692321479E-002
  9.499200756109862E-002
  9.482430062327879E-002
  9.468009360600860E-002
  9.455471613900318E-002
  9.444626248488042E-002
  9.435326946657560E-002
  9.427421390545379E-002
  9.420611679077534E-002
  9.414593996022075E-002
  9.409303727778662E-002
  9.404715120044217E-002
  9.400731435332751E-002
  9.395279011195738E-002
  9.391866927433290E-002
  9.389727948455369E-002
  9.388102418478615E-002
  9.386529265852900E-002
  9.385081380568297E-002
  9.383662929711227E-002
  9.382433243216888E-002
  9.381285634942688E-002
  9.380272416571050E-002
  9.379378420450468E-002
  9.378579226518396E-002
  9.377869718437784E-002
  9.377251289139793E-002
  9.376738881328534E-002
  9.374039940260087E-002
  9.373584228354540E-002
  9.373712874855122E-002
  9.374103720975925E-002
  9.374181175831778E-002
  9.374223551035486E-002
  9.374135055948801E-002
  9.374072885821154E-002
  9.373915896222050E-002
  9.373778833229694E-002
  9.373629869937213E-002
  9.373486079417413E-002
  9.373337636985744E-002
  9.373188787264261E-002
  9.373051830290988E-002
  9.372917890215302E-002
  9.372793004834858E-002
  9.372675645744426E-002
  9.372563935890169E-002
  9.372459385262571E-002
  9.372366058829411E-002
  9.372279048838067E-002
  9.372198773274933E-002
  9.372124853751049E-002
  9.372056549636787E-002
  9.371993365091416E-002
  9.371935050667085E-002
  9.371881008553054E-002
  9.371830894764499E-002
  9.371784439555904E-002
  9.371741387060152E-002
  9.371701148738432E-002
  9.371663893396372E-002
  9.371629287176837E-002
  9.371596870095236E-002
  9.371567813119161E-002
  9.371539755688119E-002
  9.371513352846564E-002
  9.371488617274348E-002
  9.371465692161245E-002
  9.371444108740569E-002
  9.371423856267184E-002
  9.371404976801145E-002
  9.371388510637725E-002
  9.371372587045768E-002
  9.371356743609419E-002
  9.371341541730208E-002
  9.371327282850636E-002
  9.371313921205643E-002
  9.371302058960577E-002
  9.371290639447143E-002
  9.371280221538413E-002
  9.371270639478349E-002
  9.371262155397235E-002
  9.371254534241197E-002
  9.371248115373473E-002
  9.371242885354578E-002
  9.371239149922389E-002
  9.371237696151910E-002
  9.371239227462690E-002
  9.371243175210363E-002
  9.371249093497486E-002
  0.100090046340802     
