  3.509834274829296E-002
  3.509839699612133E-002
  3.509840617191129E-002
  3.509838251345485E-002
  3.509833173504419E-002
  3.509827078624550E-002
  3.509820340541606E-002
  3.509812812758995E-002
  3.509806344251500E-002
  3.509800248860619E-002
  3.509794974251670E-002
  3.509790035894441E-002
  3.509786376025405E-002
  3.509783318438620E-002
  3.509780405764026E-002
  3.509781284269468E-002
  3.509780598931120E-002
  3.509781017467855E-002
  3.509782354039909E-002
  3.509784735126009E-002
  3.509787982077411E-002
  3.509791408845564E-002
  3.509793276154361E-002
  3.509791489280581E-002
  3.509789180259840E-002
  3.509789015024479E-002
  3.509790132057968E-002
  3.509792947401388E-002
  3.509796033844050E-002
  3.509798246879663E-002
  3.509801263312295E-002
  3.509803985745937E-002
  3.509806442949705E-002
  3.509808336095121E-002
  3.509810171492699E-002
  3.509811159521101E-002
  3.509819450625146E-002
  3.509835674661035E-002
  3.509838874335082E-002
  3.509837001038177E-002
  3.509830374445088E-002
  3.509828375984058E-002
  3.509827653282756E-002
  3.509825739493264E-002
  3.509823816906499E-002
  3.509823568454962E-002
  3.509824292880890E-002
  3.509825123203653E-002
  3.509826067495644E-002
  3.509828863143989E-002
  3.509821479155381E-002
  3.509814979312686E-002
  3.509809210469538E-002
  3.509803774807977E-002
  3.509799252216452E-002
  3.509795004081851E-002
  3.509791476010565E-002
  3.509788488524459E-002
  3.509785843196551E-002
  3.509783730451712E-002
  3.509781870545034E-002
  3.509780356216398E-002
  3.509779194371149E-002
  3.509778301069498E-002
  3.509777696391135E-002
  3.509777340493431E-002
  3.509777181670919E-002
  3.509777245583699E-002
  3.509777420977854E-002
  3.509777805039806E-002
  3.509778321737558E-002
  3.509778881120396E-002
  3.509779680767364E-002
  3.509780322891433E-002
  3.509781131710631E-002
  3.509782048656545E-002
  3.509782967566339E-002
  3.509783841562316E-002
  3.509784781180318E-002
  3.509785629232912E-002
  3.509787581780454E-002
  3.509788570588256E-002
  3.509789150247935E-002
  3.509790125094791E-002
  3.509791004315330E-002
  3.509791813171265E-002
  3.509792732208412E-002
  3.509793446938218E-002
  3.509794153277301E-002
  3.509794861721110E-002
  3.509795418800711E-002
  3.509795974731333E-002
  3.509796419280115E-002
  3.509796883963381E-002
  3.509797261371184E-002
  3.509797539297756E-002
  3.509797794658469E-002
  3.509797908228766E-002
  3.509797763509399E-002
  3.509790199641000E-002
