   1.34374866658451     
   1.34191294478146     
   1.34021726829647     
   1.33859820493161     
   1.33695413361398     
   1.33531465931037     
   1.33369782035658     
   1.33215755475762     
   1.33066756046489     
   1.32921126759369     
   1.32781350536025     
   1.32646887441180     
   1.32518438382387     
   1.32395385371249     
   1.32277566765337     
   1.32167245302920     
   1.32062579627661     
   1.31964046398000     
   1.31871883925479     
   1.31785431962758     
   1.31704708230271     
   1.31629460082069     
   1.31557221224167     
   1.31484879301870     
   1.31413916547640     
   1.31347856093482     
   1.31287391374371     
   1.31232130217206     
   1.31181836571107     
   1.31135543319383     
   1.31093184818547     
   1.31054201084569     
   1.31018315285207     
   1.30985296583815     
   1.30955006133202     
   1.30927082638449     
   1.30901356934953     
   1.30875049061123     
   1.30844813370169     
   1.30814847983096     
   1.30786772979197     
   1.30762279305087     
   1.30739872438489     
   1.30719392892512     
   1.30700805112043     
   1.30684059595008     
   1.30668561750799     
   1.30654262521454     
   1.30640974638646     
   1.30628670009596     
   1.30617670725302     
   1.30607437401840     
   1.30597906616662     
   1.30589023865000     
   1.30580775333079     
   1.30573094634773     
   1.30565923081864     
   1.30559207707644     
   1.30552930474614     
   1.30547069752090     
   1.30541580079709     
   1.30536439727104     
   1.30531627964597     
   1.30527122748160     
   1.30522905777084     
   1.30518958266723     
   1.30515262595391     
   1.30511804114647     
   1.30508568273527     
   1.30505540868129     
   1.30502711996365     
   1.30500065507856     
   1.30497587918854     
   1.30495275106928     
   1.30493117979290     
   1.30491105875397     
   1.30489227182939     
   1.30487473600247     
   1.30485836509852     
   1.30484309410555     
   1.30482895782947     
   1.30481597588321     
   1.30480395401205     
   1.30479278020629     
   1.30478237034405     
   1.30477269539178     
   1.30476367671677     
   1.30475532707087     
   1.30474760102885     
   1.30474044886046     
   1.30473385003454     
   1.30472777458054     
   1.30472219021262     
   1.30471708123117     
   1.30471241958388     
   1.30470819557715     
   1.30470442761658     
   1.30470119348544     
   1.30469904096958     
   1.30464464854350     
