  0.429108210570605     
  0.423768215649601     
  0.419417987176587     
  0.415846698384804     
  0.412861514385769     
  0.410405891201900     
  0.408369316300844     
  0.406720810595033     
  0.405374095936565     
  0.404280398583734     
  0.403399326868268     
  0.402685116568469     
  0.402110561066413     
  0.401649192303204     
  0.401291045089316     
  0.401024899968944     
  0.400828214347568     
  0.400686562072356     
  0.400590160311850     
  0.400528811867420     
  0.400501807152181     
  0.400502071875733     
  0.400528896168597     
  0.400584269885489     
  0.400663026666348     
  0.400754982296938     
  0.400846507785742     
  0.400940631706918     
  0.401032366177298     
  0.401127243316183     
  0.401221459780575     
  0.401315641724944     
  0.401408883766987     
  0.401500141671949     
  0.401589653534552     
  0.401676116611433     
  0.401761980430902     
  0.401846132421843     
  0.401936445013980     
  0.402026060192018     
  0.402109766295566     
  0.402182521527920     
  0.402249597687458     
  0.402303668276082     
  0.402357226225263     
  0.402405722317312     
  0.402451331910843     
  0.402493349020904     
  0.402531728399838     
  0.402567179173989     
  0.402598869902776     
  0.402627828258084     
  0.402654273386402     
  0.402678416857140     
  0.402700723020010     
  0.402720763636023     
  0.402738994388002     
  0.402755592497903     
  0.402770652883589     
  0.402784405462909     
  0.402796746820400     
  0.402807880912922     
  0.402817924115287     
  0.402826936881820     
  0.402835016105909     
  0.402842239851712     
  0.402848675643688     
  0.402854386063690     
  0.402859434671132     
  0.402863875874488     
  0.402867803339718     
  0.402871198587973     
  0.402874144330792     
  0.402876693723898     
  0.402878892388591     
  0.402880751467784     
  0.402882302755910     
  0.402883578934275     
  0.402884609801418     
  0.402885423273508     
  0.402886461331054     
  0.402887223303467     
  0.402887679375387     
  0.402887921932316     
  0.402888032966459     
  0.402888037981169     
  0.402887965236780     
  0.402887835636352     
  0.402887649087606     
  0.402887422694025     
  0.402887162070707     
  0.402886867552225     
  0.402886551267737     
  0.402886220101392     
  0.402885887300006     
  0.402885563016333     
  0.402885268736300     
  0.402885031078401     
  0.402885064968655     
  0.402868293393632     
