  0.597226700775611     
  0.594778086880372     
  0.592742532073586     
  0.590996777873336     
  0.589480826605231     
  0.588161711955193     
  0.586994987254022     
  0.585949726693344     
  0.585006685302456     
  0.584159553468476     
  0.583393723915217     
  0.582695159441222     
  0.582057289088476     
  0.581471248433175     
  0.580937374478089     
  0.580448470794572     
  0.580003966775671     
  0.579597998547662     
  0.579224607410737     
  0.578881210115987     
  0.578567976930969     
  0.578281872037280     
  0.577968432328928     
  0.577701017829000     
  0.577474169093016     
  0.577271584274563     
  0.577080367115451     
  0.576902658044983     
  0.576735354911645     
  0.576581851591110     
  0.576439049748613     
  0.576307220388305     
  0.576185875681930     
  0.576073871088641     
  0.575970804039308     
  0.575876168302189     
  0.575790471223171     
  0.575653480858221     
  0.575559246432857     
  0.575484176070503     
  0.575421412085974     
  0.575356244243372     
  0.575295410540103     
  0.575235426626846     
  0.575180414983710     
  0.575126749718076     
  0.575077276152725     
  0.575030438088434     
  0.574986672281659     
  0.574945416473677     
  0.574906857473474     
  0.574871011312607     
  0.574837505640912     
  0.574806279194089     
  0.574777210316776     
  0.574750080270491     
  0.574724755438012     
  0.574701305287209     
  0.574679416714427     
  0.574659048777417     
  0.574640083039844     
  0.574622428600886     
  0.574605999396526     
  0.574590713481792     
  0.574576495839628     
  0.574563267282890     
  0.574550963196954     
  0.574539528484720     
  0.574528890464058     
  0.574519011253149     
  0.574509834666767     
  0.574501303674152     
  0.574493446950783     
  0.574486102027830     
  0.574479280458577     
  0.574472952450443     
  0.574467088381901     
  0.574461645480965     
  0.574456601680037     
  0.574451923896219     
  0.574447732292675     
  0.574443835695016     
  0.574440150000933     
  0.574436737735681     
  0.574433581090887     
  0.574430662715508     
  0.574428016948103     
  0.574425553324477     
  0.574423300070138     
  0.574421244413570     
  0.574419372216246     
  0.574417676688682     
  0.574416156917181     
  0.574414810279306     
  0.574413642316335     
  0.574412667776416     
  0.574411914070022     
  0.574411377667751     
  0.574411049676855     
  0.574392483455041     
