  1.126074026043357E-006
  1.126074289541329E-006
  1.126077007182480E-006
  1.126086348623386E-006
  1.126107753782152E-006
  1.126147675961333E-006
  1.126213440118746E-006
  1.126313148507966E-006
  1.126455611821928E-006
  1.126650296018380E-006
  1.126907279621939E-006
  1.127237218447466E-006
  1.127651315808900E-006
  1.128161296921551E-006
  1.128779386594821E-006
  1.129518289564267E-006
  1.130391172978855E-006
  1.131411650677349E-006
  1.132593768963594E-006
  7.888924359794537E-004
  1.755629505029484E-003
  2.855023447902899E-003
  4.543247404931445E-003
  5.903981655451438E-003
  7.299263262366035E-003
  9.361873812682307E-003
  1.247010443580320E-002
  1.529131924647207E-002
  1.817611382002242E-002
  2.201681406738577E-002
  2.622031408227441E-002
  3.116503779053482E-002
  3.678228663751340E-002
  4.185151460289720E-002
  4.732063224069040E-002
  5.415848888845476E-002
  6.197930006089075E-002
  7.022476470817926E-002
  7.915698751221939E-002
  8.868641747016803E-002
  9.908554568728344E-002
  0.110451425722877     
  0.121869225203777     
  0.133468065088003     
  0.146639698614763     
  0.161140955452159     
  0.176393840668268     
  0.192878322020892     
  0.210516682498043     
  0.228871741787393     
  0.248175284701670     
  0.268945397023178     
  0.290870530745493     
  0.313607641836500     
  0.337586902093600     
  0.363006877787921     
  0.389647085173949     
  0.416895553030538     
  0.444547822842935     
  0.473935866646649     
  0.505805654879797     
  0.539049247873850     
  0.573671530067623     
  0.609887055031858     
  0.647527046134023     
  0.686694420248708     
  0.727579227508463     
  0.770002015242034     
  0.814054855725908     
  0.859918942428176     
  0.907388170182065     
  0.956635787542625     
   1.00771347273317     
   1.06061634534618     
   1.11542411821156     
   1.17210272739686     
   1.23078616926641     
   1.29142568156552     
   1.35407927941937     
   1.41880204641264     
   1.48561434819202     
   1.55459082329918     
   1.62577148557356     
   1.69915656506257     
   1.77482660681026     
   1.85278981997588     
   1.93310042020449     
   2.01579553909208     
   2.10092172187631     
   2.18852065234443     
   2.27863697889547     
   2.37132275747101     
   2.46661937455839     
   2.56456743914472     
   2.66520088949893     
   2.76857333194812     
   2.87472025465167     
   2.98368958950545     
   3.09552771085754     
   3.21027711859218     
   3.32798029403221     
   3.44868929915085     
   3.57244469981412     
   3.69929543853002     
   3.82929171488388     
   3.96247383049716     
   4.09888611875246     
   4.23857877534501     
   4.38159579907262     
   4.52798922914060     
   4.67780115056726     
   4.83108153496433     
   4.98787739223339     
   5.14823832701392     
   5.31221273290651     
   5.47984878274368     
   5.65119348323209     
   5.82629266070202     
   6.00519998808649     
   6.18795945752569     
   6.37462278308253     
   6.56524010305662     
   6.75986566305724     
   6.95854126685579     
   7.16132048504748     
   7.36825566450130     
   7.57939259013167     
   7.79477926866865     
   8.01447006499805     
   8.23851787938324     
   8.46697233753020     
   8.69988645046362     
   8.93731070698259     
   9.17929655829136     
   9.42589586670654     
   9.67716320447420     
   9.93315001846356     
   10.1939094503006     
   10.4594947392352     
   10.7299609696704     
   11.0053631714641     
   11.2857438957370     
   11.5711602430044     
   11.8616638704286     
   12.1573129481549     
   12.4581346471864     
   12.7642296376435     
   13.0756247949592     
   13.3923831715525     
   13.7145655499861     
   14.0422195399315     
   14.3754050072403     
   14.7141743274485     
   15.0585800528009     
   15.4086825890573     
   15.7645332784946     
   16.1261872485792     
   16.4937020368410     
   16.8671314768975     
   17.2465326055679     
   17.6319617109529     
   18.0234735665543     
   18.4211310109844     
   18.8249853082524     
   19.2350948613848     
   19.6515191494795     
   20.0743086570955     
   20.5035249885846     
   20.9392267878857     
   21.3814690931695     
   21.8303129470490     
   22.2858166905646     
   22.7480376636116     
   23.2170357720786     
   23.6928697569324     
   24.1755962892894     
   24.6652761199418     
   25.1619361077353     
   25.6656773784146     
   26.1765534361100     
   26.6946025696078     
   27.2199131859659     
   27.7525336026303     
   28.2925166694075     
   28.8399416159426     
   29.3948576594218     
   29.9573232201605     
   30.5274117620636     
   31.1051740517160     
   31.6906715090310     
   32.2839744965614     
   32.8851360446771     
   33.4942187609329     
   34.1112923383304     
   34.7364111540931     
   35.3696391920877     
   36.0110483773763     
   36.6606925477210     
   37.3186357910006     
   37.9849506978996     
   38.6616062370719     
   39.3528569754663     
   40.0528909468292     
   40.7617748129918     
   41.4795753236136     
   42.2063594059430     
   42.9365415050570     
   43.6724996887582     
   44.4173769263040     
   45.1712853522503     
   45.9342875831782     
   46.7064118014221     
   47.4877585009796     
   48.2783912569115     
   49.0783462294020     
   49.8877200463501     
   50.7065773996094     
   51.5349572221098     
   52.3729472761596     
   53.2206189188511     
   54.0780165702911     
   54.9452179547153     
   55.8222995668509     
   56.7093107900860     
   57.6063245341056     
   58.5134168453364     
   59.4306444519196     
   60.3580753276799     
   61.2957835699819     
   62.2438360794939     
   63.2022912240774     
   64.1712229039585     
   65.1507049539096     
   66.1407947399218     
   67.1415658834365     
   68.1530910561232     
   69.1754311297887     
   70.2086570066244     
   71.2528436199138     
   72.3080546615492     
   73.3743593930247     
   74.4518307047141     
   75.5405359852547     
   76.6405444993199     
   77.7519269507147     
   78.8747539478650     
   80.0090943455748     
   81.1550192948955     
   82.3126007843572     
   83.4819073511783     
   84.6630090851636     
   85.8559766460360     
   87.0608972910458     
   88.2778105786088     
   89.5068065778422     
   90.7479570704434     
   92.0013276381694     
   93.2669684664057     
   94.5450040793488     
   95.8354778580430     
   97.1384433919308     
   98.4539838533446     
   99.7822162555436     
   101.123164569347     
   102.476891822117     
   103.843495578786     
   105.223072711370     
   106.615653881620     
   108.021309771525     
   109.440140537881     
   110.872230874466     
   112.317617715683     
   113.776379213013     
   115.248610464064     
   116.734392278905     
   118.233768439705     
   119.746822489793     
   121.273639332303     
   122.814309518022     
   124.368875579109     
   125.936025585045     
   127.516142180505     
   129.110360151934     
   130.714426753705     
   132.343069461981     
   134.004756219323     
   135.681292599751     
   137.372757896304     
   139.072677103831     
   140.765551687325     
   142.476475026226     
   144.201874147866     
   145.938830797742     
   147.691387287283     
   149.462112620640     
   151.247627135255     
   153.045611226987     
   154.859181141105     
   156.690796844881     
   158.537731659671     
   160.398049695639     
   162.273891551064     
   164.167546825214     
   166.077168609029     
   168.001057700118     
   169.940480877374     
   171.897408635802     
   173.870940227095     
   175.859595131612     
   177.863918075140     
   179.885454100428     
   181.924088670670     
   183.978669526859     
   186.049194249649     
   188.136749196608     
   190.241695121798     
   192.363341998518     
   194.501355714102     
   196.656357942306     
   198.828892537857     
   201.018734836495     
   203.225480113070     
   205.449336922556     
   207.690806113806     
   209.950022056041     
   212.226698118767     
   214.520782152051     
   216.832591444021     
   219.162419865162     
   221.510217965692     
   223.875834708540     
   226.259394182929     
   228.661162346266     
   231.081289818398     
   233.519700666356     
   235.976371060722     
   238.451461493171     
   240.945185073939     
   243.457613442377     
   245.988715882406     
   248.538522921363     
   251.107202808747     
   253.694921884638     
   256.301729947961     
   258.927613300868     
   261.572649240256     
   264.236991941905     
   266.920774324719     
   269.624038291401     
   272.346804290414     
   275.089153585219     
   277.851236030538     
   280.633167012188     
   283.434987749826     
   286.256738301117     
   289.098505417425     
   291.960423157292     
   294.842603808510     
   297.755340895219     
   300.718058222060     
   303.701772806923     
   306.706573546454     
   309.732549721550     
   312.751012504778     
   315.777982605284     
   318.825684681567     
   321.894356258669     
   324.984110304336     
   328.095164849086     
   331.227377686765     
   334.381129300164     
   337.556247580545     
   340.752614923204     
   343.970811496900     
   347.210172336288     
   350.472841209228     
   353.755540972411     
   357.061750963528     
   360.388800640141     
   363.737693743450     
   367.104559005891     
   370.502695669130     
   373.929593174382     
   377.360067399433     
   380.820898734757     
   384.297749078605     
   387.811237151684     
   391.351675184183     
   394.897729080963     
   398.470788312484     
   402.059438779691     
   405.693304970283     
   409.342100195893     
   413.010508686945     
   416.699132961490     
   420.404119223740     
   424.154224781223     
   427.918977244896     
   431.708159912259     
   435.516345635502     
   439.342507122219     
   443.205872703868     
   447.091056219717     
   450.995765210447     
   454.938506169258     
   458.885046183898     
   462.839879933194     
   466.799311255684     
   470.866413956112     
   475.075331870625     
   479.053555221383     
   483.129650321094     
   487.203094121336     
   491.402222191968     
   495.588649645513     
   499.922545633634     
   504.047348515167     
   508.265628740560     
   512.400920159641     
   516.940766349757     
   521.263102652746     
   525.701731246166     
   529.965492937216     
   534.311628700018     
   538.575722598942     
   543.313044452420     
   547.970976067417     
   552.375976329149     
   556.818997086919     
   561.299287030520     
   565.831370487158     
   570.666049967323     
   575.448147643094     
   580.026530070217     
   584.635326548529     
   589.279938355895     
   594.021616114842     
   598.979191646608     
   603.897794085046     
   608.662676752380     
   613.567212444071     
   618.529602980091     
   623.483850589852     
   628.423693032330     
   633.558096380595     
   638.662956305476     
   643.642955664746     
   648.611391733001     
   653.645402304700     
   658.740191542593     
   664.053899728927     
   669.310951288184     
   674.460536656999     
   679.620377587947     
   684.837016403502     
   690.096576938195     
   695.568076773287     
   700.990930710933     
   706.322797880513     
   711.675923582165     
   717.087582921430     
   722.508236862725     
   728.127889781754     
   733.728054567655     
   739.256084572199     
   744.798024941881     
   750.401118118186     
   755.998154701933     
   761.759790326999     
   767.541843155501     
   773.275789651172     
   779.010995739201     
   784.795471838617     
   790.587642897008     
   796.490271438431     
   802.452677798469     
   808.392810687704     
   814.331784506010     
   820.303033086177     
   826.290530694318     
   832.348525221746     
   838.483417257744     
   844.632613317159     
   850.775132397124     
   856.938238165812     
   863.127023204686     
   869.358198208461     
   875.661185475022     
   882.008105489478     
   888.362538072737     
   894.726301868438     
   901.114735338794     
   907.536892654619     
   914.012023144923     
   920.546771716037     
   927.109779862569     
   933.684226881897     
   940.276800636922     
   946.897948473542     
   953.559359404021     
