  0.175621120287935     
  0.175621487340599     
  0.175625273014772     
  0.175638285642175     
  0.175668103028553     
  0.175723714624818     
  0.175815324097239     
  0.175954217884852     
  0.176152669283517     
  0.176423864372324     
  0.176781842536223     
  0.177241447325381     
  0.177818284956454     
  0.178528688654562     
  0.179389687579298     
  0.180418979427388     
  0.181634906038005     
  0.183056431488075     
  0.184703122279739     
  0.185807370821809     
  0.186998677337428     
  0.188344633665203     
  0.189410876812486     
  0.191136062289727     
  0.193181002342392     
  0.194936266884293     
  0.196047407866121     
  0.197871385859814     
  0.200082402188512     
  0.201813391180246     
  0.203683173925428     
  0.205339488666427     
  0.206877635546551     
  0.209545194396388     
  0.212421713830811     
  0.214566222486612     
  0.216392795362478     
  0.218488430560013     
  0.220620121233848     
  0.222906911484405     
  0.225106193255884     
  0.227151180881627     
  0.229987354549660     
  0.233516616294043     
  0.236378606465207     
  0.238848255158100     
  0.241535678963448     
  0.243993389538563     
  0.246331937057955     
  0.249021684858498     
  0.251864377245600     
  0.254375799991183     
  0.256901711539792     
  0.259819701793496     
  0.262734476899883     
  0.265482677341841     
  0.268320319248515     
  0.271895228757572     
  0.276448038815509     
  0.280683268391758     
  0.283891751756794     
  0.287218544191340     
  0.290696185039053     
  0.294147850012735     
  0.297780347921991     
  0.301529094414696     
  0.305242669735233     
  0.309139452350563     
  0.313166588816298     
  0.317182395201986     
  0.321432774636567     
  0.325784562718941     
  0.330226449385535     
  0.334803965068752     
  0.339478326732094     
  0.344324805815996     
  0.349250889166357     
  0.354347095978376     
  0.359597439864940     
  0.364989135882641     
  0.370544385072113     
  0.376231381804314     
  0.382053209592348     
  0.388052998430510     
  0.394193824288551     
  0.400511358308992     
  0.406995522784541     
  0.413653580072404     
  0.420483633313651     
  0.427488899965379     
  0.434669884207864     
  0.442019932511788     
  0.449543309161013     
  0.457245302851816     
  0.465138118490850     
  0.473214537024939     
  0.481485700298529     
  0.489950547806040     
  0.498609816657028     
  0.507468357196874     
  0.516531275832259     
  0.525794334569941     
  0.535265026547006     
  0.544942702076025     
  0.554825687025062     
  0.564922436694857     
  0.575237604949848     
  0.585770212542199     
  0.596525705216581     
  0.607501715318471     
  0.618706055319978     
  0.630138875988479     
  0.641803513656374     
  0.653700932755947     
  0.665833530595402     
  0.678204146103161     
  0.690817004216160     
  0.703677729175981     
  0.716784316609854     
  0.730144660000675     
  0.743759147059698     
  0.757629956514235     
  0.771755374149455     
  0.786146341083506     
  0.800802244245644     
  0.815723906078221     
  0.830918921928696     
  0.846392875454383     
  0.862145201468476     
  0.878177007915079     
  0.894492885011479     
  0.911094244589597     
  0.927985226867742     
  0.945169215056888     
  0.962649385900047     
  0.980426410110713     
  0.998504286943763     
   1.01688552333502     
   1.03557273031576     
   1.05456687477340     
   1.07386917844759     
   1.09349354142808     
   1.11343951333640     
   1.13371228539402     
   1.15431073341455     
   1.17526492926421     
   1.19653164194423     
   1.21814163074463     
   1.24008967292619     
   1.26237300992460     
   1.28500224975396     
   1.30797593730959     
   1.33130030024438     
   1.35498158133113     
   1.37901836104811     
   1.40341847397547     
   1.42818615952612     
   1.45332343648057     
   1.47883621637757     
   1.50472739581960     
   1.53100080781793     
   1.55766198710277     
   1.58470858984892     
   1.61215003282931     
   1.63998877923885     
   1.66822640109040     
   1.69687364927833     
   1.72593033870608     
   1.75539942795461     
   1.78528766410568     
   1.81559597200293     
   1.84632815974327     
   1.87748921773005     
   1.90908175101910     
   1.94110970972293     
   1.97357929343202     
   2.00649280118573     
   2.03988660259561     
   2.07372297850438     
   2.10801200900811     
   2.14277916669826     
   2.17799998256255     
   2.21369025338779     
   2.24986141931157     
   2.28649871587130     
   2.32361756583208     
   2.36122436313294     
   2.39931063196491     
   2.43789076722087     
   2.47696868339223     
   2.51653952480559     
   2.55661593999660     
   2.59720117189655     
   2.63829154912823     
   2.67989888679184     
   2.72202556360810     
   2.76466618693304     
   2.80783362082406     
   2.85153064819650     
   2.89575171771119     
   2.93859506819046     
   2.97587350787476     
   3.01346654550593     
   3.05137522862751     
   3.08960068343328     
   3.12814402459998     
   3.17265901464492     
   3.22083595862839     
   3.26960042502704     
   3.31890898149480     
   3.36876787774474     
   3.41921796143072     
   3.47022793185113     
   3.52180357016400     
   3.57397823494584     
   3.62672497922069     
   3.68004895384364     
   3.73398123000544     
   3.78850421055823     
   3.84361686424143     
   3.89934525708409     
   3.95568231092629     
   4.01262233669453     
   4.07018691587320     
   4.12837426251085     
   4.18717961242055     
   4.24661767785479     
   4.30669208318596     
   4.36740048670178     
   4.42874790049558     
   4.49074802623336     
   4.55339918964081     
   4.61669993798216     
   4.68066544305063     
   4.74529477660175     
   4.81058811524281     
   4.87655759019231     
   4.94320545670411     
   5.01053009303342     
   5.07854127259441     
   5.14724335264528     
   5.21663721468926     
   5.28672939477177     
   5.35752470539116     
   5.42902667208794     
   5.50123906764298     
   5.57416757000827     
   5.64781571212883     
   5.72218634040392     
   5.79728590317157     
   5.87311944650693     
   5.94969159658812     
   6.02699053178709     
   6.10505227873306     
   6.18386250247919     
   6.26342530432989     
   6.34375113406736     
   6.42486598609104     
   6.50672166394563     
   6.58935126199619     
   6.67277781359051     
   6.75699491628319     
   6.84196247351481     
   6.92773357769768     
   7.01432241095208     
   7.10170876380116     
   7.18987326537996     
   7.27886290050928     
   7.36868477891845     
   7.45931668040372     
   7.55075199238455     
   7.64303200598559     
   7.73615693932520     
   7.83011020818920     
   7.92488965944240     
   8.02053031111633     
   8.11702756309646     
   8.21437559820967     
   8.31256309411995     
   8.41162688935212     
   8.51156845272972     
   8.61238400949918     
   8.71411981786082     
   8.82110888128062     
   8.91870412386123     
   8.99851814548259     
   9.07882605649036     
   9.15962938988861     
   9.24748411829901     
   9.35796988538118     
   9.46607456128453     
   9.57545250895629     
   9.68910351363135     
   9.80306693481890     
   9.91485557927331     
   10.0279310601871     
   10.1446950718274     
   10.2621135983044     
   10.3778090407433     
   10.4945905849722     
   10.6144767665605     
   10.7354097712811     
   10.8551829220106     
   10.9757261878098     
   11.0988219687015     
   11.2232868208280     
   11.3472337213979     
   11.4716470278844     
   11.5980910058199     
   11.7261048118185     
   11.8542274218118     
   11.9826575273528     
   12.1126316780359     
   12.2442367194214     
   12.3764708555616     
   12.5090580292062     
   12.6427730988428     
   12.7780351436831     
   12.9143075910679     
   13.0511318216992     
   13.1888178693896     
   13.3278559627586     
   13.4681231840003     
   13.6092044549282     
   13.7510513102771     
   13.8940364175743     
   14.0382980966659     
   14.1836053620070     
   14.3297507781618     
   14.4768703622298     
   14.6252018506594     
   14.7747079854701     
   14.9252097721585     
   15.0766436852449     
   15.2291728833301     
   15.3829085525340     
   15.5377776887535     
   15.6936547999995     
   15.8505559956541     
   16.0085998708115     
   16.1678439072488     
   16.3282079944833     
   16.4896140611612     
   16.6521007066081     
   16.8157701562532     
   16.9806337699227     
   17.1466261575166     
   17.3137033145800     
   17.4819123814396     
   17.6513220810594     
   17.8219404496188     
   17.9937070600630     
   18.1665960820882     
   18.3406559792126     
   18.5159365044300     
   18.6924408443341     
   18.8701250054642     
   19.0489668920479     
   19.2187632987306     
   19.3601808662422     
   19.5022931484723     
   19.6451019467870     
   19.7886088043570     
   19.9615934985687     
   20.1481263959352     
   20.3360740391529     
   20.5252902297378     
   20.7157534516933     
   20.9073372512696     
   21.1002755362385     
   21.2942796501055     
   21.4896136524156     
   21.6864872230241     
   21.8844123924941     
   22.0841464495032     
   22.2836380733623     
   22.4862569782291     
   22.6886165207701     
   22.8934800611262     
   23.0999367989841     
   23.3119510658140     
   23.5163168067098     
   23.7156378899153     
   23.9351918696351     
   24.1482919097577     
   24.3693697886135     
   24.5779005841256     
   24.7836659866329     
   25.0080941335411     
   25.2298897182358     
   25.4605611250414     
   25.6705782727954     
   25.8903223775147     
   26.1152038573809     
   26.3447149637510     
   26.5828043824679     
   26.8008098165587     
   27.0292987859589     
   27.2585832442551     
   27.4941857103842     
   27.7372289677628     
   27.9685802956865     
   28.2037215852264     
   28.4450411454814     
   28.6741284523203     
   28.9253125062075     
   29.1941948355214     
   29.4845679277806     
   29.6934544229960     
   29.7868070483319     
   30.1372322633499     
   30.4162605553286     
   30.7245118907986     
   30.9337477359840     
   31.1824501322812     
   31.3105471996378     
   31.6746979683749     
   31.9724294946120     
   32.3803055523515     
   32.4108803052039     
   32.6863162692744     
   32.8729092417924     
   33.2619165070514     
   33.5961952989925     
   34.0402598777356     
   34.0389388656317     
   34.1449490126533     
   34.5319301065372     
   34.9090290868189     
   35.2770961682854     
   35.6217060439235     
   35.6921553389109     
   35.8437211321763     
   36.2276362341922     
   36.6098708264110     
   36.9851232271978     
   37.2922425250657     
   37.4124967244933     
   37.6008566318873     
   37.9721689796983     
   38.2331611414243     
   38.4657315802025     
   38.7359784637533     
   39.0502645441285     
   39.1997243730495     
   39.4085630181153     
   39.7721984734887     
   40.1774344298914     
   40.5472341714313     
   40.8864947270579     
   41.0371771192210     
   41.2749583410083     
   41.6507494861070     
   42.0469304448847     
   42.4170606503118     
   42.7751181356754     
   42.9521872997833     
   43.2089554326799     
   43.5878656091843     
   43.9767748452446     
   44.3385104631625     
   44.7227140380039     
   44.9394838450621     
   45.2074097575954     
   45.5792412975013     
   45.9690363031084     
   46.3296554287906     
   46.7284112805041     
   46.9947515419432     
   47.2729614792385     
   47.6316681674667     
   48.0216093306871     
   48.3948783094443     
   48.7931540259306     
   49.1137779359603     
   49.4075337937937     
   49.7565770885486     
   50.1398977297957     
   50.5241663038142     
   50.9255130730714     
   51.2897947842321     
   51.6107155952743     
   51.9509738477782     
   52.3316555100949     
   52.7256019884792     
   53.1278258847224     
   53.5217217960809     
   53.8779728252454     
   54.2245639961762     
   54.5980211054169     
   54.9966312350472     
   55.4051617567338     
   55.8146644415915     
   56.2059960104788     
   56.5726177147612     
   56.9459943252455     
   57.3430529175833     
   57.7572121094001     
   58.1781311427216     
   58.5942277004899     
