  7.983725713671121E-002
  4.174675239129971E-002
  9.472266567789914E-009
  6.630744527407823E-006
  4.504027924592326E-006
  4.370653224695760E-005
  9.889789348384744E-005
  1.279549334307801E-004
  8.462171469942047E-005
  3.406963397778971E-004
  8.695221626005163E-005
  3.184095119862894E-004
  1.861268221391728E-004
  6.251606000558039E-004
  1.566284730848350E-004
  5.884498349195531E-004
  5.905076078745625E-004
  5.539570025780812E-004
  3.817142932507938E-004
  2.326322333351321E-004
  3.601098702778485E-004
  6.009555173620574E-004
  6.149700664622138E-004
  5.502269302770977E-004
  5.247508005910046E-004
  4.490016094939367E-004
  4.135014489878618E-004
  5.765724726424965E-004
  6.058000495999736E-004
  6.447449620519883E-004
  5.547201854017634E-004
  5.016725264823487E-004
  5.405167135186347E-004
  5.760817223725642E-004
  6.069385693405499E-004
  5.905265131278916E-004
  5.410062875150062E-004
  5.755871510940446E-004
  6.417375330495765E-004
  6.304167341187562E-004
  5.747004577152063E-004
  5.747430548020846E-004
  6.149003164004260E-004
  6.019867303938980E-004
  5.838669404174166E-004
  6.069275856006429E-004
  6.399235051878186E-004
  6.307858916835100E-004
  6.250766977792987E-004
  6.432652961040522E-004
  6.602610696765470E-004
  6.582023513847659E-004
  6.674338116744430E-004
  6.763969600551907E-004
  6.778002040950398E-004
  6.905913178628883E-004
  6.849716790305895E-004
  6.639536074069782E-004
  6.711818884054620E-004
  6.756711442811022E-004
  6.782755646561798E-004
  6.869198262496204E-004
  6.911583921038077E-004
  6.909351835214291E-004
  6.971583830733367E-004
  7.010582044399949E-004
  7.032443455033449E-004
  7.098035500911445E-004
  7.127503866339431E-004
  7.140114801195563E-004
  7.183761947538981E-004
  7.204529036039935E-004
  7.240636266394145E-004
  7.271396226411719E-004
  7.307710302247298E-004
  7.334455714419412E-004
  7.347928648940179E-004
  7.399666955285539E-004
  7.388075693924172E-004
  7.379470970125891E-004
  7.584807445954655E-004
  7.177073608549912E-004
  7.834046802152010E-004
  7.217889769279935E-004
  7.052854468255484E-004
  7.022976530333676E-004
  7.006907078933621E-004
  6.995480853791507E-004
  6.982221709288372E-004
  6.981775561726403E-004
  6.956903098839240E-004
  6.969277734986481E-004
  6.920525758369248E-004
  6.973173227800638E-004
  6.832231889351935E-004
  7.039749137880773E-004
  6.649124884857304E-004
  7.147353931149067E-004
  6.530337514719254E-004
  6.385832632855152E-004
  6.379463426758051E-004
  6.274831900046588E-004
  6.303118030082882E-004
  6.129694472953179E-004
  6.311862512514320E-004
  5.908788848477346E-004
  6.373497444857549E-004
  5.740248110015509E-004
  5.662703609621420E-004
  5.551731924068958E-004
  5.529612480820805E-004
  5.416577463021392E-004
  5.406927004540651E-004
  5.362696159859697E-004
  5.010553024872487E-004
  4.911846584513883E-004
  4.847423978157135E-004
  4.722731981896578E-004
  4.779616467244589E-004
  4.436125865794141E-004
  4.325403632146744E-004
  4.164610103180944E-004
  4.213622736481094E-004
  3.962007330371593E-004
  3.739567858534842E-004
  3.712995255675907E-004
  3.601526788116593E-004
  3.326571536249192E-004
  3.312103791649547E-004
  3.118136295419824E-004
  2.961854692610017E-004
  2.847362799036843E-004
  2.675526117971123E-004
  2.551927419355575E-004
  2.391252665274977E-004
  2.258461693882635E-004
  2.111619362882843E-004
  1.975162009827919E-004
  1.838553671937411E-004
  1.706041949256657E-004
  1.576583356846933E-004
  1.450522945385816E-004
  1.330260164155681E-004
  1.215164801857691E-004
  1.106865757737375E-004
  1.006044182866065E-004
  9.131184581785706E-005
  8.285539826958538E-005
  7.542945898215572E-005
  6.894721581414060E-005
  6.360729970635932E-005
  5.989273413836378E-005
  5.713414294290039E-005
  5.463471418704568E-005
  5.230700438313752E-005
  5.012080798419326E-005
  4.807278881043377E-005
  4.615487009099530E-005
  4.434490842848634E-005
  4.262820873374605E-005
  4.100482408083968E-005
  3.945963561247609E-005
  3.799031031954396E-005
  3.658384307769688E-005
  3.523108114607799E-005
  3.393842397845294E-005
  3.270147396883563E-005
  3.152052123737586E-005
  3.038437751128414E-005
  2.929293884163526E-005
  2.825497268398967E-005
  2.725248552798480E-005
  2.628659620168456E-005
  2.536408951328837E-005
  2.446962112653848E-005
  2.360889888701668E-005
  2.279482537266701E-005
  2.199185678562805E-005
  2.122555369982662E-005
  2.050257641079138E-005
  1.978077157089176E-005
  1.910421915461604E-005
  1.846176722387373E-005
  1.780045143125426E-005
  1.719684285104907E-005
  1.661813111125395E-005
  1.601267914607218E-005
  1.547871299499575E-005
  1.495808852798688E-005
  1.439815630295948E-005
  1.393001353449357E-005
  1.346141818107215E-005
  1.294160225156187E-005
  1.253211030323007E-005
  1.210753110686886E-005
  1.162473135497916E-005
  1.127036463644387E-005
  1.088624838455966E-005
  1.043631872407989E-005
  1.013123340865528E-005
  9.813192226642584E-006
  9.474254976423628E-006
  9.203486349503540E-006
  8.916067563138341E-006
  8.605211290366722E-006
  8.303829716546755E-006
  8.015358968697695E-006
  7.734358889006627E-006
  7.462825120391564E-006
  7.203579630686212E-006
  6.952364228032911E-006
  6.708202623095424E-006
  6.471389245237819E-006
  6.243458682712908E-006
  6.023776605939240E-006
  5.810749692659440E-006
  5.605094634938091E-006
  5.407031424446626E-006
  5.215347071680738E-006
  5.030110867419015E-006
  4.851827643542932E-006
  4.679325972402057E-006
  4.512394178726226E-006
  4.351690153727879E-006
  4.197164209970194E-006
  4.047203726850809E-006
  3.902347193026414E-006
  3.761918191344458E-006
  3.626787556356860E-006
  3.496854352486824E-006
  3.370564517388799E-006
  3.249094123065035E-006
  3.132784105807733E-006
  3.019391657169561E-006
  2.910002384776607E-006
  2.805828595454415E-006
  2.705214221641297E-006
  2.607034905070322E-006
  2.512437245488725E-006
  2.421374567201589E-006
  2.333033545879105E-006
  2.247836667560300E-006
  2.166190101187621E-006
  2.087091342052206E-006
  2.010061582464656E-006
  1.936822697661567E-006
  1.866224120028073E-006
  1.797373488155158E-006
  1.730554722051912E-006
  1.668231766745049E-006
  1.606480832019176E-006
  1.546962650297857E-006
  1.490302000088077E-006
  1.435248784819289E-006
  1.381163525595606E-006
  1.330092285266752E-006
  1.281604586646469E-006
  1.233480572227674E-006
  1.186498172432348E-006
  1.143087284627780E-006
  1.101475725561419E-006
  1.059187519279117E-006
  1.018885421762712E-006
  9.823150143543651E-007
  9.471220385286411E-007
  9.093206037913949E-007
  8.745064209316990E-007
  8.435884601058467E-007
  8.136022642805585E-007
  7.794314978884757E-007
  7.499235317642132E-007
  7.241365015333239E-007
  6.985728882208020E-007
  6.674164497828218E-007
  6.427702632096718E-007
  6.214083944492526E-007
  5.995704777297166E-007
  5.709858762800630E-007
  5.507342989697175E-007
  5.331660515465100E-007
  5.138577851404341E-007
  4.879684581852905E-007
  4.708825225428511E-007
  4.548460526741922E-007
  4.412686540853367E-007
  4.224222648878458E-007
  4.073504942689235E-007
  3.920722609072006E-007
  3.765466127611640E-007
  3.610965982380799E-007
  3.473918014195934E-007
  3.343065316721472E-007
  3.211289543926276E-007
  3.079743543625406E-007
  2.961196812953367E-007
  2.849146165333222E-007
  2.737263375937258E-007
  2.625996006138331E-007
  2.523205043889687E-007
  2.427122332403763E-007
  2.332500314585568E-007
  2.238216836347683E-007
  2.149444112168715E-007
  2.067072287075286E-007
  1.986811260019202E-007
  1.906820662744391E-007
  1.830386209035601E-007
  1.759658917557586E-007
  1.691798113207258E-007
  1.624203289707800E-007
  1.558310597227792E-007
  1.497373729822563E-007
  1.440083233522440E-007
  1.382970371239920E-007
  1.327841645929802E-007
  1.275055690444590E-007
  1.225538275060547E-007
  1.177874389636085E-007
  1.130683270649592E-007
  1.085898684612587E-007
  1.043178947221911E-007
  1.001708348901564E-007
  9.616753929550375E-008
  9.232615511073713E-008
  8.866819270727008E-008
  8.514355972891436E-008
  8.172576593737050E-008
  7.844140536013446E-008
  7.533012462640540E-008
  7.231940168391470E-008
  6.939517440521253E-008
  6.658862599517042E-008
  6.395750000470119E-008
  6.143277862835356E-008
  5.889729900998755E-008
  5.647365427007112E-008
  5.417405165493345E-008
  5.206773711590902E-008
  5.000603478980038E-008
  4.787800139609465E-008
  4.589649441423361E-008
  4.402043183915993E-008
  4.235719386642174E-008
  4.066009172831777E-008
  3.886087717864289E-008
  3.724860050052146E-008
  3.572148361416738E-008
  3.443366184642530E-008
  3.302967105377092E-008
  3.150006304240658E-008
  3.018560536187771E-008
  2.894556881520601E-008
  2.796969110553868E-008
  2.680532966352995E-008
  2.550441541105934E-008
  2.442196607885807E-008
  2.342849555020080E-008
  2.268869820764587E-008
  2.182963251163174E-008
  2.089023062463335E-008
  1.997169786583505E-008
  1.916084536364786E-008
  1.842491439863940E-008
  1.766460596062970E-008
  1.688665670713403E-008
  1.612098143898558E-008
  1.546262310305596E-008
  1.488540935065193E-008
  1.427509409599248E-008
  1.363724681364349E-008
  1.299072466873096E-008
  1.244877409206896E-008
  1.200839146075439E-008
  1.152021847163857E-008
  1.101098979142679E-008
  1.044811066256458E-008
  9.994091440088294E-009
  9.672236836030252E-009
  9.288673601670635E-009
  8.881228412022309E-009
  8.400564091012521E-009
  8.027942981215722E-009
  7.760082225146302E-009
  7.488030461004719E-009
  7.169057506361473E-009
  6.754127523686338E-009
  6.431261056293108E-009
  6.191443195189501E-009
  6.014147649097041E-009
  5.790547379112775E-009
  5.453373843485141E-009
  5.141938384869211E-009
  4.911221486381338E-009
  4.796168393224076E-009
  4.667803056864880E-009
  4.433196864441265E-009
  4.139696069326139E-009
  3.872433959766505E-009
  3.784127855216082E-009
  3.734314638552609E-009
  3.607331439832127E-009
  3.369846648941711E-009
  3.088952376817540E-009
  2.892403162266738E-009
  2.992274619086819E-009
  2.879061804121288E-009
  2.783947345596918E-009
  2.471844258893269E-009
  2.335743133379731E-009
  2.243992506740698E-009
  2.312319739205013E-009
  2.199666880420888E-009
  2.139832128484117E-009
  1.794414435190814E-009
  1.765913464298530E-009
  1.752962142929871E-009
  1.769108817420342E-009
  1.672483644722713E-009
  1.607598769118112E-009
  1.348629824105778E-009
  1.316971254235619E-009
  1.377393636124320E-009
  1.330737997399255E-009
  1.265059167037926E-009
  1.190062797773357E-009
  1.034451451573673E-009
  1.010472460320257E-009
  1.041513340545170E-009
  9.991445681358958E-010
  9.500218252482517E-010
  8.926623787600744E-010
  7.885211590879036E-010
  7.704947691718963E-010
  7.826678981170557E-010
  7.465912342879803E-010
  7.105907449423456E-010
  6.734305019544548E-010
  6.001648682363962E-010
  5.838390881252044E-010
  5.853374221554917E-010
  5.684127750023878E-010
  5.394988341381451E-010
  5.067787127115086E-010
  4.531895567818395E-010
  4.387066990935671E-010
  4.350735340690265E-010
  4.224080314467767E-010
  4.042128008306274E-010
  3.807605563168278E-010
  3.414995177694392E-010
  3.263055324719170E-010
  3.205128090718938E-010
  3.123812763479369E-010
  3.016566900444717E-010
  2.861643035078286E-010
  2.566082408203838E-010
  2.403385218568529E-010
  2.333168412110805E-010
  2.288418326824250E-010
  2.241481173135054E-010
  2.149498069022372E-010
  1.926884870462735E-010
  1.755575869797438E-010
  1.673701791585110E-010
  1.647511589701914E-010
  1.648985002942949E-010
  1.617243334911856E-010
  1.456564032274710E-010
  1.276675270453128E-010
  1.183436557492632E-010
  1.157672091471607E-010
  1.176282177541545E-010
  1.212429569146733E-010
  1.122250963663909E-010
  9.386397717471819E-011
  8.143787073515207E-011
  7.868721945701453E-011
  7.915649567274959E-011
  8.694975848616059E-011
  8.947931879912326E-011
  7.184787533836681E-011
  5.574671070854640E-011
  4.930745275606756E-011
  5.246951425072081E-011
  5.230228255010601E-011
  7.011189143887184E-011
  6.241275305097264E-011
  3.808901423445608E-011
  2.955510876024442E-011
  2.706850651805866E-011
  3.554442209659471E-011
  3.039263635569805E-011
  6.533750184579598E-011
  3.347957604856888E-011
  1.343273224229547E-011
  1.295107120189726E-011
  1.107066694974509E-011
  2.410242606704844E-011
  8.992026542533557E-012
  7.012170185569838E-011
