  0.399832234224773     
  0.137786114724160     
  2.699863110576550E-002
  2.860156124148638E-003
  1.591479385229522E-004
  4.572212633668915E-006
  6.710107430807355E-008
  4.995577285171748E-010
  1.877720201548527E-012
  3.552713678800501E-015
  0.000000000000000E+000
  0.000000000000000E+000
  0.000000000000000E+000
  0.000000000000000E+000
  0.000000000000000E+000
  0.353858385558884     
  0.302442761159318     
  0.134840449347743     
  3.125625537358745E-002
  3.747830004408148E-003
  2.310917905252730E-004
  7.284718657074585E-006
  1.167853900807536E-007
  9.479714790927574E-010
  3.882227872509247E-012
  7.993605777301127E-015
  0.000000000000000E+000
  0.000000000000000E+000
  0.000000000000000E+000
  0.000000000000000E+000
  0.194343126877661     
  0.344873487946743     
  0.319418908286676     
  0.154357192911699     
  3.880254337375483E-002
  5.049183383793454E-003
  3.381160246505033E-004
  1.158342082713260E-005
  2.019380287432426E-007
  1.783392877818812E-009
  7.949307878618583E-012
  1.781907954523376E-014
  0.000000000000000E+000
  0.000000000000000E+000
  0.000000000000000E+000
  4.682248410595591E-002
  0.173035401190339     
  0.332795870892406     
  0.334013167943569     
  0.174943914209113     
  4.768869803503156E-002
  6.733720159397050E-003
  4.896663596912210E-004
  1.822966329984022E-005
  3.455695622434085E-007
  3.320184682742422E-009
  1.610717115241300E-011
  3.935740622296180E-014
  5.551115123125783E-017
  0.000000000000000E+000
  4.916272570376135E-003
  3.806293562981544E-002
  0.152534847868252     
  0.317967547189202     
  0.345822631723356     
  0.196308648081201     
  5.802395768786800E-002
  8.889689948257840E-003
  7.019283364516626E-004
  2.839502974871788E-005
  5.852534991079850E-007
  6.117072570699378E-009
  3.229660983095073E-011
  8.587575095475586E-014
  1.110223024625157E-016
  2.231198918288269E-004
  3.645807876103191E-003
  3.063244870542164E-002
  0.133127615968813     
  0.300796702883966     
  0.354512145132179     
  0.218098047148421     
  6.989406773465362E-002
  1.161771608160972E-002
  9.959740955701180E-004
  4.377559600049485E-005
  9.809507444114018E-007
  1.115305853227611E-008
  6.408307218208620E-011
  1.854627562636324E-013
  4.340709877759252E-006
  1.507998056243798E-004
  2.676324955189324E-003
  2.440552034151799E-002
  0.115034643423411     
  0.281739106523947     
  0.359830064117415     
  0.239904709693907     
  8.335251926152998E-002
  1.503011988970515E-002
  1.398849183707307E-003
  6.679625905431363E-005
  1.627228710832096E-006
  2.012408634177731E-008
  1.258289583638827E-010
  3.593462871709363E-008
  2.671479641003227E-006
  1.008804244413408E-004
  1.944760804466705E-003
  1.924937308211905E-002
  9.841171846882452E-002
  0.261278146811748     
  0.361620331115432     
  0.261278146811748     
  9.841171846882446E-002
  1.924937308211905E-002
  1.944760804466705E-003
  1.008804244413408E-004
  2.671479641003227E-006
  3.593462871709363E-008
  1.258289583638827E-010
  2.012408634177731E-008
  1.627228710832096E-006
  6.679625905431363E-005
  1.398849183707307E-003
  1.503011988970521E-002
  8.335251926153003E-002
  0.239904709693907     
  0.359830064117415     
  0.281739106523947     
  0.115034643423411     
  2.440552034151799E-002
  2.676324955189380E-003
  1.507998056243798E-004
  4.340709877759252E-006
  1.854627562636324E-013
  6.408307218208620E-011
  1.115305853227611E-008
  9.809507444114018E-007
  4.377559600049485E-005
  9.959740955701180E-004
  1.161771608160966E-002
  6.989406773465362E-002
  0.218098047148421     
  0.354512145132179     
  0.300796702883966     
  0.133127615968813     
  3.063244870542159E-002
  3.645807876103191E-003
  2.231198918288269E-004
  1.110223024625157E-016
  8.587575095475586E-014
  3.229660983095073E-011
  6.117072570699378E-009
  5.852534991079850E-007
  2.839502974871788E-005
  7.019283364516626E-004
  8.889689948257840E-003
  5.802395768786800E-002
  0.196308648081201     
  0.345822631723356     
  0.317967547189202     
  0.152534847868252     
  3.806293562981544E-002
  4.916272570376079E-003
  0.000000000000000E+000
  5.551115123125783E-017
  3.935740622296180E-014
  1.610717115241300E-011
  3.320184682742422E-009
  3.455695622434085E-007
  1.822966329984022E-005
  4.896663596912210E-004
  6.733720159397050E-003
  4.768869803503162E-002
  0.174943914209113     
  0.334013167943569     
  0.332795870892406     
  0.173035401190339     
  4.682248410595585E-002
  0.000000000000000E+000
  0.000000000000000E+000
  0.000000000000000E+000
  1.781907954523376E-014
  7.949307878618583E-012
  1.783392877818812E-009
  2.019380287432426E-007
  1.158342082713260E-005
  3.381160246505033E-004
  5.049183383793454E-003
  3.880254337375483E-002
  0.154357192911699     
  0.319418908286676     
  0.344873487946744     
  0.194343126877661     
  0.000000000000000E+000
  0.000000000000000E+000
  0.000000000000000E+000
  0.000000000000000E+000
  7.993605777301127E-015
  3.882227872509247E-012
  9.479714790927574E-010
  1.167853900807536E-007
  7.284718657074585E-006
  2.310917905252730E-004
  3.747830004408093E-003
  3.125625537358745E-002
  0.134840449347743     
  0.302442761159318     
  0.353858385558884     
  0.000000000000000E+000
  0.000000000000000E+000
  0.000000000000000E+000
  0.000000000000000E+000
  0.000000000000000E+000
  3.552713678800501E-015
  1.877720201548527E-012
  4.995577285171748E-010
  6.710107430807355E-008
  4.572212633668915E-006
  1.591479385229522E-004
  2.860156124148638E-003
  2.699863110576545E-002
  0.137786114724160     
  0.399832234224773     
