  -62.3211583645453     
  -62.3211533772754     
  -62.3211019409396     
  -62.3209251497446     
  -62.3205201210566     
  -62.3197649885202     
  -62.3185218333477     
  -62.3166388746414     
  -62.3139523690223     
  -62.3102884390980     
  -62.3054649585546     
  -62.2992935750163     
  -62.2915819224402     
  -62.2821360523543     
  -62.2707630933138     
  -62.2572741286716     
  -62.2414872634631     
  -62.2232308320295     
  -62.2023466795410     
  -62.1786351362188     
  -62.1518204920235     
  -62.1217147826894     
  -62.0881673305753     
  -62.0510039180489     
  -62.0101272286646     
  -61.9654111797814     
  -61.9166095233124     
  -61.8634933939392     
  -61.8060189340254     
  -61.7440310374548     
  -61.6774607167543     
  -61.6061570316803     
  -61.5298870079781     
  -61.4486366029243     
  -61.3623470393679     
  -61.2709701172056     
  -61.1743024649446     
  -61.0722116466431     
  -60.9647051837660     
  -60.8517531882204     
  -60.7332657760840     
  -60.6090384522491     
  -60.4791128169347     
  -60.3435904687211     
  -60.2023587203874     
  -60.0551437918598     
  -59.9021310325117     
  -59.7433546736398     
  -59.5785578167045     
  -59.4077444392189     
  -59.2311262511172     
  -59.0485466353853     
  -58.8598083136782     
  -58.6651512538768     
  -58.4646613554753     
  -58.2581533977462     
  -58.0456360156100     
  -57.8273027702105     
  -57.6031379433356     
  -57.3732674433610     
  -57.1377927584764     
  -56.8966376804374     
  -56.6499398247684     
  -56.3978383077294     
  -56.1403459259277     
  -55.8776671272005     
  -55.6098930002879     
  -55.3370633790029     
  -55.0593922670723     
  -54.7769823357452     
  -54.4899494906340     
  -54.1985301050885     
  -53.9028548855032     
  -53.6030749978382     
  -53.2993477462665     
  -52.9918550083279     
  -52.6807605213788     
  -52.3662364402654     
  -52.0484926992825     
  -51.7277181772767     
  -51.4041092980617     
  -51.0778452127043     
  -50.7490892637013     
  -50.4180366431437     
  -50.0848670117967     
  -49.7497688631521     
  -49.4129312707159     
  -49.0745397444839     
  -48.7347751106212     
  -48.3938138593798     
  -48.0518278110592     
  -47.7089772622482     
  -47.3654177041149     
  -47.0213036628431     
  -46.6767939239226     
  -46.3320382771831     
  -45.9871861002404     
  -45.6423816735038     
  -45.2977624230102     
  -44.9534623918227     
  -44.6096133595073     
  -44.2663381198458     
  -43.9237565288624     
  -43.5819828307507     
  -43.2411231232255     
  -42.9012818414819     
  -42.5625614863158     
  -42.2250580108173     
  -41.8888639139338     
  -41.5540648317349     
  -41.2207441891453     
  -40.8889806617639     
  -40.5588486217353     
  -40.2304176047315     
  -39.9037528047107     
  -39.5789156152109     
  -39.2559644790932     
  -38.9349557777061     
  -38.6159405826418     
  -38.2989679798844     
  -37.9840834725445     
  -37.6713286880503     
  -37.3607401965520     
  -37.0523540554536     
  -36.7462033759656     
  -36.4423171408099     
  -36.1407230713777     
  -35.8414478031517     
  -35.5445146871200     
  -35.2499434320089     
  -34.9577516715268     
  -34.6679546514156     
  -34.3805656112382     
  -34.0955960000265     
  -33.8130554538773     
  -33.5329511658080     
  -33.2552885114129     
  -32.9800712106716     
  -32.7073012619267     
  -32.4369787020349     
  -32.1691014965435     
  -31.9036682109617     
  -31.6406769853718     
  -31.3801245072603     
  -31.1220057500419     
  -30.8663184484306     
  -30.6130552121616     
  -30.3622057019757     
  -30.1137611850472     
  -29.8677100972047     
  -29.6240403787505     
  -29.3827396034119     
  -29.1437944746675     
  -28.9071918262578     
  -28.6729177029983     
  -28.4409574995141     
  -28.2112967196529     
  -27.9839203468992     
  -27.7588129624015     
  -27.5359589319243     
  -27.3153421933523     
  -27.0969465059224     
  -26.8807550343729     
  -26.6667503991734     
  -26.4549155136562     
  -26.2452327611646     
  -26.0376845205619     
  -25.8322534847880     
  -25.6289216422630     
  -25.4276709002696     
  -25.2284831570867     
  -25.0313398541342     
  -24.8362224045633     
  -24.6431122137202     
  -24.4519904505277     
  -24.2628383486424     
  -24.0756372360924     
  -23.8903692961103     
  -23.7070183488018     
  -23.5255643897121     
  -23.3459885896450     
  -23.1682733536429     
  -22.9923987733580     
  -22.8183462403436     
  -22.6460974688508     
  -22.4756327408771     
  -22.3069334941539     
  -22.1399812621254     
  -21.9747567028306     
  -21.8112414776940     
  -21.6494172373506     
  -21.4892650607132     
  -21.3307668595022     
  -21.1739045035892     
  -21.0186594700756     
  -20.8650139495532     
  -20.7129500666416     
  -20.5624494454218     
  -20.4134945206174     
  -20.2660677102259     
  -20.1201511586656     
  -19.9757318900575     
  -19.8327943435609     
  -19.6913208800250     
  -19.5512981040923     
  -19.4127104840208     
  -19.2755394385971     
  -19.1397667160897     
  -19.0053766467625     
  -18.8723514856445     
  -18.7406738467128     
  -18.6103284363709     
  -18.4812984603488     
  -18.3535673558361     
  -18.2271201245977     
  -18.1019406581516     
  -17.9780130134058     
  -17.8553225476727     
  -17.7338540703326     
  -17.6135922810898     
  -17.4945228972077     
  -17.3766314970291     
  -17.2599034433513     
  -17.1443248234110     
  -17.0298818520620     
  -16.9165605491061     
  -16.8043474068335     
  -16.6932291926229     
  -16.5831925567690     
  -16.4742243995553     
  -16.3663119841300     
  -16.2594426380264     
  -16.1536037859882     
  -16.0487831362189     
  -15.9449685167307     
  -15.8421478558314     
  -15.7403093309651     
  -15.6394412705100     
  -15.5395320859880     
  -15.4405703627464     
  -15.3425448708328     
  -15.2454444988956     
  -15.1492582741452     
  -15.0539753900901     
  -14.9595851863958     
  -14.8660771337193     
  -14.7734408435804     
  -14.6816660650334     
  -14.5907426653730     
  -14.5006606575741     
  -14.4114102064184     
  -14.3229816136320     
  -14.2353651834490     
  -14.1485514298974     
  -14.0625311886113     
  -13.9772952049449     
  -13.8928343971063     
  -13.8091399979674     
  -13.7262032627067     
  -13.6440151400745     
  -13.5625671322730     
  -13.4818510062053     
  -13.4018582818656     
  -13.3225803172472     
  -13.2440091872933     
  -13.1661370719223     
  -13.0889558794780     
  -13.0124575085788     
  -12.9366344516838     
  -12.8614792358552     
  -12.7869841654831     
  -12.7131416185299     
  -12.6399444644193     
  -12.5673855788082     
  -12.4954576647747     
  -12.4241535238426     
  -12.3534663514911     
  -12.2833893331083     
  -12.2139155983946     
  -12.1450382474110     
  -12.0768067660350     
  -12.0091999361271     
  -11.9421663264284     
  -11.8757006858326     
  -11.8098418548523     
  -11.7445750069189     
  -11.6798572741385     
  -11.6156840820172     
  -11.5520879758831     
  -11.4890537549047     
  -11.4265431270511     
  -11.3645534678430     
  -11.3031075829961     
  -11.2421948122035     
  -11.1817840520327     
  -11.1218707454849     
  -11.0624698733520     
  -11.0035755754679     
  -10.9451635401675     
  -10.8872266614061     
  -10.8297734899766     
  -10.7728017361313     
  -10.7162935820595     
  -10.6602399122874     
  -10.6046440379566     
  -10.5495055727268     
  -10.4948124611359     
  -10.4405548541251     
  -10.3867319287907     
  -10.3333436329640     
  -10.2803824666455     
  -10.2278392594744     
  -10.1757102494389     
  -10.1239945705033     
  -10.0726877626888     
  -10.0217823169109     
  -9.97127286008422     
  -9.92115715368725     
  -9.87143226229871     
  -9.82209262953741     
  -9.77313256200034     
  -9.72454852393148     
  -9.67633789040258     
  -9.62849668318410     
  -9.58101980731700     
  -9.53390295882360     
  -9.48714311262533     
  -9.44073715608042     
  -9.39468097433956     
  -9.34897021247903     
  -9.30360132336577     
  -9.25857136068471     
  -9.21387702898823     
  -9.16951445491858     
  -9.12547987825826     
  -9.08177014389051     
  -9.03838234373783     
  -8.99531323626707     
  -8.95255927116500     
  -8.91011710196636     
  -8.86798379734105     
  -8.82615652420820     
  -8.78463218541095     
  -8.74340752766387     
  -8.70247950252234     
  -8.66184535627838     
  -8.62150236762829     
  -8.58144761745370     
  -8.54167810690218     
  -8.50219101974876     
  -8.46298375846892     
  -8.42405373545845     
  -8.38539821353849     
  -8.34701441135568     
  -8.30889970348587     
  -8.27105163770097     
  -8.23346776837969     
  -8.19614554171235     
  -8.15908242145111     
  -8.12227694860099     
  -8.08572719455238     
  -8.04943082866434     
  -8.01338542865826     
  -7.97758822793745     
  -7.94203673045325     
  -7.90672900680990     
  -7.87166286073818     
  -7.83683602463131     
  -7.80224596789075     
  -7.76789035641085     
  -7.73376730376391     
  -7.69987475034573     
  -7.66621057104972     
  -7.63277245317790     
  -7.59955820316766     
  -7.56656596627739     
  -7.53379381656079     
  -7.50123976455337     
  -7.46890169222919     
  -7.43677753625819     
  -7.40486548399866     
  -7.37316369850476     
  -7.34167036590765     
  -7.31038347207534     
  -7.27930114065220     
  -7.24842159510184     
  -7.21774305538942     
  -7.18726386994745     
  -7.15698214313330     
  -7.12689613286101     
  -7.09700414688631     
  -7.06730443064728     
  -7.03779546335633     
  -7.00847552407642     
  -6.97934292831999     
  -6.95039609231488     
  -6.92163332644046     
  -6.89305315902092     
  -6.86465403994178     
  -6.83643437288539     
  -6.80839263734652     
  -6.78052726720158     
  -6.75283679067167     
  -6.72531977703637     
  -6.69797476220292     
  -6.67080024264247     
  -6.64379492137123     
  -6.61695783964992     
  -6.59028565613342     
  -6.56378099706249     
  -6.53743572832969     
  -6.51125472586020     
  -6.48523539740740     
  -6.45937427982054     
  -6.43367177673273     
  -6.40812823087600     
  -6.38273513734506     
  -6.35749955026527     
  -6.33242107293427     
  -6.30748596154417     
  -6.28270573932449     
  -6.25807676038884     
  -6.23359006315843     
  -6.20925518420864     
  -6.18507318794411     
  -6.16101785258603     
  -6.13712002973113     
  -6.11335708498657     
  -6.08973456908988     
  -6.06625792304925     
  -6.04292498398849     
  -6.01971261252107     
  -5.99665251611085     
  -5.97371731909100     
  -5.95091827839351     
  -5.92825883185756     
  -5.90573500992954     
  -5.88332678300184     
  -5.86106458661076     
  -5.83891987718115     
  -5.81690672144035     
  -5.79502700011638     
  -5.77327741815337     
  -5.75164082720392     
  -5.73014025576426     
  -5.70875544748754     
  -5.68749364417723     
  -5.66635882563757     
  -5.64534855568673     
  -5.62444866995476     
  -5.60367426434190     
  -5.58301431660479     
  -5.56246962887816     
  -5.54204557888281     
  -5.52174054441124     
  -5.50154391435413     
  -5.48146304209470     
  -5.46149454735641     
  -5.44163510980761     
  -5.42188976250211     
  -5.40225796641363     
  -5.38273266109472     
  -5.36331511641416     
  -5.34400643629877     
  -5.32480223897243     
  -5.30570558310300     
  -5.28671710599618     
  -5.26783262952607     
  -5.24905011479857     
  -5.23037157723793     
  -5.21179400751985     
  -5.19331799799041     
  -5.17494479342659     
  -5.15667235912313     
  -5.13849786492214     
  -5.12042196964437     
  -5.10244365201706     
  -5.08456198379152     
  -5.06677779218601     
  -5.04909054439324     
  -5.03149801805933     
  -5.01399930828506     
  -4.99659432779516     
  -4.97928201161218     
  -4.96206229273991     
  -4.94493527542011     
  -4.92789979909792     
  -4.91095435336273     
  -4.89409853287102     
  -4.87733181628437     
  -4.86065353489500     
  -4.84406365501849     
  -4.82756180844226     
  -4.81114683387897     
  -4.79481775239713     
  -4.77857418721025     
  -4.76241555268240     
  -4.74634141139251     
  -4.73035162207085     
  -4.71444568709896     
