  1.000000000000000E-006
  1.360286583414325E-006
  5.076177380844825E-006
  1.784893602949333E-005
  4.711668267703354E-005
  1.017031614869473E-004
  1.916239507557293E-004
  3.279574442466089E-004
  5.227507047481377E-004
  7.889467579271275E-004
  1.140326213989510E-003
  1.591459036279433E-003
  2.157663811775146E-003
  2.854972755545492E-003
  3.700101215779194E-003
  4.710420788811565E-003
  5.903935382660293E-003
  7.299259725965657E-003
  8.915599931907631E-003
  1.077273580881391E-002
  1.289100467032925E-002
  1.529128644439586E-002
  1.799498991604173E-002
  2.102403996692623E-002
  2.440086569673335E-002
  2.814838932924410E-002
  3.229001582028599E-002
  3.684962309650194E-002
  4.185155286356593E-002
  4.732060193052309E-002
  5.328201400367290E-002
  5.976147190909798E-002
  6.678509020776162E-002
  7.437940817121128E-002
  8.257138308945583E-002
  9.138838388562689E-002
  0.100858185014672     
  0.111008960625625     
  0.121869278968996     
  0.133468097032598     
  0.145834755390657     
  0.158998973252447     
  0.172990843697873     
  0.187840829088537     
  0.203579756643767     
  0.220238814171954     
  0.237849545948310     
  0.256443848730878     
  0.276053967907219     
  0.296712493764783     
  0.318452357878502     
  0.341306829609568     
  0.365309512709823     
  0.390494342026544     
  0.416895580302780     
  0.444547815068702     
  0.473485955619737     
  0.503745230077517     
  0.535361182529935     
  0.568369670246805     
  0.602806860967880     
  0.638709230260115     
  0.676113558941302     
  0.715056930567334     
  0.755576728980518     
  0.797710635916514     
  0.841496628667591     
  0.886972977800028     
  0.934178244923604     
  0.983151280511219     
   1.03393122176680     
   1.08655749053974     
   1.14106979128418     
   1.19750810906159     
   1.25591270758510     
   1.31632412730417     
   1.37878318352818     
   1.44333096458778     
   1.51000883003253     
   1.57885840886387     
   1.64992159780214     
   1.72324055958663     
   1.79885772130757     
   1.87681577276917     
   1.95715766488267     
   2.03992660808852     
   2.12516607080683     
   2.21291977791521     
   2.30323170925334     
   2.39614609815330     
   2.49170742999506     
   2.58996044078640     
   2.69095011576656     
   2.79472168803296     
   2.90132063719040     
   3.01079268802207     
   3.12318380918187     
   3.23854021190739     
   3.35690834875309     
   3.47833491234312     
   3.60286683414325     
   3.73055128325147     
   3.86143566520682     
   3.99556762081587     
   4.13299502499661     
   4.27376598563909     
   4.41792884248267     
   4.56553216600926     
   4.71662475635225     
   4.87125564222086     
   5.02947407983938     
   5.19132955190109     
   5.35687176653644     
   5.52615065629525     
   5.69921637714254     
   5.87611930746775     
   6.05691004710696     
   6.24163941637799     
   6.43035845512795     
   6.62311842179299     
   6.81997079247013     
   7.02096726000071     
   7.22615973306537     
   7.43560033529033     
   7.64934140436454     
   7.86743549116775     
   8.08993535890910     
   8.31689398227604     
   8.54836454659349     
   8.78440044699281     
   9.02505528759070     
   9.27038288067751     
   9.52043724591504     
   9.77527260954350     
   10.0349434035975     
   10.2995042651309     
   10.5690100354503     
   10.8435157593574     
   11.1230766843990     
   11.4077482601261     
   11.6975861373602     
   11.9926461674687     
   12.2929844016465     
   12.5986570902067     
   12.9097206818781     
   13.2262318231100     
   13.5482473573848     
   13.8758243245370     
   14.2090199600800     
   14.5478916945391     
   14.8924971527913     
   15.2428941534129     
   15.5991407080315     
   15.9612950206869     
   16.3294154871961     
   16.7035606945262     
   17.0837894201725     
   17.4701606315429     
   17.8627334853482     
   18.2615673269983     
   18.6667216900041     
   19.0782562953850     
   19.4962310510820     
   19.9207060513763     
   20.3517415763133     
   20.7893980911318     
   21.2337362456987     
   21.6848168739484     
   22.1427009933277     
   22.6074498042457     
   23.0791246895278     
   23.5577872138760     
   24.0434991233327     
   24.5363223447498     
   25.0363189852623     
   25.5435513317663     
   26.0580818504022     
   26.5799731860414     
   27.1092881617777     
   27.6460897784236     
   28.1904412140101     
   28.7424058232908     
   29.3020471372509     
   29.8694288626189     
   30.4446148813836     
   31.0276692503148     
   31.6186562004870     
   32.2176401368084     
   32.8246856375524     
   33.4398574538938     
   34.0632205094480     
   34.6948398998146     
   35.3347808921240     
   35.9831089245876     
   36.6398896060520     
   37.3051887155561     
   37.9790722018922     
   38.6616061831698     
   39.3528569463833     
   40.0528909469828     
   40.7617748084483     
   41.4795753218666     
   42.2063594455121     
   42.9421943044305     
   43.6871471900247     
   44.4412855596457     
   45.2046770361843     
   45.9773894076677     
   46.7594906268573     
   47.5510488108513     
   48.3521322406885     
   49.1628093609555     
   49.9831487793976     
   50.8132192665310     
   51.6530897552587     
   52.5028293404889     
   53.3625072787558     
   54.2321929878438     
   55.1119560464131     
   56.0018661936291     
   56.9019933287938     
   57.8124075109796     
   58.7331789586656     
   59.6643780493770     
   60.6060753193263     
   61.5583414630569     
   62.5212473330893     
   63.4948639395701     
   64.4792624499222     
   65.4745141884987     
   66.4806906362378     
   67.4978634303207     
   68.5261043638316     
   69.5654853854202     
   70.6160785989654     
   71.6779562632424     
   72.7511907915911     
   73.8358547515868     
   74.9320208647134     
   76.0397620060382     
   77.1591512038887     
   78.2902616395319     
   79.4331666468553     
   80.5879397120497     
   81.7546544732947     
   82.9333847204450     
   84.1242043947197     
   85.3271875883929     
   86.5424085444866     
   87.7699416564649     
   89.0098614679304     
   90.2622426723229     
   91.5271601126187     
   92.8046887810330     
   94.0949038187232     
   95.3978805154944     
   96.7136943095062     
   98.0424207869822     
   99.3841356819196     
   100.738914875802     
   102.106834397314     
   103.487970422054     
   104.882399272255     
   106.290197416503     
   107.711441469452     
   109.146208191553     
   110.594574488777     
   112.056617412333     
   113.532414158404     
   115.022042067868     
   116.525578626033     
   118.043101462364     
   119.574688350221     
   121.120417206587     
   122.680366091809     
   124.254613209331     
   125.843236905436     
   127.446315668985     
   129.063928131158     
   130.696153065197     
   132.343069386150     
   134.004756150618     
   135.681292556499     
   137.372757942741     
   139.079231789086     
   140.800793715828     
   142.537523483557     
   144.289500992921     
   146.056806284375     
   147.839519537938     
   149.637721072954     
   151.451491347847     
   153.280910959883     
   155.126060644932     
   156.987021277226     
   158.863873869127     
   160.756699570893     
   162.665579670439     
   164.590595593108     
   166.531828901438     
   168.489361294933     
   170.463274609833     
   172.453650818884     
   174.460572031114     
   176.484120491607     
   178.524378581276     
   180.581428816640     
   182.655353849604     
   184.746236467235     
   186.854159591543     
   188.979206279261     
   191.121459721625     
   193.281003244163     
   195.457920306473     
   197.652294502008     
   199.864209557866     
   202.093749334575     
   204.340997825881     
   206.606039158535     
   208.888957592087     
   211.189837518674     
   213.508763462815     
   215.845820081198     
   218.201092162483     
   220.574664627088     
   222.966622526992     
   225.377051045524     
   227.806035497172     
   230.253661327368     
   232.720014112301     
   235.205179558707     
   237.709243503676     
   240.232291914453     
   242.774410888243     
   245.335686652009     
   247.916205562287     
   250.516054104982     
   253.135318895180     
   255.774086676957     
   258.432444323182     
   261.110478835331     
   263.808277343296     
   266.525927105195     
   269.263515507185     
   272.021130063274     
   274.798858415134     
   277.596788331917     
   280.415007710070     
   283.253604573147     
   286.112667071631     
   288.992283482750     
   291.892542210291     
   294.813531784428     
   297.755340861531     
   300.718058223995     
   303.701772780057     
   306.706573563622     
   309.732549734081     
   312.779790576138     
   315.848385499633     
   318.938424039367     
   322.049995854931     
   325.183190730526     
   328.338098574798     
   331.514809420659     
   334.713413425121     
   337.934000869123     
   341.176662157361     
   344.441487818119     
   347.728568503102     
   351.037994987266     
   354.369858168652     
   357.724249068219     
   361.101258829680     
   364.500978719334     
   367.923500125903     
   371.368914560371     
   374.837313655816     
   378.328789167248     
   381.843432971453     
   385.381337066825     
   388.942593573209     
   392.527294731740     
   396.135532904684     
   399.767400575279     
   403.422990347579     
   407.102394946293     
   410.805707216630     
   414.533020124145     
   418.284426754580     
   422.060020313710     
   425.859894127188     
   429.684141640395     
   433.532856418283     
   437.406132145221     
   441.304062624849     
   445.226741779919     
   449.174263652152     
   453.146722402080     
   457.144212308903     
   461.166827770335     
   465.214663302458     
   469.287813539572     
   473.386373234049     
   477.510437256188     
   481.660100594063     
   485.835458353381     
   490.036605757339     
   494.263638146472     
   498.516650978517     
   502.795739828264     
   507.101000387412     
   511.432528464432     
   515.790419984418     
   520.174770988953     
   524.585677635960     
   529.023236199566     
   533.487543069961     
   537.978694753260     
   542.496787871359     
   547.041919161804     
   551.614185477644     
   556.213683787302     
   560.840511174431     
   565.494764837782     
   570.176542091067     
   574.885940362820     
   579.623057196266     
   584.387990249185     
   589.180837293776     
   594.001696216527     
   598.850665018077     
   603.727841813088     
   608.633324830107     
   613.567212411442     
   618.529603013021     
   623.520595204270     
   628.540287667976     
   633.588779200161     
   638.666168709949     
   643.772555219441     
   648.908037863580     
   654.072715890032     
   659.266688659046     
   664.490055643339     
   669.742916427960     
   675.025370710168     
   680.337518299304     
   685.679459116664     
   691.051293195379     
   696.453120680284     
   701.885041827796     
   707.347157005792     
   712.839566693482     
   718.362371481286     
   723.915672070716     
   729.499569274246     
   735.114164015196     
   740.759557327608     
   746.435850356125     
   752.143144355872     
   757.881540692330     
   763.651140841223     
   769.452046388395     
   775.284359029690     
   781.148180570835     
   787.043612927321     
   792.970758124282     
   798.929718296383     
   804.920595687698     
   810.943492651595     
   816.998511650620     
   823.085755256377     
   829.205326149418     
   835.357327119123     
   841.541861063587     
   847.759030989503     
   854.008940012052     
   860.291691354784     
   866.607388349508     
   872.956134436177     
   879.338033162774     
   885.753188185204     
   892.201703267174     
   898.683682280091     
   905.199229202939     
   911.748448122180     
   918.331443231632     
   924.948318832368     
   931.599179332597     
   938.284129247563     
   945.003273199426     
   951.756715917163     
   958.544562236450     
   965.366917099560     
   972.223885555251     
   979.115572758661     
   986.042083971199     
   993.003524560435     
  1000.000000000000     
