  1.122064138651051E-006
  1.122064402246388E-006
  1.122067120892083E-006
  1.122076465785801E-006
  1.122097878856119E-006
  1.122137815791360E-006
  1.122203604256324E-006
  1.122303349499225E-006
  1.122445865470033E-006
  1.122640621625069E-006
  1.122897700213791E-006
  1.123227760989520E-006
  1.123642011406998E-006
  1.124152181015108E-006
  1.124770499141004E-006
  1.125509675215574E-006
  1.126382881253967E-006
  1.127403736125255E-006
  1.128586291323823E-006
  6.467320775976616E-004
  1.591503695086146E-003
  2.854955958296134E-003
  4.320213647856580E-003
  5.903934843738424E-003
  7.299264426671634E-003
  9.047290724698849E-003
  1.215060659707748E-002
  1.529126796289146E-002
  1.799500549715397E-002
  2.168118963946007E-002
  2.585143579716072E-002
  3.068293099437870E-002
  3.632219944859811E-002
  4.185147633052747E-002
  4.732060410038614E-002
  5.356277183140400E-002
  6.135270369873411E-002
  6.965043801294335E-002
  7.853736201655551E-002
  8.803313181781228E-002
  9.832091406025710E-002
  0.109630960490674     
  0.121648658891466     
  0.133468036381807     
  0.145834811999247     
  0.160169930806448     
  0.175449703560026     
  0.191697243759066     
  0.209328324716647     
  0.227706941598826     
  0.246982374304782     
  0.267468861504578     
  0.289485009582941     
  0.312239250107334     
  0.336072669096838     
  0.361402386234212     
  0.388008459062077     
  0.415770715554330     
  0.444547714592170     
  0.473485965091917     
  0.503925214225850     
  0.537186199412940     
  0.571719032510485     
  0.607891149023538     
  0.645556854651697     
  0.684636710983298     
  0.725471849099343     
  0.767916966582577     
  0.811912593943776     
  0.857729257273532     
  0.905243835659928     
  0.954444318954143     
   1.00552362169094     
   1.05841030958625     
   1.11321590915296     
   1.16991155637628     
   1.22856063082419     
   1.28924473525763     
   1.35190252531960     
   1.41664298600352     
   1.48348266093589     
   1.55246407116180     
   1.62367104116078     
   1.69710176033239     
   1.77279067744819     
   1.85080543630716     
   1.93114923995072     
   2.01388721325528     
   2.09905614330716     
   2.18669280855563     
   2.27685482106454     
   2.36957520834291     
   2.46491171535929     
   2.56290674054159     
   2.66359031280181     
   2.76703357068939     
   2.87324001705474     
   2.98228336900997     
   3.09418101962151     
   3.20899553009742     
   3.32676128322207     
   3.44753472631266     
   3.57135338645683     
   3.69826711269391     
   3.82832459884610     
   3.96157000286052     
   4.09804516697181     
   4.23779796211454     
   4.38088429219752     
   4.52734024360316     
   4.67722068931756     
   4.83057184636685     
   4.98744425640689     
   5.14789317344220     
   5.31197526080765     
   5.47970586910107     
   5.65116027999633     
   5.82636215245697     
   6.00537463394535     
   6.18824027046723     
   6.37501281872610     
   6.56573200637189     
   6.76044262921567     
   6.95920777803409     
   7.16207511161819     
   7.36909075335463     
   7.58031193772392     
   7.79578700079010     
   8.01556710267527     
   8.23970381164297     
   8.46824943411963     
   8.70125398451130     
   8.93876985293756     
   9.18085096474743     
   9.42754798851340     
   9.67891479664017     
   9.93500792281198     
   10.1958802152093     
   10.4615732757682     
   10.7321443511718     
   11.0076483627018     
   11.2881365282799     
   11.5736624907324     
   11.8642774034501     
   12.1600356368094     
   12.4609806453882     
   12.7671872082397     
   13.0787088449578     
   13.3955944092829     
   13.7179034261172     
   14.0456819396727     
   14.3789913269863     
   14.7178870544029     
   15.0624207771005     
   15.4126499813748     
   15.7686291845296     
   16.1304133067495     
   16.4980598963502     
   16.8716235394150     
   17.2511723733834     
   17.6367464644303     
   18.0284088728746     
   18.4262184311494     
   18.8302229756912     
   19.2404854247666     
   19.6570614120893     
   20.0800059098710     
   20.5093813064671     
   20.9452440868945     
   21.3876509188046     
   21.8366617973117     
   22.2923336499309     
   22.7547239986052     
   23.2238920080830     
   23.6998958636057     
   24.1827921425569     
   24.6726428986279     
   25.1694684378254     
   25.6733720499404     
   26.1844216106334     
   26.7026424490786     
   27.2281279370546     
   27.7609310102319     
   28.3010944971566     
   28.8487030543452     
   29.4038072983542     
   29.9664613339643     
   30.5367410591226     
   31.1146989217169     
   31.7003928526848     
   32.2938958578434     
   32.8952613057756     
   33.5045492138479     
   34.1218315539558     
   34.7471624442892     
   35.3806040838668     
   36.0222273876596     
   36.6720918592456     
   37.3302571299557     
   37.9967940026420     
   38.6717632926175     
   39.3552232521291     
   40.0528910406747     
   40.7617748261858     
   41.4795753077176     
   42.2063593690906     
   42.9421942964890     
   43.6864956070441     
   44.4316802398213     
   45.1858273621426     
   45.9490593886139     
   46.7214551235697     
   47.5030621954226     
   48.2939478971221     
   49.0941902076089     
   49.9038449629753     
   50.7229733090241     
   51.5516540377373     
   52.3899472786671     
   53.2379132466803     
   54.0956275159721     
   54.9631550922458     
   55.8405565662672     
   56.7279036181443     
   57.6252666038576     
   58.5327042135322     
   59.4502884559748     
   60.3780885420876     
   61.3161672021229     
   62.2645922958625     
   63.2234355721256     
   64.1927611761344     
   65.1726364543343     
   66.1631309319505     
   67.1643129577634     
   68.1762495526925     
   69.1990112052452     
   70.2326665812762     
   71.2772832203781     
   72.3329316771759     
   73.3996813470777     
   74.4776011361378     
   75.5667612735918     
   76.6672314040407     
   77.7790812328052     
   78.9023809165157     
   80.0372014106343     
   81.1836117696486     
   82.3416826611593     
   83.5114855816609     
   84.6930885789998     
   85.8865626231277     
   87.0919793379747     
   88.3094121145303     
   89.5389281588267     
   90.7805965528695     
   92.0344293584655     
   93.3006316489332     
   94.5791922684517     
   95.8701578282479     
   97.1736245578353     
   98.4897381824209     
   99.8184849381681     
   101.159930107803     
   102.514192294143     
   103.881372921074     
   105.261473090354     
   106.654574810283     
   108.060795525913     
   109.480212100759     
   110.912841671063     
   112.358778117409     
   113.818127994474     
   115.290958772924     
   116.777300860619     
   118.277253412348     
   119.790913006895     
   121.318338147913     
   122.859583911525     
   124.413821689295     
   125.980009504850     
   127.560160205734     
   129.151600994520     
   130.753733386652     
   132.376795403743     
   134.013910985954     
   135.681292630252     
   137.372757981823     
   139.079231722864     
   140.800793666483     
   142.519110383255     
   144.242298411127     
   145.977455453092     
   147.733281466166     
   149.503988816438     
   151.287588085688     
   153.083717535106     
   154.900193702498     
   156.732087444281     
   158.577482352238     
   160.435952503073     
   162.314043144452     
   164.208357580117     
   166.116875106627     
   168.039039603067     
   169.979891698183     
   171.937792544711     
   173.910692928287     
   175.897891529692     
   177.902843738315     
   179.925438381126     
   181.963945632464     
   184.017455873070     
   186.087937080969     
   188.176356280370     
   190.281764989363     
   192.402666083254     
   194.540337962928     
   196.695835360532     
   198.868946206841     
   201.058691154047     
   203.264962254767     
   205.488981227453     
   207.730883090688     
   209.990586606926     
   212.266735886501     
   214.561062384419     
   216.873001989323     
   219.203297710583     
   221.551168086124     
   223.916746278193     
   226.300466073351     
   228.702486812672     
   231.123051486138     
   233.561453072635     
   236.018277797134     
   238.493558261360     
   240.987638537279     
   243.500411394543     
   246.031588132110     
   248.581607466583     
   251.150547287515     
   253.738669413304     
   256.345762966310     
   258.971811614302     
   261.617096817338     
   264.281756182783     
   266.965961808844     
   269.669510422764     
   272.392500515994     
   275.135144771931     
   277.897594642472     
   280.679963381789     
   283.482091929206     
   286.304133205359     
   289.146136192872     
   292.008466332937     
   294.891391078336     
   297.793991513230     
   300.718058247941     
   303.701772780058     
   306.706573576248     
   309.732549662026     
   312.779790508480     
   315.830119537518     
   318.878226647940     
   321.947220091942     
   325.037507572407     
   328.148983609299     
   331.281921674018     
   334.435885020799     
   337.611285447702     
   340.808026436682     
   344.027266235154     
   347.266658271585     
   350.530404165599     
   353.813525220758     
   357.118763034206     
   360.436143974496     
   363.789008583389     
   367.185550228996     
   370.567079444988     
   373.984989045033     
   377.406853418157     
   380.871882312290     
   384.384481004402     
   387.882264787495     
   391.411480025870     
   394.947823470887     
   398.526558908912     
   402.144554383062     
   405.766657650825     
   409.408690287031     
   413.067502496117     
   416.758120023837     
   420.484592528072     
   424.229054255974     
   427.990691116764     
   431.775445525585     
   435.578744755628     
   439.418505425355     
   443.280490067950     
   447.165457443244     
   451.082906370146     
   455.001956486557     
   458.955347114016     
   462.931856339954     
   466.942042667085     
   471.004656473926     
   475.037219087594     
   479.106972051438     
   483.199500010826     
   487.364091089218     
   491.504173248262     
   495.688160725897     
   499.910595549000     
   504.106719832647     
   508.345165032523     
   512.711243587747     
   516.966247148914     
   521.321577807808     
   525.637185412926     
   530.067388578308     
   534.420914642147     
   538.948857768291     
   543.406108566903     
   547.860536824188     
   552.324153849485     
   556.887938040562     
   561.545697664366     
   566.125425309844     
   570.757416429598     
   575.354640036047     
   580.007090874302     
   584.713741778255     
   589.544143881548     
   594.284886233623     
   599.059119002092     
   603.829139408241     
   608.660585635695     
   613.567212435302     
   618.529603097069     
   623.520595211434     
   628.540287653897     
   633.588779184291     
   638.619778541504     
   643.643744798527     
   648.731257744854     
   653.861188886918     
   658.996021824062     
   664.185251976756     
   669.287395905440     
   674.483686011666     
   679.726549687360     
   685.056118806066     
   690.351022756695     
   695.703379467956     
   700.994278242556     
   706.367215509213     
   711.757366338028     
   717.303649327962     
   722.767773834457     
   728.278373137983     
   733.764713196638     
   739.313385550778     
   744.874164140761     
   750.598486604764     
   756.251466658868     
   761.933974959375     
   767.617481478694     
   773.340902853026     
   779.094971261186     
   784.967208634367     
   790.822117757463     
   796.690159996906     
   802.569901084093     
   808.477858344202     
   814.424017926425     
   820.446603485308     
   826.502781972671     
   832.564782342635     
   838.641993348429     
   844.734674535148     
   850.884513714478     
   857.069363781788     
   863.311877042767     
   869.576485933248     
   875.853020212636     
   882.148482106248     
   888.479150365012     
   894.856909120836     
   901.279303074476     
   907.743184342157     
   914.224337584337     
   920.723956736149     
   927.250308587102     
   933.819481881157     
   940.429550077679     
   947.085090359180     
   953.775005841615     
