  -62.7482742428139     
  -62.7482690058493     
  -62.7482149943128     
  -62.7480293523695     
  -62.7476040491988     
  -62.7468111266715     
  -62.7455057860503     
  -62.7435287019846     
  -62.7407080377804     
  -62.7368613934351     
  -62.7317978212921     
  -62.7253199947747     
  -62.7172265842714     
  -62.7073148699862     
  -62.6953835998577     
  -62.6812360795412     
  -62.6646834603227     
  -62.6455481698814     
  -62.6236674107854     
  -62.5988508020319     
  -62.5707958371925     
  -62.5393107295958     
  -62.5042436124676     
  -62.4654038300805     
  -62.4226956191905     
  -62.3760072079808     
  -62.3251165870586     
  -62.2697366636937     
  -62.2098272276589     
  -62.1452586967451     
  -62.0759491770346     
  -62.0017866685115     
  -61.9225149891536     
  -61.8380628545319     
  -61.7484197554397     
  -61.6535669086611     
  -61.5533476783703     
  -61.4475446916150     
  -61.3361702642897     
  -61.2192307111183     
  -61.0966816348866     
  -60.9683167912599     
  -60.8340779225841     
  -60.6940993158558     
  -60.5484086100142     
  -60.3966938319520     
  -60.2390285512284     
  -60.0755375124859     
  -59.9060919648825     
  -59.7305028825078     
  -59.5490120704075     
  -59.3616557836535     
  -59.1681301000134     
  -58.9685362807059     
  -58.7631500919217     
  -58.5518082093539     
  -58.3344415538210     
  -58.1112178415577     
  -57.8821524365773     
  -57.6473403787763     
  -57.4069887989252     
  -57.1610284739031     
  -56.9094823169958     
  -56.6526234341975     
  -56.3903896106096     
  -56.1229547106761     
  -55.8505285869336     
  -55.5730786289330     
  -55.2907940055579     
  -55.0038580944403     
  -54.7123244211759     
  -54.4164153307590     
  -54.1163132587063     
  -53.8121448815626     
  -53.5040786408450     
  -53.1922758061366     
  -52.8769303789026     
  -52.5581929712588     
  -52.2362602340778     
  -51.9113397740262     
  -51.5836169871696     
  -51.2532881894994     
  -50.9205148562703     
  -50.5854695109405     
  -50.2483489921590     
  -49.9093305029889     
  -49.5686081923579     
  -49.2263708099932     
  -48.8827990451007     
  -48.5380766828240     
  -48.1923741332934     
  -47.8458605891126     
  -47.4986933940679     
  -47.1510221805515     
  -46.8030035773283     
  -46.4547733048347     
  -46.1064859409608     
  -45.7582808622368     
  -45.4103047860668     
  -45.0626937682846     
  -44.7155819637005     
  -44.3690934803866     
  -44.0233502772870     
  -43.6784686401879     
  -43.3345572071060     
  -42.9917207287510     
  -42.6500625294132     
  -42.3096814265283     
  -41.9706657511573     
  -41.6331040817608     
  -41.2970784349135     
  -40.9626657455529     
  -40.6299374815020     
  -40.2989568069889     
  -39.9697776479679     
  -39.6424656042286     
  -39.3170753364973     
  -38.9936650086383     
  -38.6722869279401     
  -38.3529902893651     
  -38.0358201083231     
  -37.7208213406170     
  -37.4080391096975     
  -37.0975107706159     
  -36.7892692743333     
  -36.4833465691738     
  -36.1797700123064     
  -35.8785640389166     
  -35.5797507310410     
  -35.2833495863878     
  -34.9893773386078     
  -34.6978487856623     
  -34.4087765597795     
  -34.1221705973375     
  -33.8380389567432     
  -33.5563877155698     
  -33.2772200257896     
  -33.0005368097370     
  -32.7263400740550     
  -32.4546309788458     
  -32.1854082167500     
  -31.9186693332211     
  -31.6544108305864     
  -31.3926284361236     
  -31.1333169318672     
  -30.8764716828107     
  -30.6220848667893     
  -30.3701451406252     
  -30.1206413946855     
  -29.8735618076440     
  -29.6288944628779     
  -29.3866270327291     
  -29.1467456519290     
  -28.9092363158402     
  -28.6740847316149     
  -28.4412759260855     
  -28.2107946913138     
  -27.9826253293303     
  -27.7567516962804     
  -27.5331563360689     
  -27.3118216058477     
  -27.0927309474794     
  -26.8758665755917     
  -26.6612109130368     
  -26.4487467263463     
  -26.2384559992193     
  -26.0303208265941     
  -25.8243230886759     
  -25.6204440627778     
  -25.4186650929973     
  -25.2189674082372     
  -25.0213320130109     
  -24.8257400273646     
  -24.6321725406016     
  -24.4406105335974     
  -24.2510350789898     
  -24.0634273077189     
  -23.8777693537279     
  -23.6940453916525     
  -23.5122351466270     
  -23.3323186301492     
  -23.1542781238901     
  -22.9780930697990     
  -22.8037440621846     
  -22.6312127245214     
  -22.4604788920992     
  -22.2915234243607     
  -22.1243276497008     
  -21.9588718207224     
  -21.7951370910331     
  -21.6331048590048     
  -21.4727558071384     
  -21.3140714093777     
  -21.1570333005668     
  -21.0016225948954     
  -20.8478211122385     
  -20.6956107946275     
  -20.5449730899996     
  -20.3958899042408     
  -20.2483435162755     
  -20.1023157540041     
  -19.9577888694438     
  -19.8147470867867     
  -19.6731769327468     
  -19.5330612035627     
  -19.3943842033845     
  -19.2571323272695     
  -19.1212883348923     
  -18.9868333365038     
  -18.8537507667731     
  -18.7220236404437     
  -18.5916344420946     
  -18.4625668065077     
  -18.3348045416246     
  -18.2083310140893     
  -18.0831302958258     
  -17.9591868597854     
  -17.8364848885617     
  -17.7150089708621     
  -17.5947441652045     
  -17.4756754072349     
  -17.3577878455958     
  -17.2410670742197     
  -17.1254987151142     
  -17.0110685090098     
  -16.8977625806125     
  -16.7855671857486     
  -16.6744686764288     
  -16.5644537161342     
  -16.4555091682570     
  -16.3476220027874     
  -16.2407794131645     
  -16.1349688062165     
  -16.0301777439859     
  -15.9263939555056     
  -15.8236053636020     
  -15.7218000327714     
  -15.6209661757219     
  -15.5210921877921     
  -15.4221666134521     
  -15.3241781349369     
  -15.2271155960224     
  -15.1309679925437     
  -15.0357244573272     
  -14.9413742699328     
  -14.8479068585160     
  -14.7553117890016     
  -14.6635787668996     
  -14.5726976433616     
  -14.4826584068295     
  -14.3934511920091     
  -14.3050662910236     
  -14.2174941244045     
  -14.1307252111051     
  -14.0447502011826     
  -13.9595599356757     
  -13.8751458544403     
  -13.7914991543798     
  -13.7086102921147     
  -13.6264709316338     
  -13.5450729352896     
  -13.4644075978183     
  -13.3844660059966     
  -13.3052403447748     
  -13.2267227361571     
  -13.1489047814539     
  -13.0717782040429     
  -12.9953355768103     
  -12.9195692937102     
  -12.8444713660781     
  -12.7700340620364     
  -12.6962502936579     
  -12.6231127618588     
  -12.5506139101513     
  -12.4787464829007     
  -12.4075037162510     
  -12.3368786243768     
  -12.2668641043362     
  -12.1974533506923     
  -12.1286776418447     
  -12.0605737594780     
  -11.9930494023543     
  -11.9261010027714     
  -11.8597519866271     
  -11.7940285561029     
  -11.7288562678189     
  -11.6642330850193     
  -11.6001816976892     
  -11.5367250502714     
  -11.4737975059657     
  -11.4113955332816     
  -11.3495352981030     
  -11.2882354587121     
  -11.2274416195830     
  -11.1671483938521     
  -11.1073679420107     
  -11.0481154569328     
  -10.9893497237641     
  -10.9310614073155     
  -10.8732584452572     
  -10.8159529911992     
  -10.7591168623176     
  -10.7027371010668     
  -10.6468171786796     
  -10.5913663249771     
  -10.5363675475271     
  -10.4818064050001     
  -10.4276818699747     
  -10.3740001101100     
  -10.3207524839853     
  -10.2679256780888     
  -10.2155148135609     
  -10.1635227434011     
  -10.1119460194980     
  -10.0607743600480     
  -10.0100005295871     
  -9.95962401485353     
  -9.90964366693710     
  -9.86005281141826     
  -9.81084379726387     
  -9.76201325547557     
  -9.71356010576759     
  -9.66548056935380     
  -9.61776819089024     
  -9.57041789158255     
  -9.52342738467049     
  -9.47679435706549     
  -9.43051425008299     
  -9.38458174732103     
  -9.33899318812275     
  -9.29374629629328     
  -9.24883805140582     
  -9.20426402523709     
  -9.16001988791673     
  -9.11610262176517     
  -9.07250978225460     
  -9.02923813019264     
  -8.98628363258374     
  -8.94364263927951     
  -8.90131243855389     
  -8.85929049517620     
  -8.81757360569661     
  -8.77615812561293     
  -8.73504084870551     
  -8.69421923070232     
  -8.65369074374827     
  -8.61345233144851     
  -8.57350068821709     
  -8.53383291041949     
  -8.49444658345743     
  -8.45533925505715     
  -8.41650805353607     
  -8.37794994960313     
  -8.33966226160237     
  -8.30164269559786     
  -8.26388891250921     
  -8.22639822903496     
  -8.18916784022716     
  -8.15219523828848     
  -8.11547826455837     
  -8.07901545670160     
  -8.04280497786133     
  -8.00684417020327     
  -7.97113064756277     
  -7.93566220148957     
  -7.90043631215382     
  -7.86545096928919     
  -7.83070370929796     
  -7.79619228497451     
  -7.76191462254380     
  -7.72786840869508     
  -7.69405169403450     
  -7.66046220975347     
  -7.62709782456191     
  -7.59395657372309     
  -7.56103633651186     
  -7.52833521822945     
  -7.49585113714395     
  -7.46358210882429     
  -7.43152616365179     
  -7.39968146971305     
  -7.36804602265091     
  -7.33661808380157     
  -7.30539575225640     
  -7.27437705016688     
  -7.24356034682109     
  -7.21294368120570     
  -7.18252547201449     
  -7.15230395246625     
  -7.12227722670580     
  -7.09244370000049     
  -7.06280164080868     
  -7.03334941809049     
  -7.00408544841807     
  -6.97500799644514     
  -6.94611543258150     
  -6.91740622969418     
  -6.88887878332161     
  -6.86053158894101     
  -6.83236309321904     
  -6.80437169819618     
  -6.77655594297620     
  -6.74891434542774     
  -6.72144545691891     
  -6.69414778286036     
  -6.66701990347383     
  -6.64006036290232     
  -6.61326773922382     
  -6.58664077602181     
  -6.56017780815294     
  -6.53387774651496     
  -6.50773918078134     
  -6.48176060365539     
  -6.45594086541959     
  -6.43027863969873     
  -6.40477256917814     
  -6.37942146034678     
  -6.35422410764892     
  -6.32917898339654     
  -6.30428475145207     
  -6.27954068563725     
  -6.25494542644047     
  -6.23049747613021     
  -6.20619626326481     
  -6.18203967116939     
  -6.15802694134017     
  -6.13415714676977     
  -6.11042953618080     
  -6.08684180207407     
  -6.06339398689164     
  -6.04008389400830     
  -6.01691113245665     
  -5.99387448810490     
  -5.97097347747569     
  -5.94820580841768     
  -5.92557151463343     
  -5.90306841953710     
  -5.88069636472170     
  -5.85845423645721     
  -5.83634144531050     
  -5.81435577211431     
  -5.79249774173469     
  -5.77076564076830     
  -5.74915922638680     
  -5.72767745210058     
  -5.70631970896117     
  -5.68508354786890     
  -5.66396893432634     
  -5.64297460714661     
  -5.62210019753090     
  -5.60134488859475     
  -5.58070746220722     
  -5.56018656491957     
  -5.53978155856142     
  -5.51949143606753     
  -5.49931575944540     
  -5.47925388204518     
  -5.45930440124171     
  -5.43946649318459     
  -5.41973937044618     
  -5.40012182046276     
  -5.38061358473237     
  -5.36121407719717     
  -5.34192202246836     
  -5.32273672776679     
  -5.30365745753084     
  -5.28468278566029     
  -5.26581261105018     
  -5.24704630231832     
  -5.22838284874187     
  -5.20982155687146     
  -5.19136170857672     
  -5.17300200066124     
  -5.15474219228054     
  -5.13658165640986     
  -5.11851960195047     
  -5.10055534871456     
  -5.08268820753691     
  -5.06491710569717     
  -5.04724153512599     
  -5.02966095540146     
  -5.01217468209654     
  -4.99478208562466     
  -4.97748250561876     
  -4.96027512724753     
  -4.94315921002325     
  -4.92613427710240     
  -4.90919970805016     
  -4.89235491987726     
  -4.87559933508167     
  -4.85893224493216     
  -4.84235292093708     
  -4.82586078677035     
  -4.80945532852713     
  -4.79313598799649     
  -4.77690224166178     
  -4.76075351077203     
  -4.74468914310528     
  -4.72870852219247     
  -4.71281119590977     
