   1.16873021883749     
   1.16887691268643     
   1.16902601403557     
   1.16918790489110     
   1.16934948076214     
   1.16950085488865     
   1.16963755593718     
   1.16973431692929     
   1.16983156376018     
   1.16993934917536     
   1.17005348337439     
   1.17018878216093     
   1.17032572642852     
   1.17043194000245     
   1.17053995838854     
   1.17061596742020     
   1.17069318774710     
   1.17078057957042     
   1.17087966827978     
   1.17096698783419     
   1.17103777699132     
   1.17113481978683     
   1.17122233656419     
   1.17130467743968     
   1.17138474396593     
   1.17144292904866     
   1.17161049659501     
   1.17168772218731     
   1.17175990874027     
   1.17183804282693     
   1.17195344000696     
   1.17202973923382     
   1.17210655008725     
   1.17218116283074     
   1.17225815902302     
   1.17236080605777     
   1.17246407557221     
   1.17252340949491     
   1.17258190060893     
   1.17282843311764     
   1.17311299021803     
   1.17318894162110     
   1.17328506757650     
   1.17336981995066     
   1.17346150894863     
   1.17353978451792     
   1.17361065429054     
   1.17368062459981     
   1.17376127471944     
   1.17384381641912     
   1.17392018810267     
   1.17399296645863     
   1.11592786975405     
   1.11574844889806     
   1.11559601591958     
   1.11542522259315     
   1.11527911887350     
   1.11510756669099     
   1.11490344890742     
   1.11464013348958     
   1.11438901242145     
   1.11416955421247     
   1.11398174396749     
   1.11383408613471     
   1.11368801479781     
   1.11354919288270     
   1.11341263017846     
   1.11324076663052     
   1.11307985352228     
   1.11295777899443     
   1.11287188214338     
   1.11278127554536     
   1.11267560196218     
   1.11263546490831     
   1.11259303490627     
   1.11253006541978     
   1.11247381536179     
   1.11241398571827     
   1.11256553234978     
   1.11252380930215     
   1.11248887729151     
   1.11246639870782     
   1.11249277833965     
   1.11247726308803     
   1.11246103329124     
   1.11244445905947     
   1.11243897438029     
   1.11248665846488     
   1.11253074118492     
   1.11251010157791     
   1.11249116998981     
   1.11282757508465     
   1.11327066324570     
   1.11331053071250     
   1.11337178829593     
   1.11340916767555     
   1.11346104393014     
   1.11349273226633     
   1.11351507454934     
   1.11353859388852     
   1.11357975171849     
   1.11362298156474     
   1.11365877343348     
   1.11369216931518     
   1.20328483225252     
   1.20319686533777     
   1.20318606995946     
   1.20321794293832     
   1.20327259464367     
   1.20326726058420     
   1.20318568238134     
   1.20302897751690     
   1.20284936195418     
   1.20266988709957     
   1.20251763428263     
   1.20236440144211     
   1.20227574132686     
   1.20215908573189     
   1.20200549133509     
   1.20186078187198     
   1.20173912477208     
   1.20165438796862     
   1.20160815453348     
   1.20155127524934     
   1.20147897245442     
   1.20139838149201     
   1.20131134403586     
   1.20127538644738     
   1.20126409369775     
   1.20125904715995     
   1.20118148695224     
   1.20118540618208     
   1.20120095142638     
   1.20121799834421     
   1.20127815637253     
   1.20131392291596     
   1.20135799995828     
   1.20139903128288     
   1.20143986804035     
   1.20154715841433     
   1.20162246498701     
   1.20164783476058     
   1.20166766956456     
   1.20211008845187     
   1.20247447887293     
   1.20257646866286     
   1.20269367404321     
   1.20280167801803     
   1.20290437705246     
   1.20299825228736     
   1.20308313591891     
   1.20317155613798     
   1.20328249558282     
   1.20339759695350     
   1.20349959671043     
   1.20359830415827     
   1.49565689838222     
   1.49520873088717     
   1.49444934416027     
   1.49329675939221     
   1.49183698592035     
   1.49027888671924     
   1.48885976142396     
   1.48767090710318     
   1.48670001961927     
   1.48591267027873     
   1.48525265958592     
   1.48469128647238     
   1.48418669952167     
   1.48368855282635     
   1.48330600072686     
   1.48295395795577     
   1.48261135205948     
   1.48228306544885     
   1.48194858020768     
   1.48160475844179     
   1.48128483590833     
   1.48096899171694     
   1.48064330594824     
   1.48032141781366     
   1.47998288905634     
   1.47955255367452     
   1.47920939270168     
   1.47886448136042     
   1.47847530342114     
   1.47811198533769     
   1.47776345996267     
   1.47738681462172     
   1.47704555069148     
   1.47670930179048     
   1.47638319236758     
   1.47604572441689     
   1.47573011340641     
   1.47541679113266     
   1.47512024382341     
   1.47448813365764     
   1.47379398093989     
   1.47342284161857     
   1.47312065229831     
   1.47280452825036     
   1.47250660105169     
   1.47221527980819     
   1.47194201894442     
   1.47166876740016     
   1.47140334243401     
   1.47114613368195     
   1.47090181377510     
   1.47065825344149     
