  0.384640414547782     
  0.384473551027941     
  0.384297950758454     
  0.384112871563039     
  0.383937973920606     
  0.383783001568361     
  0.383654524573942     
  0.383541524388488     
  0.383430613476676     
  0.383308548634709     
  0.383179239993728     
  0.383042295622472     
  0.382903304765725     
  0.382776097254276     
  0.382664787425807     
  0.382567328092716     
  0.382470170224773     
  0.382367270997754     
  0.382255682069458     
  0.382152575680171     
  0.382063476640876     
  0.381974059456047     
  0.381885872541181     
  0.381800632127337     
  0.381717743123922     
  0.381636455271925     
  0.381565338790945     
  0.381473503202179     
  0.381389221056246     
  0.381302471968316     
  0.381219429703412     
  0.381136512966017     
  0.381053385352199     
  0.380973209864405     
  0.380894136402746     
  0.380813229224647     
  0.380740995574500     
  0.380670797509015     
  0.380599319946291     
  0.380566623629715     
  0.380605503451354     
  0.380529296650061     
  0.380446425617082     
  0.380365430898854     
  0.380286106820466     
  0.380213751198862     
  0.380143880077205     
  0.380074023966068     
  0.380002462299996     
  0.379928810220430     
  0.379857093037837     
  0.379791625389132     
