  0.560788378636096     
  0.560723688052568     
  0.560682071787926     
  0.560700237450268     
  0.560760788020009     
  0.560832373098349     
  0.560891119843652     
  0.560927570378243     
  0.560999122556102     
  0.561095719704598     
  0.561214782670052     
  0.561374561818079     
  0.561555580910121     
  0.561720892706764     
  0.561865142323400     
  0.561983062630429     
  0.562118633618966     
  0.562279746241278     
  0.562464248446944     
  0.562623705293941     
  0.562745865782337     
  0.562885164745204     
  0.563012528408427     
  0.563132117996593     
  0.563263153450286     
  0.563383534417299     
  0.563578483074437     
  0.563688325461741     
  0.563808394342386     
  0.563923606344923     
  0.564070618607792     
  0.564195432558086     
  0.564318898091263     
  0.564438931864678     
  0.564557044163698     
  0.564745573649444     
  0.564895831821074     
  0.564979856258290     
  0.565049372371694     
  0.565717540729442     
  0.566370188673208     
  0.566520651863575     
  0.566684478537571     
  0.566832829017955     
  0.566982792875588     
  0.567111539638153     
  0.567224213378585     
  0.567335096684869     
  0.567466130781449     
  0.567596171923579     
  0.567714104904218     
  0.567828476645485     
