  0.569883328055665     
  0.569870658614393     
  0.569841967783242     
  0.569810681219273     
  0.569781731662464     
  0.569773807393060     
  0.569791125451146     
  0.569818953784150     
  0.569840410409702     
  0.569838408736440     
  0.569814797050289     
  0.569776494813889     
  0.569725008356079     
  0.569675209080028     
  0.569637190892530     
  0.569605984003875     
  0.569568361275740     
  0.569514400249137     
  0.569443947757217     
  0.569380188619192     
  0.569330193291962     
  0.569276292711142     
  0.569221134467123     
  0.569166391896536     
  0.569115321886108     
  0.569062187364161     
  0.568988237172594     
  0.568940100602968     
  0.568875861646865     
  0.568805222523670     
  0.568733784561782     
  0.568665458535425     
  0.568595411033810     
  0.568528216925656     
  0.568460300563913     
  0.568389219276024     
  0.568326672072219     
  0.568263219991951     
  0.568194379658787     
  0.568218213087683     
  0.568346812304443     
  0.568269477497181     
  0.568181723324491     
  0.568094482642857     
  0.568007096269179     
  0.567929358244984     
  0.567852984059130     
  0.567774821189644     
  0.567693618532072     
  0.567606632268784     
  0.567520630576295     
  0.567443715203546     
