  0.142676942866061     
  0.142798307900034     
  0.142929999124057     
  0.143073610887896     
  0.143223324449189     
  0.143380097082614     
  0.143534034637002     
  0.143683422309703     
  0.143827317450594     
  0.143967507395963     
  0.144102421649717     
  0.144245402940174     
  0.144381895488556     
  0.144490786197363     
  0.144577479769607     
  0.144644630522636     
  0.144703617419620     
  0.144756732004048     
  0.144808765029449     
  0.144860522611667     
  0.144909650255721     
  0.144964387894062     
  0.145014874470313     
  0.145055372922729     
  0.145090628957770     
  0.145124303699683     
  0.145131310993861     
  0.145185350991608     
  0.145221857192217     
  0.145253967872337     
  0.145293333642223     
  0.145338874898458     
  0.145377113235824     
  0.145414711566278     
  0.145448809553238     
  0.145478405227133     
  0.145511973171669     
  0.145551575929602     
  0.145587431014483     
  0.145671368393320     
  0.145762627124266     
  0.145803879612711     
  0.145838489356466     
  0.145884328471948     
  0.145929554869099     
  0.145972166707941     
  0.146008666241243     
  0.146045734192941     
  0.146082770948577     
  0.146121365037149     
  0.146159309803421     
  0.146195092961047     
  0.552967449298055     
  0.552945050533521     
  0.552905633717592     
  0.552864254232302     
  0.552825447466926     
  0.552810239875080     
  0.552823237279594     
  0.552849597785104     
  0.552869756770806     
  0.552865065521758     
  0.552837246267956     
  0.552793735622836     
  0.552736651823681     
  0.552681900640461     
  0.552641834442501     
  0.552610787612682     
  0.552573363134911     
  0.552518101849721     
  0.552444472356569     
  0.552377412756274     
  0.552325308950916     
  0.552267582667047     
  0.552210094711517     
  0.552153966235099     
  0.552101134818722     
  0.552045361240496     
  0.551966741506457     
  0.551912219988394     
  0.551843970428987     
  0.551768893729312     
  0.551692401990125     
  0.551620129127964     
  0.551546978702624     
  0.551476679347963     
  0.551404307196228     
  0.551328661808148     
  0.551258649694971     
  0.551190278384609     
  0.551116739138564     
  0.551134499431119     
  0.551249141504097     
  0.551164674594815     
  0.551067611848058     
  0.550973371307049     
  0.550878798688812     
  0.550795661594338     
  0.550714287206478     
  0.550631523032701     
  0.550544876206247     
  0.550451888982528     
  0.550359598980500     
  0.550277027632156     
  0.656939457795079     
  0.656930628814013     
  0.656908341435169     
  0.656882808185850     
  0.656858849766035     
  0.656852133593852     
  0.656866100253964     
  0.656889167628871     
  0.656906236349631     
  0.656903695151293     
  0.656883347375349     
  0.656850228138565     
  0.656806246958054     
  0.656763930806909     
  0.656731332924211     
  0.656704740086012     
  0.656672580372099     
  0.656626519770475     
  0.656566256822422     
  0.656512039356735     
  0.656469746164018     
  0.656423882832720     
  0.656377205019412     
  0.656331048943659     
  0.656287818747077     
  0.656242775230078     
  0.656176484931534     
  0.656136840254390     
  0.656082137007823     
  0.656021804470242     
  0.655960888832877     
  0.655903094938256     
  0.655843389147748     
  0.655786104281419     
  0.655727802535235     
  0.655667459217454     
  0.655613420589900     
  0.655558973897963     
  0.655499679295396     
  0.655532778527417     
  0.655658170533221     
  0.655592604264275     
  0.655518434914907     
  0.655444010408061     
  0.655369146658167     
  0.655303094794041     
  0.655238216367358     
  0.655171660544043     
  0.655102407780494     
  0.655027937381716     
  0.654954021861988     
  0.654888136542413     
  0.125227937024404     
  0.125227701410712     
  0.125232680941784     
  0.125238649916761     
  0.125243957430342     
  0.125242766903872     
  0.125234407884637     
  0.125223521531960     
  0.125214745970248     
  0.125213206652747     
  0.125218147574001     
  0.125227290212398     
  0.125241112096334     
  0.125254540071255     
  0.125264928006093     
  0.125273774074588     
  0.125284820984237     
  0.125300794057835     
  0.125321750040801     
  0.125340503320009     
  0.125355139065624     
  0.125370676856746     
  0.125387058458149     
  0.125403680334403     
  0.125418646518020     
  0.125434214558709     
  0.125454116866111     
  0.125467122925184     
  0.125486237638854     
  0.125507559322939     
  0.125529568944566     
  0.125549890208346     
  0.125571160593612     
  0.125591541964434     
  0.125611935738318     
  0.125632434782051     
  0.125650167871660     
  0.125669401528358     
  0.125690774273566     
  0.125669568523750     
  0.125608221214973     
  0.125630533978578     
  0.125655810235943     
  0.125681785663139     
  0.125707728878585     
  0.125730869208206     
  0.125753792345065     
  0.125777458041658     
  0.125801770650601     
  0.125828116953407     
  0.125854288385188     
  0.125877515926834     
