  8.681975696809241E-002
  8.669285906840904E-002
  8.655583375510545E-002
  8.640620219775669E-002
  8.623569193037245E-002
  8.605922809840549E-002
  8.588951916623838E-002
  8.573217054952001E-002
  8.558489815812650E-002
  8.543887515659637E-002
  8.529456598783131E-002
  8.515246928598150E-002
  8.501445733495444E-002
  8.489564315780052E-002
  8.478932581973647E-002
  8.470038497222845E-002
  8.461812858597506E-002
  8.453291044552941E-002
  8.444528076752503E-002
  8.435776786577404E-002
  8.428062549417711E-002
  8.420274612347234E-002
  8.412903286106904E-002
  8.406298750105878E-002
  8.400316542540695E-002
  8.395081470881766E-002
  8.386085223901327E-002
  8.382074991740507E-002
  8.375782613730767E-002
  8.369689574639250E-002
  8.363235768684341E-002
  8.357420003405666E-002
  8.352269635910928E-002
  8.347094605697153E-002
  8.341990264044452E-002
  8.338303352000276E-002
  8.333297382084642E-002
  8.327752262729415E-002
  8.322329988607077E-002
  8.321629668028521E-002
  8.316938579171337E-002
  8.312591287451937E-002
  8.308548408947286E-002
  8.303286020398629E-002
  8.297828366176271E-002
  8.292733425105361E-002
  8.288285289852956E-002
  8.283780935284307E-002
  8.279364718131443E-002
  8.274626966777585E-002
  8.269795565685031E-002
  8.265332583443566E-002
