  2.123212622769102E-002
  2.127045274689712E-002
  2.131367494901923E-002
  2.135983428228134E-002
  2.140504239532809E-002
  2.144433066367976E-002
  2.147445421282360E-002
  2.149973605165051E-002
  2.152428688587127E-002
  2.155180309583282E-002
  2.158206101784707E-002
  2.161409280904993E-002
  2.164686257813334E-002
  2.167662577761380E-002
  2.169853846739613E-002
  2.171620717750478E-002
  2.173383251444216E-002
  2.175340004275506E-002
  2.177585933975177E-002
  2.179592955408390E-002
  2.181170978284482E-002
  2.182743799454169E-002
  2.184169970826433E-002
  2.185493289579658E-002
  2.187068285143920E-002
  2.188596845500020E-002
  2.189827000093059E-002
  2.191105334355740E-002
  2.192648179491091E-002
  2.194111609942762E-002
  2.195500148667523E-002
  2.197115189584747E-002
  2.198616585909853E-002
  2.200063070070852E-002
  2.201509314416686E-002
  2.203753213763043E-002
  2.205445639229379E-002
  2.206513721934721E-002
  2.207316756274408E-002
  2.216909773489871E-002
  2.227160806277723E-002
  2.229220236108198E-002
  2.231584088769149E-002
  2.233534609482989E-002
  2.235409356704499E-002
  2.237106978997111E-002
  2.238616559886946E-002
  2.240077694276412E-002
  2.241840649686108E-002
  2.243564459286532E-002
  2.245145445539883E-002
  2.246675031546844E-002
