  0.241752617461582     
  0.241043540003881     
  0.240240720755715     
  0.239735515491567     
  0.238918607856925     
  0.238202707702146     
  0.237656118577443     
  0.237240311434472     
  0.236871665533009     
  0.236495643739731     
  0.236053948344605     
  0.235733031080418     
  0.235450561521003     
  0.235151562470215     
  0.235028204401262     
  0.234953200172495     
  0.234920114207467     
  0.234752181064188     
  0.234497345084947     
  0.234288819657458     
  0.234132611742621     
  0.233926172111125     
  0.233732472890707     
  0.233582108472905     
  0.233389884918118     
  0.233212129830692     
  0.232898171004417     
  0.232747968544841     
  0.232543355550841     
  0.232348004219236     
  0.232159193762171     
  0.231946799773490     
  0.231742654024840     
  0.231557396549488     
  0.231374295912455     
  0.231022852585726     
  0.230784510473506     
  0.230637760382246     
  0.230524231539760     
  0.229091312423221     
  0.227518507276071     
  0.227222806023846     
  0.226900408007823     
  0.226630501028629     
  0.226353465069633     
  0.226106686198634     
  0.225895569185278     
  0.225683463292359     
  0.225427895012100     
  0.225180899496971     
  0.224956317271439     
  0.224741715651456     
