  8.343732598055276E-002
  8.446098167118116E-002
  8.548770193685974E-002
  8.657876035519387E-002
  8.776096862961597E-002
  8.900843060067151E-002
  9.025999282072660E-002
  9.147981606119751E-002
  9.263438454547217E-002
  9.372023383850880E-002
  9.473538445428145E-002
  9.568420519809548E-002
  9.657168338460514E-002
  9.738492110492328E-002
  9.815127823413425E-002
  9.887027422076626E-002
  9.954628561540725E-002
  0.100185607439781     
  0.100790339903091     
  0.101370697829757     
  0.101924766132520     
  0.102448956801769     
  0.102955913514377     
  0.103442597466056     
  0.103910837840153     
  0.104345336257879     
  0.104751434974620     
  0.105170157894158     
  0.105582134452959     
  0.105977997517998     
  0.106354881023355     
  0.106730824206887     
  0.107092583317226     
  0.107445490271923     
  0.107782081972525     
  0.108095604049807     
  0.108404219648206     
  0.108718802672459     
  0.109018800300036     
  0.109348417823882     
  0.109692788390074     
  0.109952236582907     
  0.110204953865303     
  0.110467711114806     
  0.110723154347288     
  0.110975058568053     
  0.111215275973683     
  0.111449289442185     
  0.111675203400988     
  0.111895707934591     
  0.112111782180178     
  0.112321982211145     
