  0.176663495135151     
  0.173309841873862     
  0.169536696834686     
  0.164818310458985     
  0.159098193367947     
  0.152680799625751     
  0.146397803140862     
  0.140910975593334     
  0.136510127981586     
  0.133161141072901     
  0.130658951994037     
  0.128711112040652     
  0.127131771584927     
  0.125789572435279     
  0.124576856772416     
  0.123458039528084     
  0.122388415962613     
  0.121370900348777     
  0.120382979751381     
  0.119412591221336     
  0.118458844126825     
  0.117513722557345     
  0.116570239932755     
  0.115621710391407     
  0.114660904360571     
  0.113687207311012     
  0.112706657051414     
  0.111723733180987     
  0.110733349339505     
  0.109749907095403     
  0.108779295558880     
  0.107821182497011     
  0.106881650504253     
  0.105959399205586     
  0.105055199012790     
  0.104164926007477     
  0.103296774273251     
  0.102453885082360     
  0.101631175206230     
  0.100724509019685     
  9.983404128398939E-002
  9.904432910160790E-002
  9.826459819675945E-002
  9.750357101798457E-002
  9.675935186345730E-002
  9.603284125842702E-002
  9.532498785424159E-002
  9.463614015057109E-002
  9.396304423187951E-002
  9.331147225264755E-002
  9.268326347579796E-002
  9.207826317112637E-002
  7.845305348185022E-002
  7.602090845902035E-002
  7.320794919143900E-002
  6.988270112370536E-002
  6.602155769256446E-002
  6.214892212812672E-002
  5.873261970021010E-002
  5.597996751227228E-002
  5.388224098719215E-002
  5.230174905207881E-002
  5.107372343804936E-002
  5.008546093988764E-002
  4.923537736121859E-002
  4.847179779115317E-002
  4.778452178449295E-002
  4.713899716526315E-002
  4.652179114651989E-002
  4.591109980216027E-002
  4.530525958677376E-002
  4.471533597807863E-002
  4.414049326961424E-002
  4.356930506076006E-002
  4.300296586394911E-002
  4.243841085086745E-002
  4.186721478649835E-002
  4.129543594755821E-002
  4.072351256581071E-002
  4.016313350931153E-002
  3.960344428337824E-002
  3.905686339005360E-002
  3.852571515468042E-002
  3.800601950044784E-002
  3.750370542720419E-002
  3.701822591801738E-002
  3.654764010444948E-002
  3.607650462971522E-002
  3.562865025265181E-002
  3.520305717960406E-002
  3.479348698649577E-002
  3.426578529014260E-002
  3.374211389641436E-002
  3.335225575765498E-002
  3.297016406053244E-002
  3.260575885716362E-002
  3.225353234824250E-002
  3.191555021461739E-002
  3.159203337928063E-002
  3.128118852552880E-002
  3.097911490824970E-002
  3.069024616620990E-002
  3.041614738963863E-002
  3.015588094711933E-002
  0.744883438469898     
  0.750669236741235     
  0.757255341036094     
  0.765298975468763     
  0.774880235982848     
  0.785170265284797     
  0.794869564196659     
  0.803109043934691     
  0.809607618076068     
  0.814537096925494     
  0.818267311624280     
  0.821203414081048     
  0.823632838119918     
  0.825738616842788     
  0.827638608514163     
  0.829402950378656     
  0.831089779962855     
  0.832717986920463     
  0.834311747732082     
  0.835872059870171     
  0.837400649672285     
  0.838916959449283     
  0.840426781269255     
  0.841939865821717     
  0.843471867914752     
  0.845017343800899     
  0.846569817440676     
  0.848113120363186     
  0.849663193428410     
  0.851193216562787     
  0.852694976331837     
  0.854172785045576     
  0.855614631108466     
  0.857022361913534     
  0.858397147916835     
  0.859758556393021     
  0.861074562501489     
  0.862343044763502     
  0.863575324830197     
  0.865009692719729     
  0.866423831864138     
  0.867603402182762     
  0.868765224780590     
  0.869890657160412     
  0.870987102821619     
  0.872051595558433     
  0.873082965795541     
  0.874082658350664     
  0.875057827884125     
  0.875998268602909     
  0.876900576153976     
  0.877765842899199     
