   1.00680172707689     
   1.00656630703236     
   1.00630493656212     
   1.00602047868033     
   1.00574882018464     
   1.00551006314828     
   1.00532733574227     
   1.00517357128596     
   1.00502449882930     
   1.00485751703337     
   1.00467422171477     
   1.00447981914451     
   1.00428125590175     
   1.00410095366532     
   1.00396835072653     
   1.00386140672728     
   1.00375471125449     
   1.00363647875852     
   1.00350065869097     
   1.00337928976624     
   1.00328398424675     
   1.00318907445166     
   1.00310305669399     
   1.00302322037969     
   1.00292805181842     
   1.00283591955224     
   1.00288700831071     
   1.00268484612038     
   1.00259173330060     
   1.00250343963880     
   1.00242016314972     
   1.00232256585996     
   1.00223221433188     
   1.00214503783459     
   1.00205810089761     
   1.00192302835144     
   1.00182133881184     
   1.00175621845196     
   1.00170837213577     
   1.00113265028706     
   1.00051812879311     
   1.00039463056937     
   1.00025323274646     
   1.00013578299555     
   1.00002432120395     
  0.999922840504435     
  0.999832519660981     
  0.999745194933187     
  0.999639915770549     
  0.999536953221333     
  0.999442519159316     
  0.999351221234207     
