  0.132719963544505     
  0.132728657648593     
  0.132733796356583     
  0.132766425415134     
  0.132777146741123     
  0.132792031054915     
  0.132811674703142     
  0.132833203999468     
  0.132854063039920     
  0.132872857079844     
  0.132884514051986     
  0.132905712020639     
  0.132925705048960     
  0.132940980623039     
  0.132964935206831     
  0.132987032560755     
  0.133011841926321     
  0.133026684088504     
  0.133036339493290     
  0.133047185161900     
  0.133058103514497     
  0.133067061363170     
  0.133076078407880     
  0.133085517834770     
  0.133093586890712     
  0.133101882673400     
  0.133106666978246     
  0.133114128361266     
  0.133119716619150     
  0.133125283388275     
  0.133130868573411     
  0.133135500417350     
  0.133140361778041     
  0.133146310311279     
  0.133152421281946     
  0.133152364555537     
  0.133155379059982     
  0.133159841367205     
  0.133164897933180     
  0.133136558184504     
  0.133099353019597     
  0.133098014525903     
  0.133095915105848     
  0.133095802454526     
  0.133095192614683     
  0.133095388722987     
  0.133096492698493     
  0.133097313637206     
  0.133096773879388     
  0.133096150887804     
  0.133095953804644     
  0.133095975599014     
