  7.553018565357913E-002
  7.529970398246025E-002
  7.505597047511567E-002
  7.475790375350254E-002
  7.446601490578308E-002
  7.416451585808814E-002
  7.386697808220527E-002
  7.357649470477383E-002
  7.328968613398913E-002
  7.299929140076220E-002
  7.271144744048628E-002
  7.239830213567452E-002
  7.209449838444396E-002
  7.182174021146118E-002
  7.154531862163885E-002
  7.131044183608433E-002
  7.107371563260140E-002
  7.093144594423664E-002
  7.082935973907750E-002
  7.073660970919500E-002
  7.065800285622030E-002
  7.058076882755333E-002
  7.050611470375964E-002
  7.043562697613548E-002
  7.036867146580154E-002
  7.030338365672005E-002
  7.024755043839435E-002
  7.016897725306448E-002
  7.009962368859597E-002
  7.002929846528858E-002
  6.995877664904013E-002
  6.989003616700996E-002
  6.982286942446679E-002
  6.975616215536351E-002
  6.968950342509657E-002
  6.962463892320264E-002
  6.956209906482592E-002
  6.950081020534811E-002
  6.943947068374853E-002
  6.939298119648427E-002
  6.940022486851236E-002
  6.933310907818994E-002
  6.926055433030116E-002
  6.918409965542564E-002
  6.910801732067512E-002
  6.903880881554590E-002
  6.897298382877985E-002
  6.890624621428590E-002
  6.883682764516236E-002
  6.876302471293287E-002
  6.868950553923128E-002
  6.862184141679405E-002
