  1.746516238946508E-002
  1.773048719694202E-002
  1.799512306366909E-002
  1.830150209174941E-002
  1.859843969250650E-002
  1.890955917328776E-002
  1.922610631343712E-002
  1.953805516286172E-002
  1.983989653677086E-002
  2.012953231881145E-002
  2.040108282039332E-002
  2.068271568889367E-002
  2.094584056005642E-002
  2.118051656135900E-002
  2.142132492629325E-002
  2.162950125067152E-002
  2.183280147117848E-002
  2.195297951609173E-002
  2.203231059940218E-002
  2.210675683319474E-002
  2.217607373643011E-002
  2.224106386184502E-002
  2.230262307151397E-002
  2.236070973139407E-002
  2.241563761233992E-002
  2.246719941996553E-002
  2.251499022642065E-002
  2.256521316773021E-002
  2.261119961206030E-002
  2.265429498435282E-002
  2.269749068467093E-002
  2.273786747418152E-002
  2.277568692120390E-002
  2.281380802155307E-002
  2.285074520196669E-002
  2.288187072612215E-002
  2.291555676865492E-002
  2.294815481279254E-002
  2.297845479046112E-002
  2.301802642178342E-002
  2.306499043345323E-002
  2.308885382052113E-002
  2.311045540340320E-002
  2.313464310966433E-002
  2.315792540580457E-002
  2.318098360522948E-002
  2.320260112653824E-002
  2.322324831883260E-002
  2.324252922080037E-002
  2.326106085485793E-002
  2.327926736500614E-002
  2.329727648130661E-002
