  1.149419330434766E-003
  1.149043350176166E-003
  1.148739525525424E-003
  1.148472567153451E-003
  1.148291980290733E-003
  1.148141047556407E-003
  1.148010511836715E-003
  1.147916529716315E-003
  1.147848757658268E-003
  1.147756631347950E-003
  1.147649210136330E-003
  1.147538508498281E-003
  1.147447340108494E-003
  1.147395863682071E-003
  1.147327420147729E-003
  1.147299121532699E-003
  1.147293053062477E-003
  1.147282381731048E-003
  1.147257698083193E-003
  1.147238177287348E-003
  1.147225968047640E-003
  1.147187536019188E-003
  1.147147251086496E-003
  1.147107160872688E-003
  1.147098313786568E-003
  1.147111982937468E-003
  1.147735687834213E-003
  1.146935674998883E-003
  1.146905221619768E-003
  1.146846798246574E-003
  1.146764098419511E-003
  1.146735509122521E-003
  1.146690333139992E-003
  1.146645513410185E-003
  1.146597258105591E-003
  1.146625436620381E-003
  1.146601774320535E-003
  1.146527801695890E-003
  1.146421706537160E-003
  1.147500795129915E-003
  1.148870374928970E-003
  1.148887314225960E-003
  1.148894200742006E-003
  1.148849997327698E-003
  1.148797957039563E-003
  1.148761081143284E-003
  1.148716840671903E-003
  1.148663498433993E-003
  1.148625199822533E-003
  1.148562951330245E-003
  1.148486306521032E-003
  1.148431039650212E-003
