  2.867703419519343E-002
  2.889140500331779E-002
  2.900407665872989E-002
  2.879970585079794E-002
  2.863490482490096E-002
  2.859049947162773E-002
  2.942563129993856E-002
  2.933845757883284E-002
  2.965675537444084E-002
  2.969106330538274E-002
  2.938395223576677E-002
  2.923677006650730E-002
  2.995139231363958E-002
  2.993569301715337E-002
  3.004408247639847E-002
  2.998889847900764E-002
  2.994077263289375E-002
  2.982292976970163E-002
  2.968191340260087E-002
  3.046064299029137E-002
  2.997366014190951E-002
  3.008352321670215E-002
  2.990381872445483E-002
  2.971838975640557E-002
  3.020288562231923E-002
  3.032449701994801E-002
  3.031457127367254E-002
  3.029590196961745E-002
  3.026175483204701E-002
  3.014357812166785E-002
  3.035608310689366E-002
  3.038323104389695E-002
  3.009461594631840E-002
  3.039306232751447E-002
  3.042577440141179E-002
  3.036140085252321E-002
  3.044509751437293E-002
  3.042530008471141E-002
  3.047174068258206E-002
  3.049155306491024E-002
  3.050026436170417E-002
  3.040894157958894E-002
  3.042132387920430E-002
  3.045274097243968E-002
  3.045338431419737E-002
  3.046260416774776E-002
  3.046248799048472E-002
  3.046103503291371E-002
  3.045918639964142E-002
  3.045777802657924E-002
  3.045481669387178E-002
  3.045196477221609E-002
  4.969384191168515E-002
  4.977210609243167E-002
  4.988491276336499E-002
  4.996959786589603E-002
  4.998121102540053E-002
  5.009791143971935E-002
  5.013944948521858E-002
  5.033343939452194E-002
  5.044514101958385E-002
  5.050119887182124E-002
  5.058085571319641E-002
  5.058733406116826E-002
  5.054840331257167E-002
  5.051264149092019E-002
  5.065126097064802E-002
  5.074002806715341E-002
  5.069086100008829E-002
  5.077155621606452E-002
  5.075655824612904E-002
  5.072607874566991E-002
  5.064480269864765E-002
  5.060068999560590E-002
  5.057106654910753E-002
  5.075703329486051E-002
  5.071811802305168E-002
  5.061946704245054E-002
  5.073615758587105E-002
  5.064231647521592E-002
  5.073518558226249E-002
  5.071961205141461E-002
  5.066205590568165E-002
  5.067632157304000E-002
  5.062159383421431E-002
  5.041989687128397E-002
  5.055062286840254E-002
  5.057642133206727E-002
  5.041137229477715E-002
  5.032647798099007E-002
  5.023557052261788E-002
  5.023665371735853E-002
  5.045314809473536E-002
  5.042639770043347E-002
  5.029726989137093E-002
  5.033010449917320E-002
  5.011275332135273E-002
  5.014669150496819E-002
  4.965380887863492E-002
  4.934664255058090E-002
  4.911327507244754E-002
  4.998775646994662E-002
  4.942808583204222E-002
  4.985213153502646E-002
  6.625542212890397E-002
  6.635993733536838E-002
  6.641657541698349E-002
  6.643374993597188E-002
  6.663121611482899E-002
  6.671751836133004E-002
  6.676341146679041E-002
  6.694849973405660E-002
  6.700697214397548E-002
  6.704440883636865E-002
  6.718579390884824E-002
  6.717151136822744E-002
  6.714171461653927E-002
  6.729239121291211E-002
  6.732867621947035E-002
  6.733263097132854E-002
  6.732642207077301E-002
  6.736389215720062E-002
  6.732058912741742E-002
  6.728353004948781E-002
  6.726071381379461E-002
  6.723262916310303E-002
  6.736263419898524E-002
  6.733460002407769E-002
  6.738711042241724E-002
  6.738385780387829E-002
  6.734945384162393E-002
  6.730650537030397E-002
  6.726100607145946E-002
  6.733689131081905E-002
  6.728766420891756E-002
  6.723620245890774E-002
  6.718668402034453E-002
  6.724260268533490E-002
  6.718904252235494E-002
  6.712252320400952E-002
  6.706338489367906E-002
  6.701562324445771E-002
  6.712954164847509E-002
  6.707496749727944E-002
  6.715891490349080E-002
  6.711317204186677E-002
  6.705216065743290E-002
  6.696557107322092E-002
  6.688216880727024E-002
  6.694066084238799E-002
  6.687598367535073E-002
  6.680948307580442E-002
  6.681453391089485E-002
  6.673269154624320E-002
  6.665527929777500E-002
  6.658601412440526E-002
  9.412218819901691E-002
  9.424697305463497E-002
  9.435868234760805E-002
  9.446589485720923E-002
  9.457231758614573E-002
  9.468074341741242E-002
  9.480611313536326E-002
  9.493244939174543E-002
  9.505038974707367E-002
  9.514829606110635E-002
  9.522874859884953E-002
  9.529659440273622E-002
  9.535070513375646E-002
  9.539759051861774E-002
  9.544739703579917E-002
  9.548045490135695E-002
  9.544220674176193E-002
  9.546859428415426E-002
  9.548015771331818E-002
  9.549437897128958E-002
  9.551401211048008E-002
  9.552917151433432E-002
  9.554220503804117E-002
  9.555499130395501E-002
  9.556791719936140E-002
  9.557714839244932E-002
  9.558336627611934E-002
  9.553909328621582E-002
  9.553699813104302E-002
  9.553040331791841E-002
  9.552122850411704E-002
  9.551306162988442E-002
  9.549991621830853E-002
  9.548084835320694E-002
  9.546672517373969E-002
  9.539231162344260E-002
  9.537918285227306E-002
  9.536530415424251E-002
  9.534879157353043E-002
  9.536818232110041E-002
  9.542668467597686E-002
  9.539907911323962E-002
  9.536400125356474E-002
  9.531846565265041E-002
  9.519201638310679E-002
  9.516104674740335E-002
  9.513124229630779E-002
  9.509926301430573E-002
  9.505542802150654E-002
  9.501459935627146E-002
  9.497188681893463E-002
  9.493527111483192E-002
