  0.197594054911554     
  0.197419056771076     
  0.197296863820245     
  0.197230568619391     
  0.197210893571828     
  0.197202162829539     
  0.197176694942983     
  0.197148078321970     
  0.197145827825780     
  0.197166614940458     
  0.197210835729100     
  0.197287230771427     
  0.197391271932290     
  0.197488014596335     
  0.197561517094420     
  0.197625060351077     
  0.197705104372201     
  0.197812534661886     
  0.197940454463946     
  0.198059945446580     
  0.198151724804037     
  0.198245293391271     
  0.198331930874180     
  0.198408050577348     
  0.198490239798596     
  0.198563885394508     
  0.198631406689388     
  0.198711950657582     
  0.198800627457756     
  0.198882411121407     
  0.198967185630444     
  0.199058144459845     
  0.199138932754452     
  0.199218925089072     
  0.199296245242865     
  0.199393866679601     
  0.199479987607476     
  0.199549731402834     
  0.199606388337556     
  0.199999806478303     
  0.200444399100653     
  0.200545468511349     
  0.200649625681074     
  0.200758713241321     
  0.200866492151031     
  0.200963844406288     
  0.201045076904554     
  0.201126526004916     
  0.201219194994129     
  0.201314442996281     
  0.201404748807306     
  0.201489822394441     
  0.649210982583363     
  0.649201170174383     
  0.649257145048529     
  0.649370444067495     
  0.649510274633458     
  0.649612353237689     
  0.649671596311387     
  0.649717297326072     
  0.649786882190710     
  0.649909157475092     
  0.650077265478240     
  0.650289048451565     
  0.650532804284855     
  0.650749919253847     
  0.650921184730436     
  0.651062357822516     
  0.651217517392110     
  0.651412002911846     
  0.651641733126231     
  0.651858500920219     
  0.652026730558213     
  0.652198906756612     
  0.652365614141135     
  0.652515085476126     
  0.652667033006619     
  0.652803873050323     
  0.652912116753867     
  0.653083641339308     
  0.653249326843661     
  0.653395158453679     
  0.653545109190076     
  0.653707405557649     
  0.653853924360501     
  0.653998971142322     
  0.654138170861498     
  0.654305625647934     
  0.654455091809215     
  0.654587101787580     
  0.654702233359899     
  0.655315035676962     
  0.655978886383088     
  0.656164421177560     
  0.656353063162089     
  0.656556325921745     
  0.656757564896382     
  0.656942722323687     
  0.657102752354298     
  0.657265030781165     
  0.657442895715439     
  0.657625992586905     
  0.657799454993857     
  0.657961473643627     
  0.875265469666356     
  0.875164406408730     
  0.875084637941284     
  0.875024303342832     
  0.874978444349965     
  0.874940583251603     
  0.874899996136956     
  0.874865747387466     
  0.874835428333246     
  0.874821796391278     
  0.874823426353565     
  0.874834840979272     
  0.874860108208730     
  0.874884955715297     
  0.874911440949098     
  0.874936603315855     
  0.874963031112271     
  0.874998214727314     
  0.875039032535351     
  0.875086975550935     
  0.875131674946856     
  0.875173981693698     
  0.875225454487708     
  0.875271280472808     
  0.875305132594987     
  0.875333626763389     
  0.875325490745633     
  0.875382958637625     
  0.875426697681055     
  0.875469829007109     
  0.875508145094775     
  0.875555788397777     
  0.875595051534030     
  0.875633675941994     
  0.875665908978551     
  0.875676184355980     
  0.875691098137770     
  0.875730558609266     
  0.875772456733376     
  0.875731583805965     
  0.875673802888098     
  0.875705376536266     
  0.875724271954826     
  0.875767790651881     
  0.875806577871055     
  0.875848062570335     
  0.875884963498719     
  0.875925811116473     
  0.875960831750969     
  0.875999260705730     
  0.876034431223732     
  0.876064884070176     
  2.155828169835697E-007
  2.143203998298356E-007
  2.129354198565163E-007
  2.115271465960424E-007
  2.089977249499185E-007
  2.160553634342461E-007
  2.145349150491164E-007
  2.168859974996853E-007
  2.148726147081209E-007
  2.162058465829793E-007
  2.162763134640965E-007
  2.182906854022404E-007
  2.158468497478760E-007
  2.172251784608092E-007
  2.184912459585575E-007
  2.170952131030507E-007
  2.160243710959537E-007
  2.215253830445161E-007
  2.113024887102674E-007
  2.162778519128626E-007
  2.186399717066137E-007
  2.239941306379992E-007
  2.139098525421819E-007
  2.195880890392705E-007
  2.179995787018500E-007
  2.227775349943737E-007
  2.185800630827287E-007
  2.166940221433887E-007
  2.245438445244514E-007
  2.226347622954539E-007
  2.261438699431577E-007
  2.186171933341554E-007
  2.247443106955710E-007
  2.111421736497219E-007
  2.154627492148044E-007
  2.187605514507804E-007
  2.213918072183621E-007
  2.178982642274523E-007
  2.238223977950806E-007
  3.381936441557472E-007
  4.790263203438380E-007
  5.004859723859279E-007
  5.257904979694109E-007
  5.299597032894460E-007
  5.571744662249596E-007
  5.953979605575477E-007
  6.249637789330788E-007
  6.707854426589279E-007
  7.268258653661966E-007
  7.946519901737766E-007
  8.034426862161823E-007
  8.108442465184667E-007
