  0.422458024794212     
  0.422563616154811     
  0.422661457431463     
  0.422774162964901     
  0.422939436780609     
  0.423160968369287     
  0.423424330642526     
  0.423691948028853     
  0.423933614201236     
  0.424134525208194     
  0.424299467674494     
  0.424433800303961     
  0.424543134797871     
  0.424630227578412     
  0.424724780846611     
  0.424810003732322     
  0.424876161972489     
  0.424922227994742     
  0.424943481291755     
  0.424979639518905     
  0.425025519330647     
  0.425065260019227     
  0.425097714504923     
  0.425119873344119     
  0.425130994632301     
  0.425129049731614     
  0.425197608860869     
  0.425152245251744     
  0.425150722144323     
  0.425136770531844     
  0.425131670006180     
  0.425114007278090     
  0.425081694434686     
  0.425054364211097     
  0.425025011436438     
  0.424955897572180     
  0.424930316806221     
  0.424921930261554     
  0.424907105087336     
  0.424837589319535     
  0.424999995368810     
  0.424936721271324     
  0.424847457724196     
  0.424783527208823     
  0.424723778842107     
  0.424675300251419     
  0.424621265948851     
  0.424565632108240     
  0.424498726987601     
  0.424428619269301     
  0.424363176017200     
  0.424305638011195     
