  0.595626113510570     
  0.595438165477575     
  0.595217945480630     
  0.594983654463203     
  0.594762687065991     
  0.594591911213541     
  0.594486119360663     
  0.594414237599115     
  0.594337358191293     
  0.594219266452360     
  0.594065957370567     
  0.593884672308948     
  0.593685924774547     
  0.593506303252243     
  0.593367093914837     
  0.593257472137446     
  0.593142157336550     
  0.592998964090397     
  0.592823261448740     
  0.592665158104106     
  0.592541782122542     
  0.592410897439369     
  0.592282516849366     
  0.592160131849406     
  0.592036543831876     
  0.591915260567445     
  0.591813577748899     
  0.591654967836464     
  0.591513001625137     
  0.591363388156199     
  0.591216313956898     
  0.591066997509169     
  0.590917463859293     
  0.590772966664035     
  0.590627907672709     
  0.590463289647543     
  0.590321557156796     
  0.590192372834588     
  0.590062050015154     
  0.589883723365999     
  0.589851836678324     
  0.589682056239550     
  0.589489393695595     
  0.589301863838647     
  0.589115656497439     
  0.588949567864839     
  0.588792587991581     
  0.588633402719002     
  0.588461762316007     
  0.588280950561035     
  0.588104365603470     
  0.587943511463414     
