  0.170035347086517     
  0.170035714274850     
  0.170039501348274     
  0.170052518785370     
  0.170082347192774     
  0.170137979344048     
  0.170229622676902     
  0.170368567802012     
  0.170567092551610     
  0.170838387878501     
  0.171196498356688     
  0.171656273022542     
  0.172233323860708     
  0.172943990132858     
  0.173805307292173     
  0.174834979575830     
  0.176051355601228     
  0.177473406453140     
  0.179120705863766     
  0.180367810038842     
  0.181581879605616     
  0.182764681388462     
  0.184054908810987     
  0.185558247832851     
  0.187604411320197     
  0.189675671068632     
  0.190793286102062     
  0.192299534167530     
  0.194693490640657     
  0.196581054642217     
  0.198486335436326     
  0.200258317817197     
  0.201777088965884     
  0.203987457488710     
  0.206867050215197     
  0.209610566318779     
  0.211471582558892     
  0.213518768244399     
  0.215699844681024     
  0.218024659711634     
  0.220339940735294     
  0.222445715028552     
  0.224687253890050     
  0.228001564592462     
  0.231674333219381     
  0.234316386132664     
  0.236983546024253     
  0.239685190726619     
  0.242038392130832     
  0.244712350260767     
  0.247591326623206     
  0.250394966511336     
  0.252838886507657     
  0.255749213562799     
  0.258819752368932     
  0.261668602880877     
  0.264551252939813     
  0.267623742604550     
  0.271063700657380     
  0.275761122533896     
  0.280413079232403     
  0.283735962523069     
  0.287317098023029     
  0.290826793317957     
  0.294448788808097     
  0.298300869466415     
  0.302080548744412     
  0.305972069128142     
  0.310074133330502     
  0.314155739309691     
  0.318379820571792     
  0.322798486173828     
  0.327259204618862     
  0.331874075219452     
  0.336572516387133     
  0.341424614905120     
  0.346408489807678     
  0.351484310800212     
  0.356755466639952     
  0.362155286775712     
  0.367709810210807     
  0.373419364899510     
  0.379243239948790     
  0.385226622384854     
  0.391378700987271     
  0.397675728952527     
  0.404158658030263     
  0.410806774313408     
  0.417627956276737     
  0.424630344067232     
  0.431801495725213     
  0.439153803855107     
  0.446675192140488     
  0.454369177900881     
  0.462251893650412     
  0.470298606553940     
  0.478552462398349     
  0.486986634291696     
  0.495630859654528     
  0.504469946740421     
  0.513517119932151     
  0.522763775538630     
  0.532220465332867     
  0.541885653167634     
  0.551759190962305     
  0.561845698199212     
  0.572152340619325     
  0.582680484687647     
  0.593423692215549     
  0.604395569776558     
  0.615591163509301     
  0.627014400631766     
  0.638665107819194     
  0.650538622469298     
  0.662629094720899     
  0.674972208537314     
  0.687543936924564     
  0.700372094763866     
  0.713445226663115     
  0.726772695986929     
  0.740352871790700     
  0.754198367673480     
  0.768316943677884     
  0.782698278612770     
  0.797347696143859     
  0.812272267363743     
  0.827468163456509     
  0.842940664382183     
  0.858692435587260     
  0.874725943116971     
  0.891043122799939     
  0.907648409647583     
  0.924544069346142     
  0.941731037976282     
  0.959213713263878     
  0.976993493225137     
  0.995069317981958     
   1.01344401581645     
   1.03213186319150     
   1.05113169304674     
   1.07044486424308     
   1.09007663882485     
   1.11003005306635     
   1.13031083113044     
   1.15092167797338     
   1.17187641146140     
   1.19315772143739     
   1.21476975300123     
   1.23672151225736     
   1.25901152865950     
   1.28165200622761     
   1.30464000940576     
   1.32797870595668     
   1.35167526682071     
   1.37573122322111     
   1.40015126616948     
   1.42493987399384     
   1.45009908649531     
   1.47563409472328     
   1.50153672680461     
   1.52782706998669     
   1.55450240465642     
   1.58156442580267     
   1.60902601056503     
   1.63688513984871     
   1.66514726415570     
   1.69381867998515     
   1.72289845164411     
   1.75239173019147     
   1.78230366692963     
   1.81263626804646     
   1.84339478915190     
   1.87458407272896     
   1.90620749923950     
   1.93826960892303     
   1.97077672963920     
   2.00372989219686     
   2.03717205384583     
   2.07106336631080     
   2.10539957321338     
   2.14021914193814     
   2.17549267405694     
   2.21123138355974     
   2.24745676739237     
   2.28414866988800     
   2.32132115022630     
   2.35898495378235     
   2.39712920672061     
   2.43576665876045     
   2.47490474960998     
   2.51453601668356     
   2.55467280676489     
   2.59532098954294     
   2.63647465142245     
   2.67814590331918     
   2.72033894568769     
   2.76304943296457     
   2.80628460048265     
   2.85005172489768     
   2.89434707999544     
   2.93917709533032     
   2.98455093133405     
   3.02481900858282     
   3.06304090620211     
   3.10158383876670     
   3.14044900225250     
   3.17963735603356     
   3.21980179389819     
   3.26859395266253     
   3.31800340545327     
   3.36797664228643     
   3.41850392723315     
   3.46960686368206     
   3.52128755349560     
   3.57353757517307     
   3.62637081231078     
   3.67979600066577     
   3.73380439131176     
   3.78840605887678     
   3.84361115342831     
   3.89941462609250     
   3.95582215650933     
   4.01284399891593     
   4.07047947750628     
   4.12872939954376     
   4.18760639673300     
   4.24710994033021     
   4.30724245737796     
   4.36801301310224     
   4.42942570038662     
   4.49148087992013     
   4.55418667248968     
   4.61754815382015     
   4.68156837668015     
   4.74625172577078     
   4.81160406880880     
   4.87762796074597     
   4.94432793368100     
   5.01170980014105     
   5.07977651146243     
   5.14853233171688     
   5.21798216752654     
   5.28812975521065     
   5.35897956828319     
   5.43053617178391     
   5.50280383137446     
   5.57578616550519     
   5.64948884491129     
   5.72391607821761     
   5.79907139585220     
   5.87496192728335     
   5.95159202996480     
   6.02896555716130     
   6.10708474456912     
   6.18595816203569     
   6.26559265233379     
   6.34605222703996     
   6.42720803453190     
   6.50914760035026     
   6.59190083072184     
   6.67544816103478     
   6.75972067814614     
   6.84480910483539     
   6.93072526391617     
   7.01742780442767     
   7.10489270037908     
   7.19319639366692     
   7.28233456513027     
   7.37226760406877     
   7.46299662625798     
   7.55458261941047     
   7.64700997129867     
   7.74025053972771     
   7.83431541038097     
   7.92925287534247     
   8.02504262310303     
   8.12166706123135     
   8.21914681523751     
   8.31750608071351     
   8.41672938487471     
   8.51680847759076     
   8.61786867511042     
   8.72266290330219     
   8.83186991786789     
   8.93533211079406     
   9.04000609771467     
   9.12976007941103     
   9.21085725014220     
   9.29245390860862     
   9.37455136380527     
   9.47556430821808     
   9.58745760767985     
   9.70321510344613     
   9.81421852298340     
   9.92633732467590     
   10.0416428909668     
   10.1605790644061     
   10.2754115502000     
   10.3911518739921     
   10.5097989648620     
   10.6318614055449     
   10.7508767461564     
   10.8703246188486     
   10.9923088008355     
   11.1174686244637     
   11.2408468098398     
   11.3641656902833     
   11.4895581031889     
   11.6178091275571     
   11.7455472703063     
   11.8729677370829     
   12.0018845222488     
   12.1332915496275     
   12.2653052814099     
   12.3970432690294     
   12.5295387052526     
   12.6643735606264     
   12.8003544149051     
   12.9365116511469     
   13.0731425881422     
   13.2113119574084     
   13.3512132239750     
   13.4917103207621     
   13.6327540140743     
   13.7745114596582     
   13.9184245984826     
   14.0628481597427     
   14.2084325716893     
   14.3545212743367     
   14.5019823114316     
   14.6507692344825     
   14.8005351025689     
   14.9512075519418     
   15.1026307014288     
   15.2555988122421     
   15.4096130305956     
   15.5647282568467     
   15.7206880518052     
   15.8776874091018     
   16.0361029233699     
   16.1955839017121     
   16.3561406082084     
   16.5175995078261     
   16.6802598911123     
   16.8442266325601     
   17.0093069435372     
   17.1754520170824     
   17.3425786841806     
   17.5109792753862     
   17.6806444854608     
   17.8514509454566     
   18.0233366459744     
   18.1962779032046     
   18.3705234758723     
   18.5460102688917     
   18.7227792525126     
   18.9005550655568     
   19.0791604622212     
   19.2596046921071     
   19.4401876052603     
   19.5828182908922     
   19.7261489953866     
   19.8701815323589     
   20.0149173957565     
   20.1786242544326     
   20.3667034259078     
   20.5561379996872     
   20.7466117398026     
   20.9383217182447     
   21.1310861804379     
   21.3254337136703     
   21.5210444859393     
   21.7181071057063     
   21.9155555401712     
   22.1158286995077     
   22.3148174265929     
   22.5175930040646     
   22.7215065445077     
   22.9366245124654     
   23.1396993224733     
   23.3226306857591     
   23.5442012708667     
   23.7531115890595     
   23.9818806987942     
   24.1913924220210     
   24.3773351738807     
   24.6021874755595     
   24.8197968988576     
   25.0545607502775     
   25.2713094229121     
   25.4732691745495     
   25.6956866698956     
   25.9228348774435     
   26.1579582570577     
   26.3861258481064     
   26.6033828985017     
   26.8276901874005     
   27.0599569522500     
   27.2943360447887     
   27.5354955787672     
   27.7656144425716     
   27.9990257296250     
   28.2350664263091     
   28.4643335793913     
   28.7178035359521     
   28.9628330786006     
   29.2107403430659     
   29.4510631686603     
   29.6651476376186     
   29.9355690021467     
   30.1951824166508     
   30.4585000518003     
   30.6763307183152     
   30.9453435067236     
   31.1972213491157     
   31.4375195063561     
   31.7310932686754     
   32.0094087031257     
   32.1872510106070     
   32.5034262976897     
   32.7466303467608     
   33.0570113003575     
   33.2803486522004     
   33.6080132884431     
   33.7890093860335     
   34.0685447919155     
   34.3788482931642     
   34.7080072697586     
   34.9651421291494     
   35.1565435253714     
   35.4543179060902     
   35.7282689708114     
   36.0655269745824     
   36.3761965549888     
   36.6614043759233     
   36.8516989164917     
   37.1605908548254     
   37.4650298655845     
   37.8028186843145     
   38.1084191986588     
   38.3681768433362     
   38.6016086280804     
   38.8359773762347     
   39.0712847399936     
   39.3075326010033     
   39.5911129755077     
   39.9116676591759     
   40.1987178445745     
   40.4734931206004     
   40.7736110963887     
   41.0496776729665     
   41.4432777242821     
   41.7732803959397     
   42.0873599558143     
   42.3454863026778     
   42.6691319323315     
   42.9662809130466     
   43.3559460512421     
   43.6947331393512     
   44.0475694403248     
   44.2756388000292     
   44.6173344195095     
   44.9441256863173     
   45.3268494217890     
   45.6790169762968     
   46.0509574113855     
   46.2913362018343     
   46.6351428554489     
   46.9816100506337     
   47.3593712603773     
   47.7296134044594     
   48.1017079705007     
   48.3882368040878     
   48.7248010073322     
   49.0810432109154     
   49.4585017905446     
   49.8407636380223     
   50.2179469308976     
   50.5519324510078     
   50.8856577924491     
   51.2469986564305     
   51.6266710543518     
   52.0245203149354     
   52.3989636093870     
   52.7722531341856     
   53.1218417843409     
   53.4834024334527     
   53.8672107401693     
   54.2663700057388     
   54.6647071141995     
   55.0504436768947     
   55.4261408444992     
   55.7950524602837     
   56.1814999312454     
   56.5843954975495     
   56.9955786527283     
   57.3990670434848     
   57.7968937086426     
   58.1845880712849     
   58.5733537283596     
