  8.115512757500502E-002
  3.976196536204628E-002
  4.858458803815211E-007
  4.712704445493660E-007
  1.065803958751298E-007
  2.792598035028113E-006
  1.913581926397893E-006
  8.060547467210262E-006
  1.347069742315776E-004
  1.776242655026280E-004
  4.043424743474940E-005
  3.896584124358054E-004
  1.052475660727238E-004
  6.081542344197981E-004
  4.278828295421771E-004
  5.869711892153857E-004
  6.885781548613284E-004
  6.249468641849423E-004
  5.343673781315536E-004
  2.577021107761565E-004
  3.483517392098959E-004
  5.539341071362757E-004
  6.323867746537975E-004
  5.925003870559062E-004
  5.579892243638345E-004
  5.245417505121984E-004
  4.488923281766468E-004
  5.210441283553311E-004
  6.168701747531829E-004
  6.689799766121852E-004
  6.418362601952061E-004
  5.358478843943507E-004
  5.470979327111965E-004
  5.872508835527652E-004
  6.304287358053455E-004
  6.352860063271363E-004
  5.944856109907077E-004
  5.749122868252356E-004
  6.549898377577806E-004
  6.721902509567347E-004
  6.415089928209476E-004
  6.006648485518717E-004
  6.328534387254140E-004
  6.402774531541983E-004
  6.078856539372522E-004
  6.231006941531443E-004
  6.578449297317947E-004
  6.622791507592600E-004
  6.451202955835864E-004
  6.618080286282379E-004
  6.802367647225767E-004
  6.803473172885883E-004
  6.877965917288152E-004
  6.969612109255170E-004
  6.965907227992310E-004
  7.084636844568376E-004
  7.175281621354079E-004
  7.120591890744922E-004
  6.879899228863064E-004
  6.957177612583401E-004
  6.950335818980858E-004
  7.015214464409844E-004
  7.086392269766518E-004
  7.069928880165624E-004
  7.102052229107530E-004
  7.156430009406393E-004
  7.171007326273541E-004
  7.202710308197813E-004
  7.257030009571594E-004
  7.260753373824091E-004
  7.283742499387883E-004
  7.309131209746102E-004
  7.339755376481340E-004
  7.359898516529007E-004
  7.376180521503039E-004
  7.440852728522578E-004
  7.415864094328895E-004
  7.436250908579830E-004
  7.544938165729114E-004
  7.334531524155217E-004
  7.642440724358014E-004
  7.491338145601129E-004
  7.125285881857403E-004
  7.081528020584789E-004
  7.065256693272134E-004
  7.044508830967346E-004
  7.035901020434185E-004
  7.026529751408380E-004
  7.016303064241540E-004
  7.014116521583774E-004
  6.994209819080050E-004
  7.005622164905467E-004
  6.925104318912438E-004
  7.047777500912339E-004
  6.776242583634059E-004
  7.154337954634963E-004
  6.588783154497759E-004
  6.477487547878731E-004
  6.431615449511021E-004
  6.373639880646977E-004
  6.354525234419010E-004
  6.286264057425034E-004
  6.290598603528934E-004
  6.185130850404685E-004
  6.218074091047676E-004
  6.142306465186768E-004
  5.787237487838389E-004
  5.703328488127682E-004
  5.597904110161299E-004
  5.622346375406216E-004
  5.424200563989886E-004
  5.550394004213452E-004
  5.339969524881915E-004
  5.031270261557594E-004
  5.012231198916200E-004
  4.823693919003204E-004
  4.897437716328934E-004
  4.715984237213172E-004
  4.476020077102543E-004
  4.302952359586843E-004
  4.305775860409058E-004
  4.202248751741937E-004
  3.903670265989941E-004
  3.792870787367149E-004
  3.792140604514481E-004
  3.479958717972994E-004
  3.407318949930434E-004
  3.285720041429627E-004
  3.071165664544805E-004
  2.981314453253323E-004
  2.786794590593808E-004
  2.673314981963683E-004
  2.497980587576939E-004
  2.366408636038387E-004
  2.213048127419344E-004
  2.072520529170245E-004
  1.930459043200133E-004
  1.792581171880856E-004
  1.658169862138538E-004
  1.527868845707594E-004
  1.402452070869410E-004
  1.283808423149321E-004
  1.171174915998426E-004
  1.066768872305122E-004
  9.712870525852963E-005
  8.833509046504689E-005
  8.087921172493246E-005
  7.436132403042833E-005
  6.889214204942630E-005
  6.521845156350398E-005
  6.228934788251391E-005
  5.960639819804948E-005
  5.711556610581960E-005
  5.477121062726866E-005
  5.255664525043254E-005
  5.047423059676375E-005
  4.849591827552965E-005
  4.662426889938573E-005
  4.483853204623624E-005
  4.313075045841279E-005
  4.150697570074370E-005
  3.995149616686205E-005
  3.845459579100604E-005
  3.701992358144557E-005
  3.564138762675777E-005
  3.432507409040913E-005
  3.306093464568207E-005
  3.183618449126180E-005
  3.066570177618259E-005
  2.954285472219576E-005
  2.845451556564753E-005
  2.742247553175306E-005
  2.641906258156913E-005
  2.544068774228914E-005
  2.453000499421755E-005
  2.363046731344112E-005
  2.275914270627865E-005
  2.194893909333063E-005
  2.114582844390236E-005
  2.036802696335256E-005
  1.965155496463403E-005
  1.893414656089853E-005
  1.823420740564445E-005
  1.759373386645592E-005
  1.694662739568831E-005
  1.631810386960433E-005
  1.575531526545222E-005
  1.516432472591483E-005
  1.459798137849376E-005
  1.410747108412165E-005
  1.356581252857173E-005
  1.305573058634067E-005
  1.262825536272332E-005
  1.212908622561417E-005
  1.167204153196967E-005
  1.130376543744853E-005
  1.084165830109635E-005
  1.043060257451434E-005
  1.011550893722820E-005
  9.687173112435283E-006
  9.316138869834179E-006
  9.047016346643569E-006
  8.720266363057561E-006
  8.410548211918356E-006
  8.178688716836737E-006
  7.881565754670727E-006
  7.593705545148194E-006
  7.315754970224985E-006
  7.047821501554412E-006
  6.789656381549821E-006
  6.540665579769289E-006
  6.300736154083394E-006
  6.070011633902050E-006
  5.847575715502356E-006
  5.632699990168589E-006
  5.425903766388231E-006
  5.227113238181711E-006
  5.035142205359324E-006
  4.850024503761285E-006
  4.672095306186234E-006
  4.500212265032388E-006
  4.334447599040744E-006
  4.175507988431230E-006
  4.021934911987726E-006
  3.873158309882843E-006
  3.730873103246449E-006
  3.594170578025560E-006
  3.460995359751361E-006
  3.333512972167977E-006
  3.211950820849071E-006
  3.094004109460553E-006
  2.980076666467576E-006
  2.869705040906940E-006
  2.763402926202301E-006
  2.661604807943376E-006
  2.563239649100701E-006
  2.467951745513344E-006
  2.376693985786759E-006
  2.289150056271394E-006
  2.203919518566389E-006
  2.122122868126658E-006
  2.043992155798010E-006
  1.968429903721856E-006
  1.894461411901692E-006
  1.825020590330060E-006
  1.757743332454855E-006
  1.692256800582429E-006
  1.629471839943343E-006
  1.569243588652070E-006
  1.510615661062774E-006
  1.454104043405867E-006
  1.400400194431730E-006
  1.348583670685502E-006
  1.297697766727387E-006
  1.249281603136279E-006
  1.203513918914409E-006
  1.159128731987981E-006
  1.115306454801997E-006
  1.073786752873998E-006
  1.034395690702808E-006
  9.956119172941694E-007
  9.578295879499380E-007
  9.222911240945682E-007
  8.884856907609969E-007
  8.546342116097670E-007
  8.222724721291761E-007
  7.918452838128115E-007
  7.628219619849866E-007
  7.329851652735978E-007
  7.054558574433096E-007
  6.793262809067682E-007
  6.544424415398884E-007
  6.279781306495838E-007
  6.048934431398802E-007
  5.825393189326623E-007
  5.612294944998368E-007
  5.378511201671633E-007
  5.191090490810584E-007
  4.993056009312802E-007
  4.807136331272749E-007
  4.592642585860640E-007
  4.441991983608270E-007
  4.262881882736089E-007
  4.095061043810751E-007
  3.920436496675801E-007
  3.799773712781888E-007
  3.676221319345307E-007
  3.544745931677469E-007
  3.387628479420934E-007
  3.255162137913920E-007
  3.136097323405145E-007
  3.021378076967092E-007
  2.891424750171356E-007
  2.777305183171192E-007
  2.673703253217731E-007
  2.574238448360995E-007
  2.466581653007619E-007
  2.368355996142966E-007
  2.278383565853629E-007
  2.192497959261126E-007
  2.102876293236102E-007
  2.018595671354951E-007
  1.940809178356258E-007
  1.866832017129853E-007
  1.791818051064262E-007
  1.719764627429974E-007
  1.652643052810928E-007
  1.589150204973983E-007
  1.525996853785374E-007
  1.464642985951365E-007
  1.406878654342885E-007
  1.352750862046352E-007
  1.300757446504417E-007
  1.248710564746382E-007
  1.198085354791338E-007
  1.151461621558801E-007
  1.107233181797492E-007
  1.062819305820087E-007
  1.020160558622276E-007
  9.796190285475510E-008
  9.415674236997631E-008
  9.040246669331610E-008
  8.675614091363077E-008
  8.325933029248278E-008
  7.998048953903373E-008
  7.681697283337599E-008
  7.372100633706653E-008
  7.073402405289427E-008
  6.789934618746782E-008
  6.522393198563347E-008
  6.260405299822314E-008
  6.007149881103989E-008
  5.763538586373419E-008
  5.530458081884834E-008
  5.310313721983019E-008
  5.094830248447736E-008
  4.886585167805501E-008
  4.687777208644845E-008
  4.497756181046664E-008
  4.319064341617329E-008
  4.140299293499914E-008
  3.969724627487966E-008
  3.808535162941549E-008
  3.653757833454001E-008
  3.509788529870030E-008
  3.360050385690440E-008
  3.220980402448542E-008
  3.090563665355974E-008
  2.964451889139201E-008
  2.849199839062595E-008
  2.722870362019350E-008
  2.610217229518480E-008
  2.505379682928786E-008
  2.402777986787465E-008
  2.310913228578307E-008
  2.203411811916825E-008
  2.112775450200786E-008
  2.028541911415767E-008
  1.946136286014769E-008
  1.873536283987477E-008
  1.804411689337876E-008
  1.729612063687164E-008
  1.658579885681248E-008
  1.581087995891691E-008
  1.512012601244379E-008
  1.458080575279651E-008
  1.397233913019747E-008
  1.340516947427742E-008
  1.275387435159408E-008
  1.217056556360542E-008
  1.176696747416579E-008
  1.126721666069299E-008
  1.083342757630467E-008
  1.027385572842313E-008
  9.766486422001796E-009
  9.484877827377241E-009
  9.067870878030995E-009
  8.728084487875123E-009
  8.278808985358653E-009
  7.865737992708687E-009
  7.613712087767204E-009
  7.295729773907370E-009
  7.018043552522021E-009
  6.667925381090634E-009
  6.338670753136807E-009
  6.093858984236984E-009
  5.850332073441177E-009
  5.626795849198610E-009
  5.370613269666661E-009
  5.104036303155035E-009
  4.880800568781296E-009
  4.678615516894156E-009
  4.500763037509059E-009
  4.319375769637371E-009
  4.101840200766527E-009
  3.907983680320299E-009
  3.739280930703744E-009
  3.589354260047254E-009
  3.460952282609447E-009
  3.296568865546046E-009
  3.121891086041828E-009
  2.981550227611259E-009
  2.856345647147234E-009
  2.764420820503448E-009
  2.640041103500640E-009
  2.514911878901859E-009
  2.355895015744169E-009
  2.287043857074815E-009
  2.193356638296511E-009
  2.103400202215809E-009
  2.010239191324603E-009
  1.904745522323599E-009
  1.780178430272135E-009
  1.750140705832848E-009
  1.668817139832337E-009
  1.614871694191461E-009
  1.505720351881763E-009
  1.439602623839540E-009
  1.359737121588670E-009
  1.320300563046048E-009
  1.277668335149105E-009
  1.219639402893356E-009
  1.143747050655621E-009
  1.067815764776744E-009
  1.049512159351798E-009
  9.953254661137359E-010
  9.666193441689893E-010
  9.147202198388499E-010
  8.655678829189546E-010
  8.105415495057951E-010
  7.929095693979405E-010
  7.498130603175285E-010
  7.256707763924017E-010
  6.877211046076260E-010
  6.522527031807988E-010
  6.170917406153679E-010
  5.953971770085116E-010
  5.618697288852328E-010
  5.439813144629910E-010
  5.163462172451700E-010
  4.925160773357403E-010
  4.663867573115851E-010
  4.517207648757547E-010
  4.246313848299767E-010
  4.096715856245242E-010
  3.847997759852380E-010
  3.692144582248488E-010
  3.491834487679470E-010
  3.401929718555487E-010
  3.182023668510904E-010
  3.021783473178094E-010
  2.847078226653050E-010
  2.750529041080555E-010
  2.607367670007551E-010
  2.550979315338243E-010
  2.376387622306812E-010
  2.215444805710523E-010
  2.084639817116231E-010
  2.022862889400199E-010
  1.946641817359215E-010
  1.908406289184756E-010
  1.771255715127172E-010
  1.613411329401592E-010
  1.504277934826267E-010
  1.461244896219021E-010
  1.439493220225426E-010
  1.428491973426771E-010
  1.328057443711047E-010
  1.175127134461796E-010
  1.068323884765979E-010
  1.028816015215040E-010
  1.033346376853795E-010
  1.063655094614071E-010
  1.014306116332297E-010
  8.635512136401810E-011
  7.395118575674229E-011
  7.013936235023185E-011
  7.015206638051369E-011
  7.599927130290952E-011
  7.959469326371860E-011
  6.621872799983709E-011
  5.095717336461178E-011
  4.432693651134805E-011
  4.629035965370046E-011
  4.642305918188568E-011
  6.099233685364148E-011
  5.701548905791427E-011
  3.536947789623630E-011
  2.647524176806598E-011
  2.429688806594166E-011
  3.112292763137825E-011
  2.744965309203168E-011
  5.699402162488186E-011
  3.155049034331406E-011
  1.221703132183057E-011
  1.134186890094324E-011
  1.012123932823217E-011
  2.101082596908526E-011
  8.569255070949238E-012
  6.245792415416911E-011
