  1.000000000000000E-006
  1.002453651521345E-006
  1.039258424341527E-006
  1.198745773228983E-006
  1.628134789464440E-006
  2.533532200840919E-006
  4.179932371663731E-006
  6.891217302750474E-006
  1.105015663143105E-005
  1.709840763154764E-005
  2.553651521345470E-005
  3.692391192401904E-005
  5.187891794661969E-005
  7.107874110114801E-005
  9.525947684400759E-005
  1.252161082681145E-004
  1.618025061028968E-004
  2.059314287142951E-004
  2.585745221047622E-004
  3.207623199132631E-004
  3.935842434152752E-004
  4.781886015227887E-004
  5.757825907843048E-004
  6.876322953848378E-004
  8.150626871459151E-004
  9.594576255255746E-004
  1.122259857618368E-003
  1.304971018155358E-003
  1.509151629504121E-003
  1.736421101668746E-003
  1.988457732289832E-003
  2.266998706644491E-003
  2.573840097646348E-003
  2.910836865845542E-003
  3.279902859428721E-003
  3.683010814219047E-003
  4.122192353676196E-003
  4.599537988896349E-003
  5.117197118612209E-003
  5.677378029192988E-003
  6.282347894644403E-003
  6.934432776608697E-003
  7.636017624364618E-003
  8.389546274827419E-003
  9.197521452548875E-003
  1.006250476971727E-002
  1.098711672615740E-002
  1.197403670933059E-002
  1.302600299433464E-002
  1.414581274390390E-002
  1.533632200840919E-002
  1.660044572585790E-002
  1.794115772189389E-002
  1.936149070979754E-002
  2.086453629048573E-002
  2.245344495251191E-002
  2.413142607206594E-002
  2.590174791297431E-002
  2.776773762669995E-002
  2.973278125234227E-002
  3.180032371663730E-002
  3.397386883395749E-002
  3.625697930631186E-002
  3.865327672334586E-002
  4.116644156234157E-002
  4.380021318821751E-002
  4.655838985352867E-002
  4.944482869846668E-002
  5.246344575085953E-002
  5.561821592617187E-002
  5.891317302750475E-002
  6.235240974559579E-002
  6.594007765881914E-002
  6.968038723318530E-002
  7.357760782234159E-002
  7.763606766757152E-002
  8.186015389779534E-002
  8.625431252956972E-002
  9.082304846708780E-002
  9.557092550217934E-002
  0.100502566314310     
  0.105622652470584     
  0.110935924425739     
  0.116447181522152     
  0.122161281989834     
  0.128083142946434     
  0.134217740397239     
  0.140570109235168     
  0.147145343240782     
  0.153948595082274     
  0.160985076315476     
  0.168260057383856     
  0.175778867618518     
  0.183546895238204     
  0.191569587349289     
  0.199852449945789     
  0.208401047909354     
  0.217221005009271     
  0.226318003902462     
  0.235697786133489     
  0.245366152134547     
  0.255328961225470     
  0.265592131613726     
  0.276161640394423     
  0.287043523550302     
  0.298243875951743     
  0.309768851356761     
  0.321624662411007     
  0.333817580647772     
  0.346353936487979     
  0.359240119240191     
  0.372482577100604     
  0.386087817153055     
  0.400062405369014     
  0.414412966607589     
  0.429146184615524     
  0.444268802027199     
  0.459787620364632     
  0.475709500037476     
  0.492041360343022     
  0.508790179466197     
  0.525962994479563     
  0.543566901343320     
  0.561609054905305     
  0.580096668900990     
  0.599037015953484     
  0.618437427573534     
  0.638305294159521     
  0.658648064997465     
  0.679473248261021     
  0.700788411011480     
  0.722601179197771     
  0.744919237656459     
  0.767750330111745     
  0.791102259175467     
  0.814982886347099     
  0.839400132013753     
  0.864361975450175     
  0.889876454818750     
  0.915951667169498     
  0.942595768440076     
  0.969816973455778     
  0.997623555929533     
   1.02602384846191     
   1.05502624254111     
   1.08463918854297     
   1.11487119573096     
   1.14573083225622     
   1.17722672515747     
   1.20936756036110     
   1.24216208268114     
   1.27561909581925     
   1.30974746236473     
   1.34455610379449     
   1.38005400047312     
   1.41625019165281     
   1.45315377547340     
   1.49077390896239     
   1.52911980803487     
   1.56820074749360     
   1.60802606102897     
   1.64860514121900     
   1.68994743952934     
   1.73206246631331     
   1.77495979081183     
   1.81864904115346     
   1.86313990435443     
   1.90844212631856     
   1.95456551183734     
   2.00151992458989     
   2.04931528714295     
   2.09796158095092     
   2.14746884635582     
   2.19784718258731     
   2.24910674776269     
   2.30125775888690     
   2.35431049185251     
   2.40827528143972     
   2.46316252131639     
   2.51898266403798     
   2.57574622104762     
   2.63346376267606     
   2.69214591814170     
   2.75180337555056     
   2.81244688189630     
   2.87408724306022     
   2.93673532381126     
   3.00040204780599     
   3.06509839758863     
   3.13083541459102     
   3.19762419913263     
   3.26547591042060     
   3.33440176654967     
   3.40441304450224     
   3.47552108014833     
   3.54773726824562     
   3.62107306243940     
   3.69553997526261     
   3.77114957813582     
   3.84791350136726     
   3.92584343415275     
   4.00495112457580     
   4.08524837960752     
   4.16674706510666     
   4.24945910581962     
   4.33339648538044     
   4.41857124631077     
   4.50499549001992     
   4.59268137680484     
   4.68164112585008     
   4.77188701522788     
   4.86343138189808     
   4.95628662170817     
   5.05046518939326     
   5.14597959857612     
   5.24284242176714     
   5.34106629036435     
   5.44066389465342     
   5.54164798380766     
   5.64403136588801     
   5.74782690784305     
   5.85304753550898     
   5.95970623360967     
   6.06781604575659     
   6.17739007444888     
   6.28844148107330     
   6.40098348590423     
   6.51502936810371     
   6.63059246572142     
   6.74768617569466     
   6.86632395384838     
   6.98651931489514     
   7.10828583243519     
   7.23163713895634     
   7.35658692583411     
   7.48314894333162     
   7.61133700059962     
   7.74116496567652     
   7.87264676548836     
   8.00579638584880     
   8.14062787145915     
   8.27715532590836     
   8.41539291167300     
   8.55535485011731     
   8.69705542149312     
   8.84050896493993     
   8.98572987848488     
   9.13273261904271     
   9.28153170241584     
   9.43214170329429     
   9.58457725525574     
   9.73885305076551     
   9.89498384117654     
   10.0529844367294     
   10.2128697065523     
   10.3746545786612     
   10.5383540399594     
   10.7039831362382     
   10.8715569721763     
   11.0410907113401     
   11.2125995761837     
   11.3860988480486     
   11.5616038671643     
   11.7391300326477     
   11.9186928025033     
   12.1003076936235     
   12.2839902817879     
   12.4697562016642     
   12.6576211468075     
   12.8476008696605     
   13.0397111815536     
   13.2339679527049     
   13.4303871122200     
   13.6289846480924     
   13.8297766072028     
   14.0327790953199     
   14.2380082771000     
   14.4454803760868     
   14.6552116747120     
   14.8672185142945     
   15.0815172950412     
   15.2981244760465     
   15.5170565752924     
   15.7383301696487     
   15.9619618948725     
   16.1879684456089     
   16.4163665753905     
   16.6471730966375     
   16.8804048806577     
   17.1160788576466     
   17.3542120166875     
   17.5948214057509     
   17.8379241316954     
   18.0835373602671     
   18.3316783160994     
   18.5823642827139     
   18.8356126025194     
   19.0914406768126     
   19.3498659657776     
   19.6109059884864     
   19.8745783228983     
   20.1409006058606     
   20.4098905331081     
   20.6815658592631     
   20.9559443978356     
   21.2330440212234     
   21.5128826607118     
   21.7954783064738     
   22.0808490075698     
   22.3690128719483     
   22.6599880664449     
   22.9537928167833     
   23.2504454075745     
   23.5499641823173     
   23.8523675433982     
   24.1576739520912     
   24.4659019285579     
   24.7770700518477     
   25.0911969598976     
   25.4083013495321     
   25.7284019764635     
   26.0515176552916     
   26.3776672595039     
   26.7068697214757     
   27.0391440324695     
   27.3745092426359     
   27.7129844610130     
   28.0545888555263     
   28.3993416529892     
   28.7472621391027     
   29.0983696584554     
   29.4526836145235     
   29.8102234696708     
   30.1710087451489     
   30.5350590210970     
   30.9023939365417     
   31.2730331893975     
   31.6469965364664     
   32.0243037934382     
   32.4049748348902     
   32.7890295942872     
   33.1764880639820     
   33.5673702952147     
   33.9616963981132     
   34.3594865416931     
   34.7607609538574     
   35.1655399213970     
   35.5738437899902     
   35.9856929642031     
   36.4011079074894     
   36.8201091421905     
   37.2427172495352     
   37.6689528696402     
   38.0988367015097     
   38.5323895030356     
   38.9696320909974     
   39.4105853410622     
   39.8552701877848     
   40.3037076246077     
   40.7559187038608     
   41.2119245367619     
   41.6717462934164     
   42.1354052028170     
   42.6029225528446     
   43.0743196902672     
   43.5496180207408     
   44.0288390088089     
   44.5120041779026     
   44.9991351103407     
   45.4902534473297     
   45.9853808889635     
   46.4845391942239     
   46.9877501809802     
   47.4950357259893     
   48.0064177648959     
   48.5219182922322     
   49.0415593614181     
   49.5653630847610     
   50.0933516334563     
   50.6255472375865     
   51.1619721861221     
   51.7026488269212     
   52.2475995667295     
   52.7968468711804     
   53.3504132647947     
   53.9083213309811     
   54.4705937120358     
   55.0372531091427     
   55.6083222823733     
   56.1838240506868     
   56.7637812919299     
   57.3482169428371     
   57.9371539990304     
   58.5306155150195     
   59.1286246042017     
   59.7312044388621     
   60.3383782501732     
   60.9501693281952     
   61.5666010218761     
   62.1876967390513     
   62.8134799464441     
   63.4439741696650     
   64.0792029932128     
   64.7191900604733     
   65.3639590737203     
   66.0135337941150     
   66.6679380417065     
   67.3271956954315     
   67.9913306931139     
   68.6603670314660     
   69.3343287660870     
   70.0132400114641     
   70.6971249409723     
   71.3860077868738     
   72.0799128403187     
   72.7788644513448     
   73.4828870288774     
   74.1920050407294     
   74.9062430136014     
   75.6256255330817     
   76.3501772436461     
   77.0799228486583     
   77.8148871103693     
   78.5550948499180     
   79.3005709473307     
   80.0513403415215     
   80.8074280302922     
   81.5688590703319     
   82.3356585772179     
   83.1078517254145     
   83.8854637482742     
   84.6685199380367     
   85.4570456458296     
   86.2510662816680     
   87.0506073144547     
   87.8556942719803     
   88.6663527409226     
   89.4826083668475     
   90.3044868542082     
   91.1320139663457     
   91.9652155254888     
   92.8041174127534     
   93.6487455681437     
   94.4991259905511     
   95.3552847377547     
   96.2172479264214     
   97.0850417321055     
   97.9586923892492     
   98.8382261911821     
   99.7236694901217     
   100.615048697173     
   101.512390282328     
   102.415720774468     
   103.325066761360     
   104.240454889659     
   105.161911864910     
   106.089464451543     
   107.023139472876     
   107.962963811115     
   108.908964407354     
   109.861168261574     
   110.819602432645     
   111.784294038322     
   112.755270255251     
   113.732558318963     
   114.716185523877     
   115.706179223301     
   116.702566829430     
   117.705375813346     
   118.714633705018     
   119.730368093306     
   120.752606625953     
   121.781377009594     
   122.816707009748     
   123.858624450824     
   124.907157216118     
   125.962333247814     
   127.024180546982     
   128.092727173581     
   129.168001246458     
   130.250030943346     
   131.338844500869     
   132.434470214534     
   133.536936438739     
   134.646271586768     
   135.762504130794     
   136.885662601877     
   138.015775589964     
   139.152871743890     
   140.296979771378     
   141.448128439039     
   142.606346572370     
   143.771663055758     
   144.944106832475     
   146.123706904683     
   147.310492333431     
   148.504492238653     
   149.705735799175     
   150.914252252709     
   152.130070895852     
   153.353221084092     
   154.583732231803     
   155.821633812248     
   157.066955357576     
   158.319726458825     
   159.579976765919     
   160.847735987671     
   162.123033891781     
   163.405900304838     
   164.696365112316     
   165.994458258579     
   167.300209746878     
   168.613649639351     
   169.934808057025     
   171.263715179812     
   172.600401246514     
   173.944896554821     
   175.297231461309     
   176.657436381442     
   178.025541789572     
   179.401578218939     
   180.785576261669     
   182.177566568778     
   183.577579850168     
   184.985646874629     
   186.401798469839     
   187.826065522363     
   189.258478977655     
   190.699069840053     
   192.147869172788     
   193.604908097975     
   195.070217796618     
   196.543829508607     
   198.025774532721     
   199.516084226627     
   201.014790006880     
   202.521923348920     
   204.037515787076     
   205.561598914567     
   207.094204383497     
   208.635363904857     
   210.185109248529     
   211.743472243278     
   213.310484776761     
   214.886178795521     
   216.470586304987     
   218.063739369478     
   219.665670112199     
   221.276410715245     
   222.895993419595     
   224.524450525119     
   226.161814390573     
   227.808117433600     
   229.463392130732     
   231.127671017390     
   232.800986687878     
   234.483371795391     
   236.174859052013     
   237.875481228712     
   239.585271155346     
   241.304261720659     
   243.032485872286     
   244.769976616744     
   246.516767019444     
   248.272890204679     
   250.038379355634     
   251.813267714379     
   253.597588581872     
   255.391375317960     
   257.194661341377     
   259.007480129743     
   260.829865219568     
   262.661850206248     
   264.503468744068     
   266.354754546200     
   268.215741384702     
   270.086463090523     
   271.966953553497     
   273.857246722346     
   275.757376604681     
   277.667377266999     
   279.587282834686     
   281.517127492015     
   283.456945482146     
   285.406771107127     
   287.366638727895     
   289.336582764273     
   291.316637694972     
   293.306838057591     
   295.307218448617     
   297.317813523423     
   299.338657996271     
   301.369786640311     
   303.411234287580     
   305.463035829002     
   307.525226214389     
   309.597840452442     
   311.680913610748     
   313.774480815782     
   315.878577252907     
   317.993238166373     
   320.118498859319     
   322.254394693770     
   324.400961090640     
   326.558233529729     
   328.726247549727     
   330.905038748209     
   333.094642781639     
   335.295095365370     
   337.506432273640     
   339.728689339575     
   341.961902455191     
   344.206107571389     
   346.461340697960     
   348.727637903580     
   351.005035315815     
   353.293569121118     
   355.593275564827     
   357.904190951172     
   360.226351643268     
   362.559794063119     
   364.904554691614     
   367.260670068532     
   369.628176792540     
   372.007111521192     
   374.397510970928     
   376.799411917077     
   379.212851193857     
   381.637865694371     
   384.074492370612     
   386.522768233459     
   388.982730352679     
   391.454415856927     
   393.937861933745     
   396.433105829564     
   398.940184849701     
   401.459136358362     
   403.989997778639     
   406.532806592514     
   409.087600340854     
   411.654416623416     
   414.233293098843     
   416.824267484665     
   419.427377557303     
   422.042661152063     
   424.670156163138     
   427.309900543610     
   429.961932305449     
   432.626289519512     
   435.303010315543     
   437.992132882175     
   440.693695466927     
   443.407736376207     
   446.134293975311     
   448.873406688421     
   451.625112998607     
   454.389451447828     
   457.166460636929     
   459.956179225644     
   462.758645932594     
   465.573899535287     
   468.401978870119     
   471.242922832376     
   474.096770376227     
   476.963560514733     
   479.843332319841     
   482.736124922383     
   485.641977512084     
   488.560929337551     
   491.493019706284     
   494.438287984667     
   497.396773597972     
   500.368516030360     
   503.353554824878     
   506.351929583463     
   509.363679966937     
   512.388845695011     
   515.427466546284     
   518.479582358242     
   521.545233027259     
   524.624458508595     
   527.717298816401     
   530.823794023712     
   533.943984262453     
   537.077909723435     
   540.225610656359     
   543.387127369812     
   546.562500231268     
   549.751769667090     
   552.954976162527     
   556.172160261719     
   559.403362567689     
   562.648623742352     
   565.907984506507     
   569.181485639843     
   572.469167980936     
   575.771072427250     
   579.087239935135     
   582.417711519831     
   585.762528255464     
   589.121731275048     
   592.495361770484     
   595.883460992563     
   599.286070250961     
   602.703230914243     
   606.134984409861     
   609.581372224155     
   613.042435902353     
   616.518217048569     
   620.008757325808     
   623.514098455958     
   627.034282219799     
   630.569350456995     
   634.119345066101     
   637.684308004557     
   641.264281288692     
   644.859306993723     
   648.469427253753     
   652.094684261773     
   655.735120269664     
   659.390777588191     
   663.061698587010     
   666.747925694662     
   670.449501398577     
   674.166468245073     
   677.898868839354     
   681.646745845513     
   685.410141986531     
   689.189100044276     
   692.983662859502     
   696.793873331853     
   700.619774419861     
   704.461409140943     
   708.318820571405     
   712.192051846442     
   716.081146160135     
   719.986146765452     
   723.907096974251     
   727.844040157275     
   731.797019744157     
   735.766079223416     
   739.751262142459     
   743.752612107582     
   747.770172783966     
   751.803987895683     
   755.854101225688     
   759.920556615829     
   764.003397966837     
   768.102669238334     
   772.218414448829     
   776.350677675715     
   780.499503055279     
   784.664934782689     
   788.847017112007     
   793.045794356177     
   797.261310887034     
   801.493611135300     
   805.742739590584     
   810.008740801383     
   814.291659375082     
   818.591539977954     
   822.908427335157     
   827.242366230740     
   831.593401507637     
   835.961578067673     
   840.346940871556     
   844.749534938886     
   849.169405348148     
   853.606597236715     
   858.061155800848     
   862.533126295697     
   867.022554035297     
   871.529484392573     
   876.053962799334     
   880.596034746283     
   885.155745783004     
   889.733141517973     
   894.328267618551     
   898.941169810988     
   903.571893880422     
   908.220485670878     
   912.886991085268     
   917.571456085393     
   922.273926691940     
   926.994448984486     
   931.733069101492     
   936.489833240311     
   941.264787657181     
   946.057978667227     
   950.869452644464     
   955.699256021793     
   960.547435291003     
   965.414037002771     
   970.299107766660     
   975.202694251123     
   980.124843183500     
   985.065601350018     
   990.025015595790     
   995.003132824821     
   1000.00000000000     
