  1.013724268651051E-006
  1.013724268846938E-006
  1.013724271785746E-006
  1.013724284520280E-006
  1.013724318805761E-006
  1.013724391099366E-006
  1.013724522559760E-006
  1.013724739048324E-006
  1.013725071127994E-006
  1.013725554063961E-006
  1.013726227823308E-006
  1.013727137075192E-006
  1.013728331190741E-006
  1.013729864243056E-006
  1.013731795007251E-006
  1.013734186960658E-006
  1.013737108282414E-006
  1.013740631853646E-006
  1.013744835257596E-006
  1.013749800779523E-006
  1.013755615406405E-006
  1.013762370827664E-006
  1.013770163434457E-006
  1.013779094319976E-006
  1.013789269279355E-006
  1.013800798809711E-006
  1.013813798110296E-006
  1.013828387082156E-006
  1.013844690328447E-006
  1.013862837154093E-006
  1.013882961566048E-006
  1.013905202273396E-006
  1.013929702686815E-006
  1.013956610919054E-006
  1.013986079784814E-006
  1.014018266800680E-006
  1.014053334184963E-006
  1.014091448857937E-006
  1.014132782441625E-006
  1.014177511260080E-006
  1.014225816338802E-006
  1.014277883405319E-006
  1.014333902888921E-006
  1.014394069920098E-006
  7.107927896468570E-005
  4.872220572724397E-004
  9.594557105547736E-004
  1.509146453776849E-003
  1.988452754289151E-003
  2.573839623365496E-003
  3.200350193314446E-003
  3.683017211110709E-003
  4.548227463621678E-003
  5.117197313073257E-003
  5.850442433134801E-003
  6.818364785676596E-003
  7.636015005881533E-003
  8.389546111433641E-003
  9.393627089603561E-003
  1.090966498771839E-002
  1.197403653613128E-002
  1.356755679501303E-002
  1.526040653104810E-002
  1.660044493490137E-002
  1.823314252855659E-002
  2.010903333062873E-002
  2.213757735613998E-002
  2.413142656723726E-002
  2.590174701712684E-002
  2.792028675810165E-002
  3.053504754687913E-002
  3.322677668568387E-002
  3.611208751702728E-002
  3.865327708664257E-002
  4.124481188965828E-002
  4.443765056604011E-002
  4.777333016409552E-002
  5.118009047076666E-002
  5.472737568932009E-002
  5.869239932967900E-002
  6.235241185736121E-002
  6.608991183563884E-002
  7.037299764833278E-002
  7.494892228825333E-002
  7.978366600856276E-002
  8.466305651521597E-002
  8.970086504062373E-002
  9.509067247705180E-002
  0.100502562503867     
  0.105622657062042     
  0.111456300024935     
  0.117718152352368     
  0.124184458123796     
  0.130789522271498     
  0.137757774413915     
  0.145171040327446     
  0.152629654478111     
  0.160370116388517     
  0.168260048690577     
  0.175778870629394     
  0.183706392857360     
  0.192842673331813     
  0.202052935042246     
  0.211443937124400     
  0.221128310332443     
  0.231115318215829     
  0.241307699399567     
  0.251887056224676     
  0.263128973926907     
  0.274723841716319     
  0.286371873598414     
  0.298243876053608     
  0.309768847713802     
  0.321781687909261     
  0.335076429569537     
  0.348541356630099     
  0.362393836902586     
  0.376606592156934     
  0.391052172724445     
  0.406101134243198     
  0.421690940678490     
  0.437490134611860     
  0.453698048152497     
  0.470285884289164     
  0.487288011297810     
  0.504912233727190     
  0.522984973738479     
  0.541434930352163     
  0.560253097056741     
  0.579508033551519     
  0.599037015405377     
  0.618437426961153     
  0.638528618721193     
  0.659669190510453     
  0.681450392033097     
  0.703768242531729     
  0.726524606108871     
  0.749764346753289     
  0.773482995087594     
  0.797848323294974     
  0.822796682899262     
  0.848253387141905     
  0.874198434572380     
  0.900691022351472     
  0.927835552224496     
  0.955574356080839     
  0.983862387001585     
   1.01270786972916     
   1.04221321846310     
   1.07238698351662     
   1.10313463816732     
   1.13446391364955     
   1.16643891916828     
   1.19913719648874     
   1.23249615586371     
   1.26644824363662     
   1.30105415670753     
   1.33638272716699     
   1.37243320248414     
   1.40913933630698     
   1.44651909142289     
   1.48464270623474     
   1.52353410205195     
   1.56314893202810     
   1.60347447126664     
   1.64455488685190     
   1.68643705353078     
   1.72908206898017     
   1.77248319911754     
   1.81666699039677     
   1.86167390204863     
   1.90748860704238     
   1.95409940726380     
   2.00151991898278     
   2.04931528150792     
   2.09796158199721     
   2.14746884189554     
   2.19784718432830     
   2.24910675090230     
   2.30125776346575     
   2.35431049268618     
   2.40827528785812     
   2.46316252624087     
   2.51918956537993     
   2.57632605453116     
   2.63441691681763     
   2.69347370764056     
   2.75350099566440     
   2.81450662207027     
   2.87649370989910     
   2.93948541844702     
   3.00349261757826     
   3.06852124661402     
   3.13457531202340     
   3.20167627997271     
   3.26983345799367     
   3.33905594867533     
   3.40935100010526     
   3.48073583611174     
   3.55322307011545     
   3.62682163531427     
   3.70153615393218     
   3.77738461158013     
   3.85438097638494     
   3.93253172853649     
   4.01184384994994     
   4.09233703420402     
   4.17402321336964     
   4.25690868607475     
   4.34100551588077     
   4.42633451457715     
   4.51290054125320     
   4.60071119713142     
   4.68978167088378     
   4.78013227702378     
   4.87176854572609     
   4.96469976326584     
   5.05893906422480     
   5.15450678348220     
   5.25141230747801     
   5.34968118654273     
   5.44928680328138     
   5.55026840721083     
   5.65263531453066     
   5.75640908566979     
   5.86157251225045     
   5.96816185298823     
   6.07618693663608     
   6.18566592336228     
   6.29658874562810     
   6.40899061479204     
   6.52288459400842     
   6.63827864820160     
   6.75516706905378     
   6.87358359194823     
   6.99354421807808     
   7.11505767073241     
   7.23812101218056     
   7.36276472476397     
   7.48900354422982     
   7.61684641797161     
   7.74629511718117     
   7.87737826667103     
   8.01011012006750     
   8.14450087400323     
   8.28055453725251     
   8.41829660721412     
   8.55774184181997     
   8.69890162661009     
   8.84178172500491     
   8.98640549905808     
   9.13278829043342     
   9.28153170772762     
   9.43214170904828     
   9.58457725965511     
   9.73885305477749     
   9.89498384654023     
   10.0529844405156     
   10.2128697028387     
   10.3746545780181     
   10.5383540413401     
   10.7039831321182     
   10.8715569694086     
   11.0410907078858     
   11.2125995689474     
   11.3860988480990     
   11.5610500559972     
   11.7375862326213     
   11.9161247049591     
   12.0966803868224     
   12.2792662967388     
   12.4639030521755     
   12.6506034480165     
   12.8393824400656     
   13.0302534343492     
   13.2232363083427     
   13.4183440535193     
   13.6155928287457     
   13.8149959813130     
   14.0165729624861     
   14.2203377148965     
   14.4263040344865     
   14.6344866825712     
   14.8449046395166     
   15.0575737941077     
   15.2725090492357     
   15.4897241998807     
   15.7092376181620     
   15.9310657632276     
   16.1552238210687     
   16.3817265287338     
   16.6105915403672     
   16.8418353132102     
   17.0754740682908     
   17.3115218684518     
   17.5499965186828     
   17.7909155055494     
   18.0342935065128     
   18.2801478810012     
   18.5285120334707     
   18.7793688782337     
   19.0327543980426     
   19.2886853965361     
   19.5471883480957     
   19.8082576878677     
   20.0719185645054     
   20.3381927649184     
   20.6071041395115     
   20.8786562408601     
   21.1528656226145     
   21.4297553292098     
   21.7093486483161     
   21.9916557423996     
   22.2766899861752     
   22.5644722235930     
   22.8550256568696     
   23.1483657841359     
   23.4445049112467     
   23.7434608581923     
   24.0452561234748     
   24.3499087035718     
   24.6574330499100     
   24.9678456292063     
   25.2811676457555     
   25.5974182412036     
   25.9166138850612     
   26.2387711686095     
   26.5639091466448     
   26.8920479971125     
   27.2232054512391     
   27.5573988328383     
   27.8946458588329     
   28.2349664680464     
   28.5783796883101     
   28.9249035755499     
   29.2745557398015     
   29.6273556126903     
   29.9833221170333     
   30.3424743939935     
   30.7048307553670     
   31.0704097475059     
   31.4392305678727     
   31.8113129189978     
   32.1866754026291     
   32.5653366695296     
   32.9473161016394     
   33.3326335779833     
   33.7213073962475     
   34.1133572653783     
   34.5088021769245     
   34.9076617513988     
   35.3099568203975     
   35.7157058216519     
   36.1249282090565     
   36.5376449835359     
   36.9538775659405     
   37.3736439752450     
   37.7969639345468     
   38.2238569429266     
   38.6543454426362     
   39.0884495887082     
   39.5261874657162     
   39.9675789112121     
   40.4126459204543     
   40.8614097285834     
   41.3138899217237     
   41.7701053912161     
   42.2300768030970     
   42.6938255130396     
   43.1613712046197     
   43.6327361960450     
   44.1079394547848     
   44.5870030883184     
   45.0699466478587     
   45.5567913750746     
   46.0475589106692     
   46.5422698889422     
   47.0409457104333     
   47.5436067549574     
   48.0502733728138     
   48.5609683332933     
   49.0757177620130     
   49.5945300713141     
   50.1174496921447     
   50.6444655650793     
   51.1756228820934     
   51.7109340518998     
   52.2504243891748     
   52.7968468786914     
   53.3504132684784     
   53.9083213322498     
   54.4705937082732     
   55.0372531085033     
   55.6083222764586     
   56.1826540101709     
   56.7565669331124     
   57.3348602787979     
   57.9175474248274     
   58.5046557499158     
   59.0961837723702     
   59.6921866152770     
   60.2926989562429     
   60.8977183088333     
   61.5072724193732     
   62.1213606654346     
   62.7400333966755     
   63.3633255001004     
   63.9912385806133     
   64.6237994175069     
   65.2610124999974     
   65.9029188402621     
   66.5495562406383     
   67.2009307720885     
   67.8570668532675     
   68.5179732388695     
   69.1836860436244     
   69.8542407649802     
   70.5296505888103     
   71.2099371704059     
   71.8951137154519     
   72.5852108761227     
   73.2802626283482     
   73.9802887193601     
   74.6853094244323     
   75.3953399415331     
   76.1104073523691     
   76.8305445748481     
   77.5557746289117     
   78.2861184338002     
   79.0215929231022     
   79.7622231924125     
   80.5080393728362     
   81.2590687537970     
   82.0153332283114     
   82.7768516220159     
   83.5436455586707     
   84.3157451770104     
   85.0931770636590     
   85.8759666738677     
   86.6641325913499     
   87.4576977811124     
   88.2566887068428     
   89.0611342745932     
   89.8710606629586     
   90.6864861973832     
   91.5074361434315     
   92.3339342621901     
   93.1660104361340     
   94.0036904168025     
   94.8469977051712     
   95.6959538890703     
   96.5505838047556     
   97.4109153463918     
   98.2769757774927     
   99.1487899313963     
   100.026380935419     
   100.909772420100     
   101.798991889401     
   102.694065894213     
   103.595021633565     
   104.501882729877     
   105.414673956087     
   106.333420858616     
   107.258148848814     
   108.188887207895     
   109.125660451509     
   110.068494711168     
   111.017413399411     
   111.972443590945     
   112.933612494999     
   113.900947245404     
   114.874473558063     
   115.854216949020     
   116.840203186943     
   117.832457919990     
   118.831010157122     
   119.835885861998     
   120.847112533975     
   121.864714683322     
   122.888716370079     
   123.919146701888     
   124.956034978302     
   125.999406966879     
   127.049289400262     
   128.105712338558     
   129.168711337717     
   130.250030951126     
   131.338844511099     
   132.434470211803     
   133.536936435309     
   134.646271581487     
   135.756351756989     
   136.866590876274     
   137.983557366871     
   139.107349789835     
   140.237995111723     
   141.375544336046     
   142.520057411427     
   143.671560852873     
   144.829983810117     
   145.995402551123     
   147.167840139416     
   148.347345324018     
   149.533978469583     
   150.727766534924     
   151.928656024967     
   153.136705549149     
   154.351946675665     
   155.574422334138     
   156.804188069896     
   158.041277094777     
   159.285651634006     
   160.537356959383     
   161.796426211743     
   163.062897679293     
   164.336827313315     
   165.618249163307     
   166.907147465532     
   168.203546516535     
   169.507482828825     
   170.818995795036     
   172.138132843340     
   173.464932031720     
   174.799393609986     
   176.141535459174     
   177.491391098072     
   178.848994945609     
   180.214391877017     
   181.587622001733     
   182.968704736372     
   184.357650613243     
   185.754487729305     
   187.159249253579     
   188.571976237472     
   189.992706735649     
   191.421471792983     
   192.858290435509     
   194.303182579516     
   195.756181279515     
   197.217317019390     
   198.686633675312     
   200.164162658141     
   201.649934198151     
   203.143965609552     
   204.646286930487     
   206.156925458432     
   207.675922858436     
   209.203311425046     
   210.739127906193     
   212.283394837749     
   213.836136964791     
   215.397383844290     
   216.967166193723     
   218.545523426058     
   220.132489407614     
   221.728095775549     
   223.332369284145     
   224.945335553216     
   226.567023228635     
   228.197469569213     
   229.836708225558     
   231.484775140827     
   233.141698349402     
   234.807508738412     
   236.482231071952     
   238.165896823771     
   239.858542510929     
   241.560203126523     
   243.270910399656     
   244.990694852058     
   246.719586429097     
   248.457616123599     
   250.204813885760     
   251.961214002718     
   253.726852895924     
   255.501761335338     
   257.285970827746     
   259.079510979974     
   260.882413461130     
   262.694709949429     
   264.516435480754     
   266.354754554412     
   268.215741384656     
   270.086463089032     
   271.966953550382     
   273.857246725046     
   275.757376592935     
   277.651846576955     
   279.550748715729     
   281.459236517988     
   283.377441105556     
   285.305435849667     
   287.243257729731     
   289.190931083341     
   291.148549529003     
   293.116219076878     
   295.093731510075     
   297.081201983256     
   299.078697127380     
   301.086249074260     
   303.103893045575     
   305.131701495974     
   307.169781404616     
   309.217965219817     
   311.276341256464     
   313.344977804092     
   315.423910785634     
   317.513173125443     
   319.612825625382     
   321.722962475509     
   323.843481650456     
   325.974427456222     
   328.115869509715     
   330.267848935306     
   332.430395420818     
   334.603564696354     
   336.787436842684     
   338.981964630048     
   341.187161878454     
   343.403092930507     
   345.629801636464     
   347.867320967403     
   350.115700387496     
   352.375003720202     
   354.645229593638     
   356.926383348383     
   359.218506456691     
   361.521649601529     
   363.835849601493     
   366.161149800037     
   368.497604458524     
   370.845241114761     
   373.204064396913     
   375.574104013475     
   377.955406618248     
   380.348013553344     
   382.751966591662     
   385.167309436180     
   387.594088738941     
   390.032314486631     
   392.482012096673     
   394.943219806605     
   397.415980457803     
   399.900336452204     
   402.396325914983     
   404.903995570043     
   407.423375448898     
   409.954490136854     
   412.497368173955     
   415.052046247748     
   417.618569883766     
   420.196976782359     
   422.787314763379     
   425.389621781661     
   428.003926302165     
   430.630253989609     
   433.268642449209     
   435.919128165841     
   438.581749567785     
   441.256552342317     
   443.943579209953     
   446.642864469344     
   449.354440764832     
   452.078338815001     
   454.814594495346     
   457.563245330106     
   460.324331606568     
   463.097897358691     
   465.883984070401     
   468.682622222405     
   471.493851580005     
   474.317704643004     
   477.154217208342     
   480.003422916237     
   482.865365879004     
   485.740087194684     
   488.627627061055     
   491.528023436610     
   494.441307258257     
   497.396773605359     
   500.368516027605     
   503.353554827972     
   506.351929581794     
   509.363679966309     
   512.376089157521     
   515.381451494750     
   518.400022250863     
   521.431700188123     
   524.476456364287     
   527.534516012953     
   530.605925132893     
   533.690723315231     
   536.788973862845     
   539.900940013893     
   543.026487153815     
   546.165468086870     
   549.317856680168     
   552.483857276856     
   555.663523052288     
   558.856887815219     
   562.064013209609     
   565.285123181702     
   568.520137716621     
   571.768925031507     
   575.031470608212     
   578.307912656826     
   581.598337178350     
   584.902779476267     
   588.221294571111     
   591.554055740187     
   594.901055485896     
   598.262182990177     
   601.637421456016     
   605.026839413519     
   608.430529697482     
   611.848653997073     
   615.281070172960     
   618.728028712908     
   622.189560290748     
   625.665585175835     
   629.156046132217     
   632.661051334226     
   636.180579569119     
   639.714816879312     
   643.263893237889     
   646.827554243139     
   650.406139571324     
   653.999640816790     
   657.607994350014     
   661.231109361131     
   664.869129913626     
   668.522083357110     
   672.190240313460     
   675.873385306102     
   679.571571297870     
   683.285180466953     
   687.014040108305     
   690.757799311305     
   694.517020039705     
   698.291348371083     
   702.081133345298     
   705.886406433312     
   709.706959431923     
   713.543218313487     
   717.395016939661     
   721.262313320699     
   725.145254719729     
   729.043689470108     
   732.957788736350     
   736.887773773758     
   740.833438486104     
   744.794919673860     
   748.772469681294     
   752.765838787615     
   756.775149941989     
   760.800419188547     
   764.841597688453     
   768.898779892783     
   772.972449874628     
   777.061924432613     
   781.167717003926     
   785.289894463718     
   789.428191766820     
   793.583090854808     
   797.754038006721     
   801.941388264257     
   806.145157935738     
   810.365745408092     
   814.602584525229     
   818.856063880248     
   823.126306721587     
   827.412734104467     
   831.717140854900     
   836.036943451527     
   840.374036798821     
   844.749534941150     
   849.169405351328     
   853.606597236950     
   858.061155803944     
   862.533126297166     
   867.020278169357     
   871.476276224492     
   875.952037167693     
   880.442330336758     
   884.950733343982     
   889.467659956693     
   894.026493274533     
   898.578077457519     
   903.155263831502     
   907.745910756543     
   912.365494721157     
   916.992605306301     
   921.641096914297     
   926.305732897754     
   930.968643127722     
   935.704941549297     
   940.405976988015     
   945.128305237099     
   949.900105868274     
   954.671025358153     
