   9.04453232235479     
   8.97458947178483     
   8.92820396692333     
   8.89473793318485     
   8.86998158273119     
   8.85022067829007     
   8.83421139581958     
   8.82108432338164     
   8.81020538570095     
   8.80085673379865     
   8.79295688927824     
   8.78618459024887     
   8.78030825310958     
   8.77516788294000     
   8.77060133302370     
   8.76656075182430     
   8.76296055939167     
   8.75973517829099     
   8.75683229385538     
   8.75420920267550     
   8.75183083315773     
   8.74966607314861     
   8.74768923347987     
   8.74586813397524     
   8.74419518064287     
   8.74265853132375     
   8.74124207651740     
   8.73993148600596     
   8.73872110122675     
   8.73759592364471     
   8.73655461324953     
   8.73558310259127     
   8.73468371325013     
   8.73382869171889     
   8.73297908805949     
   8.73221556256827     
   8.73152401193209     
   8.73048532859027     
   8.72948579009925     
   8.72865137523216     
   8.72794386366325     
   8.72732822649957     
   8.72678295329171     
   8.72629509569304     
   8.72585718347030     
   8.72546256832113     
   8.72510452707583     
   8.72478217482788     
   8.72449055190635     
   8.72422699744806     
   8.72399579731767     
   8.72378506459530     
   8.72359256389264     
   8.72341640680956     
   8.72325378715253     
   8.72310546538034     
   8.72296946974859     
   8.72284450861408     
   8.72272948291749     
   8.72261325039405     
   8.72251151863827     
   8.72241376028492     
   8.72232339269202     
   8.72224328901247     
   8.72216860722970     
   8.72210085551649     
   8.72203884878756     
   8.72198198027025     
   8.72192982289145     
   8.72188195679122     
   8.72183802290971     
   8.72179773799716     
   8.72176078629625     
   8.72172686689908     
   8.72169577502696     
   8.72166726503297     
   8.72164116228283     
   8.72161727315580     
   8.72159540110988     
   8.72157541202112     
   8.72155717277946     
   8.72154048680516     
   8.72152531200190     
   8.72151149520651     
   8.72149896681969     
   8.72148756547216     
   8.72147725501103     
   8.72146789243377     
   8.72145945472781     
   8.72145184363102     
   8.72144494787451     
   8.72143874515836     
   8.72143313607500     
   8.72142806657969     
   8.72142347288547     
   8.72141927718324     
   8.72141541685875     
   8.72141159850653     
   8.72140694608619     
  7.712355164428548E-003
   6.03704745450896     
   6.05158349243272     
   6.06972265293637     
   6.08586718911893     
   6.09917251840092     
   6.10902400639395     
   6.11620347324915     
   6.12137499312913     
   6.12505215352914     
   6.12744292099945     
   6.12903839427527     
   6.13001787611203     
   6.13052658460310     
   6.13068542891899     
   6.13055874596877     
   6.13025315451767     
   6.12981613044602     
   6.12928591029819     
   6.12869243496683     
   6.12805795806907     
   6.12740025845234     
   6.12673132231078     
   6.12606044446897     
   6.12538669608781     
   6.12472324465194     
   6.12407664360103     
   6.12344771591530     
   6.12283640156268     
   6.12224735476612     
   6.12167694029682     
   6.12113051759817     
   6.12060318722112     
   6.12010168365271     
   6.11961032724742     
   6.11910409950405     
   6.11864579377801     
   6.11822888740929     
   6.11754286702587     
   6.11687852139069     
   6.11632818874539     
   6.11586439841920     
   6.11546205870198     
   6.11510605450675     
   6.11478740581419     
   6.11450082389936     
   6.11424136119960     
   6.11400412016266     
   6.11378858598406     
   6.11359136362912     
   6.11341090357990     
   6.11325121389175     
   6.11310327385766     
   6.11296568558867     
   6.11283735172891     
   6.11271653956201     
   6.11260410568240     
   6.11249891491721     
   6.11240031969424     
   6.11230779350537     
   6.11221336136466     
   6.11212892852655     
   6.11204687686499     
   6.11196986118206     
   6.11190013570770     
   6.11183425024900     
   6.11177341441025     
   6.11171684315836     
   6.11166415770765     
   6.11161508566155     
   6.11156936210756     
   6.11152674748263     
   6.11148707273986     
   6.11145012591187     
   6.11141570721904     
   6.11138368375492     
   6.11135388961144     
   6.11132619819429     
   6.11130047708751     
   6.11127658588555     
   6.11125442672276     
   6.11123390390190     
   6.11121487078695     
   6.11119729445602     
   6.11118105168413     
   6.11116608529719     
   6.11115226959961     
   6.11113957423743     
   6.11112788189790     
   6.11111716671730     
   6.11110735230029     
   6.11109834742901     
   6.11109013753952     
   6.11108265048115     
   6.11107584627415     
   6.11106969492805     
   6.11106416914010     
   6.11105926569357     
   6.11105485044667     
   6.11105036325190     
  9.333995387423025E-005
                     NaN
                     NaN
                     NaN
                     NaN
                     NaN
                     NaN
                     NaN
                     NaN
                     NaN
                     NaN
                     NaN
                     NaN
                     NaN
                     NaN
                     NaN
                     NaN
                     NaN
                     NaN
                     NaN
                     NaN
                     NaN
                     NaN
                     NaN
                     NaN
                     NaN
                     NaN
                     NaN
                     NaN
                     NaN
                     NaN
                     NaN
                     NaN
                     NaN
                     NaN
                     NaN
                     NaN
                     NaN
                     NaN
                     NaN
                     NaN
                     NaN
                     NaN
                     NaN
                     NaN
                     NaN
                     NaN
                     NaN
                     NaN
                     NaN
                     NaN
                     NaN
                     NaN
                     NaN
                     NaN
                     NaN
                     NaN
                     NaN
                     NaN
                     NaN
                     NaN
                     NaN
                     NaN
                     NaN
                     NaN
                     NaN
                     NaN
                     NaN
                     NaN
                     NaN
                     NaN
                     NaN
                     NaN
                     NaN
                     NaN
                     NaN
                     NaN
                     NaN
                     NaN
                     NaN
                     NaN
                     NaN
                     NaN
                     NaN
                     NaN
                     NaN
                     NaN
                     NaN
                     NaN
                     NaN
                     NaN
                     NaN
                     NaN
                     NaN
                     NaN
                     NaN
                     NaN
                     NaN
                     NaN
                     NaN
  2.810451727047765E-006
   45.9351016706733     
   47.0126961530616     
   47.6454615397394     
   47.9929821166534     
   48.1606470723332     
   48.2219848598809     
   48.2243032658674     
   48.1958026396966     
   48.1530121760619     
   48.1055631678490     
   48.0585398821519     
   48.0146313991755     
   47.9749876506476     
   47.9399151014281     
   47.9093029621948     
   47.8828047608736     
   47.8599933768844     
   47.8404250263803     
   47.8236755196290     
   47.8093472535313     
   47.7970992396618     
   47.7866336569465     
   47.7776921687694     
   47.7700554034616     
   47.7635312176978     
   47.7579589507907     
   47.7532034702404     
   47.7491485360746     
   47.7456945306043     
   47.7427590340270     
   47.7402714386724     
   47.7381731419890     
   47.7364283579854     
   47.7349978139380     
   47.7338627763846     
   47.7329794519690     
   47.7323516287121     
   47.7319787664981     
   47.7317159069738     
   47.7315127683009     
   47.7313666643329     
   47.7312657113606     
   47.7312075849705     
   47.7311734643995     
   47.7311318522164     
   47.7310797005918     
   47.7310329609722     
   47.7309991463835     
   47.7309854970088     
   47.7309985120693     
   47.7310895488678     
   47.7311894626995     
   47.7312930037253     
   47.7313961881346     
   47.7314963485044     
   47.7315915234420     
   47.7316801626297     
   47.7317615976170     
   47.7318353558462     
   47.7319018694956     
   47.7319606590653     
   47.7320110157015     
   47.7320531338409     
   47.7320868330102     
   47.7321125465121     
   47.7321306781430     
   47.7321417031991     
   47.7321457406026     
   47.7321438919332     
   47.7321371667582     
   47.7321264464780     
   47.7321128219527     
   47.7320969400362     
   47.7320793694624     
   47.7320606394152     
   47.7320411353539     
   47.7320212133049     
   47.7320010051321     
   47.7319808395692     
   47.7319608326776     
   47.7319413261074     
   47.7319222902686     
   47.7319040554122     
   47.7318865255433     
   47.7318698646905     
   47.7318541440146     
   47.7318394709420     
   47.7318258640166     
   47.7318133705456     
   47.7318021902557     
   47.7317922441718     
   47.7317838375886     
   47.7317771222717     
   47.7317723456076     
   47.7317699625868     
   47.7317707917424     
   47.7317760113478     
   47.7317871813964     
   47.7318064021706     
  5.687862478660848E-008
