  0.385443910713261     
  0.385263737985293     
  0.385116783055947     
  0.384992746059571     
  0.384884171747825     
  0.384787012234117     
  0.384698423686099     
  0.384616442896309     
  0.384540138889719     
  0.384468365526384     
  0.384401425277662     
  0.384338598002489     
  0.384279736497032     
  0.384224450619406     
  0.384172463470105     
  0.384123920744201     
  0.384078472313114     
  0.384035952940121     
  0.383996234996951     
  0.383959097584288     
  0.383924432099606     
  0.383892102618236     
  0.383861946355948     
  0.383833876805498     
  0.383807734664893     
  0.383783418916208     
  0.383760789251345     
  0.383739754935726     
  0.383720200428704     
  0.383702026335622     
  0.383685151191126     
  0.383669447061762     
  0.383654899186688     
  0.383640920033234     
  0.383628447837852     
  0.383616913851162     
  0.383604551281035     
  0.383594717398465     
  0.383585848967093     
  0.383577689178343     
  0.383570142235938     
  0.383563154978781     
  0.383556675478383     
  0.383550653975762     
  0.383545065258968     
  0.383539867111820     
  0.383535040892257     
  0.383530556639718     
  0.383526391427045     
  0.383522517435512     
  0.383518989602298     
  0.383515700628882     
  0.383512626407332     
  0.383509758028322     
  0.383507075098499     
  0.383504577170074     
  0.383502242313654     
  0.383500064483595     
  0.383498028048458     
  0.383496092993416     
  0.383494336124786     
  0.383492703338992     
  0.383491189857480     
  0.383489779748733     
  0.383488468410571     
  0.383487250529246     
  0.383486116671369     
  0.383485061764039     
  0.383484083856347     
  0.383483180021907     
  0.383482334577027     
  0.383481557657141     
  0.383480834389073     
  0.383480165616991     
  0.383479545035838     
  0.383478974230527     
  0.383478443140385     
  0.383477956563708     
  0.383477505026990     
  0.383477091576150     
  0.383476708859363     
  0.383476354817870     
  0.383476031223882     
  0.383475733817792     
  0.383475460749592     
  0.383475209774311     
  0.383474981738278     
  0.383474770878614     
  0.383474579724408     
  0.383474405365069     
  0.383474244401780     
  0.383474097739956     
  0.383473964517605     
  0.383473844483300     
  0.383473734855591     
  0.383473635500029     
  0.383473545503026     
  0.383473463941215     
  0.383473395328263     
  0.383472840935872     
