  0.175008031086610     
  0.175008033584891     
  0.175008071059117     
  0.175008233447426     
  0.175008670646720     
  0.175009592512661     
  0.175011268859669     
  0.175014029460925     
  0.175018264048368     
  0.175024422312693     
  0.175033013903352     
  0.175044608428546     
  0.175059835455223     
  0.175079384509069     
  0.175104005074504     
  0.175134506594666     
  0.175171758471400     
  0.175216690065241     
  0.175270290695392     
  0.175333609639698     
  0.175407756134621     
  0.175493899375197     
  0.175593268515003     
  0.175707152666100     
  0.175836900898987     
  0.175983922242529     
  0.176149685683891     
  0.176335720168452     
  0.176543614599715     
  0.176775017839202     
  0.177031638706339     
  0.177315245978327     
  0.177627668389998     
  0.177970794633661     
  0.178346573358922     
  0.178757013172498     
  0.179204182638006     
  0.179690210275736     
  0.180217284562402     
  0.180787653930871     
  0.181403626769872     
  0.182067571423676     
  0.182781916191759     
  0.183549149328430     
  0.184301754222057     
  0.184766325966919     
  0.185235519697982     
  0.185690697269883     
  0.186282488237424     
  0.186837275563486     
  0.187422924041319     
  0.188227368800283     
  0.188727250879955     
  0.189604441693948     
  0.190401573293082     
  0.191051451387823     
  0.191942292962334     
  0.192991272564396     
  0.193887108717389     
  0.194371841828826     
  0.195412602566352     
  0.196032143209854     
  0.196663910273614     
  0.197763731787638     
  0.198689884389050     
  0.199495641155455     
  0.200275409103771     
  0.201220463238057     
  0.202523624404063     
  0.203717191379610     
  0.204457269167601     
  0.205267277153203     
  0.206034828607269     
  0.207301913021529     
  0.208678410360458     
  0.209617768363806     
  0.210582916280981     
  0.211650140538562     
  0.212754583060333     
  0.213623676374587     
  0.214984875962740     
  0.216460449114632     
  0.217587123203107     
  0.218622530892847     
  0.219605637486204     
  0.220755620727843     
  0.221963774728081     
  0.223041643826380     
  0.224324329460903     
  0.226130954690704     
  0.227461480521545     
  0.228606610748310     
  0.229795525918220     
  0.231099405593932     
  0.232299364516367     
  0.233319181128987     
  0.234564185042085     
  0.235803600661672     
  0.237175589132495     
  0.239206574829777     
  0.241122650560631     
  0.242129721661807     
  0.243368588267771     
  0.244738574191780     
  0.246133191448768     
  0.247549379073431     
  0.249090660834785     
  0.250581756590428     
  0.251753463102420     
  0.252921832952188     
  0.254393153713763     
  0.256003180268569     
  0.258329535122992     
  0.260543999855524     
  0.261859282209767     
  0.263393898681597     
  0.264937341642608     
  0.266523809251568     
  0.268287730844820     
  0.269865590184237     
  0.271327022430041     
  0.273010643844927     
  0.274724340875709     
  0.276504188794338     
  0.278323157283141     
  0.279980839441942     
  0.281658270441107     
  0.283434268267207     
  0.285325416106778     
  0.287270790595905     
  0.289440812153747     
  0.292245852070346     
  0.294874375113212     
  0.296975656356256     
  0.298966380615158     
  0.300958522780034     
  0.303058272485778     
  0.305228879077499     
  0.307482984854608     
  0.309661050135726     
  0.311835015470193     
  0.314087919252626     
  0.316448174123985     
  0.318865053659720     
  0.321242686387948     
  0.323647330221266     
  0.326132681400447     
  0.328699224016086     
  0.331253312204117     
  0.333795223480472     
  0.336428371881616     
  0.339153972963424     
  0.341916923778470     
  0.344648748277689     
  0.347421161374208     
  0.350310901331516     
  0.353266515288722     
  0.356228474617893     
  0.359206894727273     
  0.362277444252257     
  0.365431642086238     
  0.368608790895776     
  0.371794569821013     
  0.375042985529409     
  0.378376482101577     
  0.381760670991752     
  0.385158515337703     
  0.388618814684959     
  0.392158259667914     
  0.395760319705751     
  0.399394610753844     
  0.403086594334059     
  0.406858162348709     
  0.410705951605066     
  0.415075135152907     
  0.419499997466117     
  0.423980947997518     
  0.428518353777727     
  0.433112622606770     
  0.437764141286801     
  0.442473307036886     
  0.447240497678237     
  0.452066122289427     
  0.456743668878030     
  0.461314392949717     
  0.465944335344737     
  0.470632963820433     
  0.475386792059741     
  0.480209120411503     
  0.485108026541134     
  0.490071611029240     
  0.495100323052790     
  0.500199601490535     
  0.505376877226408     
  0.510622180594777     
  0.515937759706861     
  0.521326126753605     
  0.526791707559448     
  0.532329011335176     
  0.537937216821446     
  0.543619242099337     
  0.549382375336967     
  0.555220600424208     
  0.561131977839602     
  0.567122115099067     
  0.573196177089730     
  0.579346676127829     
  0.585573945126450     
  0.591884009527119     
  0.598277188920001     
  0.604745113746084     
  0.611295426222209     
  0.617933085504784     
  0.624655522370626     
  0.631455100822217     
  0.638339028265441     
  0.645310815067869     
  0.652370182350211     
  0.659509709993347     
  0.666732985372865     
  0.674027491027426     
  0.681432936272871     
  0.688923222563176     
  0.696502243717983     
  0.704161708374508     
  0.711932153022162     
  0.719790706101202     
  0.727740985057665     
  0.735778334964247     
  0.743926387641710     
  0.752163555053817     
  0.760490456407963     
  0.768912868180279     
  0.777450299127296     
  0.786082873342203     
  0.794808508145698     
  0.803632457799583     
  0.812571696622205     
  0.821609837896523     
  0.830746300536386     
  0.839986350845922     
  0.849342490367698     
  0.858800426060444     
  0.868360295106221     
  0.878026350718137     
  0.887809093005426     
  0.897697592490999     
  0.907691718203244     
  0.917794770601647     
  0.928015731305035     
  0.938346042339365     
  0.948785225161563     
  0.958746593337434     
  0.968739169964472     
  0.978819030031456     
  0.988986577601771     
  0.999242218888497     
   1.00958636570338     
   1.02001942834226     
   1.03054179777587     
   1.04115389324597     
   1.05185612901733     
   1.06264889866347     
   1.07353261919158     
   1.08450769993960     
   1.09557453519187     
   1.10728736313752     
   1.11952895169998     
   1.13189784085252     
   1.14439504280371     
   1.15702352410675     
   1.16977871143760     
   1.18266391311813     
   1.19568033561515     
   1.20883079423819     
   1.22211169191516     
   1.23552637664419     
   1.24907508809935     
   1.26276093660132     
   1.27658098756892     
   1.29053787412800     
   1.30463443516813     
   1.31887260328199     
   1.33325015108881     
   1.34776800186730     
   1.36242812386982     
   1.37723365234084     
   1.39218320446803     
   1.40727736949401     
   1.42251806890309     
   1.43790773220836     
   1.45344593091458     
   1.46913349251785     
   1.48497153981766     
   1.50096341288938     
   1.51710876875401     
   1.53340764194980     
   1.54986293521408     
   1.56647492841273     
   1.58322791548052     
   1.60015673959415     
   1.61724323458919     
   1.63448847251507     
   1.65188391377971     
   1.66945311712878     
   1.68718898690419     
   1.70508784829583     
   1.72314402210411     
   1.74137218606529     
   1.75977407594817     
   1.77834499584492     
   1.79708006572259     
   1.81598758986229     
   1.83507271940748     
   1.85433319537901     
   1.87376445964406     
   1.89336971726968     
   1.91315542471362     
   1.93312258341398     
   1.95326757541353     
   1.97359134389695     
   1.99409843621778     
   2.01479144355839     
   2.03566827864276     
   2.05672897596437     
   2.07797630127286     
   2.09941295766949     
   2.12103924386263     
   2.14285439453504     
   2.16486015021223     
   2.18705871795693     
   2.20945197084797     
   2.23203961918936     
   2.25482234340364     
   2.27780185494567     
   2.30098037028824     
   2.32435834344228     
   2.34793679635595     
   2.37171659176048     
   2.39569948088368     
   2.41988703952738     
   2.44428025151403     
   2.46887965472882     
   2.49368694697139     
   2.51870383615795     
   2.54393135816012     
   2.56937011089773     
   2.59502233276228     
   2.62088891001896     
   2.64697150546412     
   2.67327121206485     
   2.69978797083911     
   2.72652417580481     
   2.75348126395194     
   2.78065918437630     
   2.80805752538339     
   2.83567933629074     
   2.86352602142968     
   2.89159926828490     
   2.91989788030696     
   2.94842300730273     
   2.97717792867533     
   3.00616422998768     
   3.03538139823348     
   3.06482973966254     
   3.09451126867900     
   3.12442875360891     
   3.15458324722110     
   3.18497517178646     
   3.21560668081207     
   3.24647735231193     
   3.27759017417760     
   3.30894505342965     
   3.34054451249445     
   3.37238944248176     
   3.40448039460654     
   3.43681898562662     
   3.46940612519949     
   3.50224380284705     
   3.53533409674654     
   3.56867672522359     
   3.60226810941700     
   3.63612244288162     
   3.67021795970499     
   3.70458844348833     
   3.73921148557148     
   3.77409751969719     
   3.80924413278431     
   3.84192130079484     
   3.87194029557493     
   3.90212642242535     
   3.93248018123297     
   3.96300205733733     
   3.99369256365383     
   4.02572221772433     
   4.06279577078985     
   4.10013742318817     
   4.13775729031178     
   4.17565154557713     
   4.21384528194824     
   4.25230704674875     
   4.29102589192133     
   4.33002809258903     
   4.36930975025436     
   4.40889539431132     
   4.44875864120715     
   4.48888862918089     
   4.52930783771096     
   4.57001363102522     
   4.61102572256662     
   4.65232736195492     
   4.69390506778798     
   4.73577714917668     
   4.77794362667694     
   4.82042024394347     
   4.86319544373212     
   4.90625834521863     
   4.94962043829031     
   4.99328480255342     
   5.03726302635805     
   5.08154931070085     
   5.12613459196017     
   5.17102409434845     
   5.21622257317270     
   5.26173992018110     
   5.30757420251967     
   5.35371771026898     
   5.40017269061133     
   5.44694355056576     
   5.49403874193789     
   5.54145861366244     
   5.58919853829872     
   5.63725678922165     
   5.68563709534820     
   5.73434631210925     
   5.78338855594630     
   5.83275948746025     
   5.88245837849601     
   5.93248569140489     
   5.98284881920931     
   6.03355083277121     
   6.08459136340458     
   6.13596765919169     
   6.18767975480404     
   6.23973559719629     
   6.29213625233487     
   6.34488434979571     
   6.39797645689808     
   6.45141333102802     
   6.50519803926680     
   6.55933562097155     
   6.61382792620476     
   6.66867380625067     
   6.72387280217411     
   6.77942694434633     
   6.83534002828934     
   6.89161540543340     
   6.94825261291304     
   7.00525220006453     
   7.06261412721459     
   7.12034199042905     
   7.17843829438024     
   7.23690482939044     
   7.29574357997733     
   7.35495271992473     
   7.41453524770607     
   7.47449260506166     
   7.53482901182944     
   7.59554508481041     
   7.65664136540691     
   7.71811852954495     
   7.77997873020701     
   7.84222437936026     
   7.90485769547151     
   7.96788107664557     
   8.03129361930709     
   8.09509752430921     
   8.15929351593053     
   8.22388536666432     
   8.28887735835411     
   8.35426878436841     
   8.42005880528608     
   8.48625017280638     
   8.55284473266397     
   8.61984619401420     
   8.68725645044393     
   8.74335998241634     
   8.79901241067424     
   8.85492455373858     
   8.91109710186387     
   8.96753078714158     
   9.03037869451560     
   9.10025616075779     
   9.17062406920758     
   9.24141322931413     
   9.31262610465637     
   9.38424118149871     
   9.45622806062738     
   9.52858983608064     
   9.60142702680619     
   9.67469309315490     
   9.74839475955594     
   9.82251312457342     
   9.89701773077516     
   9.97191158620754     
   10.0472782124380     
   10.1230890861592     
   10.1993427849407     
   10.2760265845607     
   10.3531152047262     
   10.4306057582715     
   10.5085664042786     
   10.5869823148896     
   10.6658508528495     
   10.7451642931620     
   10.8248973073970     
   10.9050465285393     
   10.9856584624472     
   11.0667396143328     
   11.1482843330764     
   11.2302841470716     
   11.3127226088086     
   11.3955927006043     
   11.4789252725799     
   11.5627336032694     
   11.6470153930902     
   11.7317675019517     
   11.8169763931001     
   11.9026333552068     
   11.9887504294063     
   12.0753486007699     
   12.1624313493575     
   12.2499971428010     
   12.3380366259820     
   12.4265435001616     
   12.5155185360254     
   12.6049745827342     
   12.6949236588305     
   12.7853647042702     
   12.8762992892704     
   12.9677156513995     
   13.0596145531683     
   13.1519979973139     
   13.2448809622690     
   13.3382657621723     
   13.4321575114615     
   13.5265470166385     
   13.6214345143442     
   13.7168158474690     
   13.8127011305989     
   13.9090983287489     
   14.0060106546772     
   14.1034402202714     
   14.2013805015625     
   14.2998305808677     
   14.3987918292986     
   14.4982705604802     
   14.5982742821408     
   14.6988075355839     
   14.7998663088126     
   14.9014502576664     
   15.0035568050738     
   15.1061913423698     
   15.2093564677827     
   15.3130609622077     
   15.4173069565215     
   15.5220915979258     
   15.6274136172212     
   15.7332750688381     
   15.8396792742133     
   15.9466301907845     
   16.0541307881645     
   16.1621851382314     
   16.2707930355585     
   16.3799522000406     
   16.4896660626998     
   16.5999373773659     
   16.7107708574670     
   16.8221692137832     
   16.9341352076228     
   17.0466683022612     
   17.1526385571876     
   17.2460063765795     
   17.3397393209555     
   17.4338382451754     
   17.5283039902369     
   17.6231374332013     
   17.7338700677707     
   17.8504448315655     
   17.9677432517325     
   18.0856693019653     
   18.2041847661766     
   18.3232878797452     
   18.4429895794984     
   18.5632315809866     
   18.6839432677411     
   18.8053683099813     
   18.9274270660081     
   19.0500884774623     
   19.1733560447649     
   19.2972302381070     
   19.4216743543446     
   19.5466172254606     
   19.6722622739158     
   19.7985571152352     
   19.9254694499311     
   20.0529994047550     
   20.1811501646711     
   20.3098970967716     
   20.4391822395889     
   20.5691439067157     
   20.6997741400141     
   20.8310397300728     
   20.9629360196529     
   21.0954698476988     
   21.2286220705100     
   21.3623492533570     
   21.4967353316731     
   21.6318032507596     
   21.7675254929570     
   21.9038950925896     
   22.0409160227949     
   22.1785758232535     
   22.3168477339938     
   22.4557702500221     
   22.5953752135172     
   22.7356583946197     
   22.8766064123914     
   23.0182198099026     
   23.1604926649999     
   23.3034081972553     
   23.4469764094346     
   23.5912302735805     
   23.7361777410393     
   23.8818098774895     
   24.0281231199327     
   24.1751135342198     
   24.3227753157577     
   24.4710997705240     
   24.6201149294878     
   24.7698334525187     
   24.9202552390054     
   25.0713756441352     
   25.2231905221681     
   25.3757000637647     
   25.5288959204890     
   25.6827864959347     
   25.8373856995338     
   25.9927035456193     
   26.1487419606554     
   26.3054940927559     
   26.4629609748535     
   26.6211335800140     
   26.7800128059577     
   26.9396090999119     
   27.0999357689831     
   27.2609942394168     
   27.4227871174332     
   27.5853151254814     
   27.7485717866541     
   27.9125536504372     
   28.0772657478173     
   28.2427148237259     
   28.4089096084888     
   28.5758537351559     
   28.7435492476665     
   28.9119954865495     
   29.0811881052987     
   29.2511253670733     
   29.4218165978893     
   29.5932618988017     
   29.7654686960024     
   29.9384411781792     
   30.1121857503781     
   30.2866984051846     
   30.4619782090922     
   30.6380251884959     
   30.8148416687081     
   30.9924370562632     
   31.1415566748749     
   31.2881474375677     
   31.4352295637145     
   31.5828040599646     
   31.7308718906993     
   31.8921905811715     
   32.0745065529505     
   32.2576053536972     
   32.4416291013086     
   32.6266476778269     
   32.8124768490864     
   32.9991116753836     
   33.1865536842985     
   33.3747807512933     
   33.5635708761856     
   33.7530999711440     
   33.9435565891587     
   34.1350082799987     
   34.3272921770362     
   34.5203966410689     
   34.7143294591315     
   34.9090706426873     
   35.1044379605516     
   35.3005532022964     
   35.4975899851116     
   35.6956047211119     
   35.8945011538065     
   36.0942352954348     
   36.2948139153841     
   36.4962241256296     
   36.6983348410115     
   36.9011958109048     
   37.1049601647888     
   37.3096870707258     
   37.5153504292959     
   37.7218998960266     
   37.9292163317042     
   38.1374844852543     
   38.3464965381414     
   38.5562645453966     
   38.7669110261639     
   38.9785360645315     
   39.1910743939358     
   39.4045901945273     
   39.6189404509309     
   39.8340382767383     
   40.0501812199749     
   40.2670728103249     
   40.4847647190270     
   40.7033639008222     
   40.9230045504314     
   41.1435860488587     
   41.3651245506194     
   41.5873929975965     
   41.8106504897622     
   42.0348877473141     
   42.2597663347316     
   42.4855027593628     
   42.7124917937688     
   42.9402153957710     
   43.1690714690028     
   43.3987550144494     
   43.6292786616300     
   43.8608947738636     
   44.0932215985468     
   44.3264695534098     
   44.5607249672212     
   44.7958849755121     
   45.0321457032200     
   45.2693805037615     
   45.5074126993977     
   45.7464930235577     
   45.9865293726066     
   46.2273141587476     
   46.4691419188798     
   46.7119345795795     
   46.9557210320949     
   47.2005951102765     
   47.4465074176981     
   47.6930189955521     
   47.9408582191364     
   48.1895568848179     
   48.4390934106384     
   48.6897781945938     
   48.9411747075708     
   49.1938821426281     
   49.4475909898046     
   49.7023305321437     
   49.9577480337258     
   50.2144553612804     
   50.4721096919850     
   50.7306336073121     
   50.9906519415890     
   51.2504158179859     
   51.5125547666805     
   51.7752199516531     
   52.0173434566266     
   52.2330039965092     
   52.4492986110682     
   52.6662284013723     
   52.8837944891953     
   53.1042738480642     
   53.3740481599067     
   53.6422472651384     
   53.9141484311343     
   54.1862207104111     
   54.4680970600831     
   54.7264411645903     
   55.0104557076298     
   55.2873362667036     
   55.5692714447370     
   55.8408317758378     
   56.1234747613059     
   56.4033931407132     
   56.6858707629817     
   56.9888250182227     
   57.2371892821433     
   57.5396621096428     
   57.8397351475669     
   58.1092763239004     
   58.3986867213706     
