  0.798894215631877     
  0.797790407452913     
  0.797075866398370     
  0.796593486456994     
  0.796259764704931     
  0.796023639965223     
  0.795852104339567     
  0.795724413906027     
  0.795626982882982     
  0.795551692962788     
  0.795492430871587     
  0.795444850717171     
  0.795406450551920     
  0.795374880962143     
  0.795348826029161     
  0.795327068975886     
  0.795308819014002     
  0.795293418399435     
  0.795280502093823     
  0.795269407113072     
  0.795259949116110     
  0.795251872819104     
  0.795244975874838     
  0.795239063629625     
  0.795233999630969     
  0.795229658617065     
  0.795225946768795     
  0.795222764165744     
  0.795220040288170     
  0.795217707234310     
  0.795215705827314     
  0.795213984701655     
  0.795212498357240     
  0.795211509583468     
  0.795210365937365     
  0.795209412451506     
  0.795209434973032     
  0.795208818680934     
  0.795208302978656     
  0.795207929145152     
  0.795207705633486     
  0.795207602702837     
  0.795207595471420     
  0.795207668112048     
  0.795207829000783     
  0.795208061449944     
  0.795208346079937     
  0.795208659066038     
  0.795208982610035     
  0.795209295346453     
  0.795209657744423     
  0.795209994495193     
  0.795210307903136     
  0.795210600240300     
  0.795210873575809     
  0.795211128322206     
  0.795211366443866     
  0.795211588155145     
  0.795211796471793     
  0.795212001347632     
  0.795212187288128     
  0.795212358022972     
  0.795212517928648     
  0.795212669355822     
  0.795212812823698     
  0.795212946648824     
  0.795213073672585     
  0.795213195357914     
  0.795213309563402     
  0.795213418468995     
  0.795213522430736     
  0.795213619515915     
  0.795213711785698     
  0.795213799338691     
  0.795213882931863     
  0.795213961689467     
  0.795214036034817     
  0.795214106314677     
  0.795214173145476     
  0.795214235155506     
  0.795214294223283     
  0.795214351385047     
  0.795214404389858     
  0.795214454698838     
  0.795214502620307     
  0.795214546999233     
  0.795214589268890     
  0.795214629947508     
  0.795214667035557     
  0.795214702107964     
  0.795214734946682     
  0.795214766499156     
  0.795214795940201     
  0.795214822867414     
  0.795214847651398     
  0.795214871089670     
  0.795214892367059     
  0.795214915364794     
  0.795214939222359     
  0.795215277024376     
