   8.09805339144307     
   8.09844455973894     
   8.09771088480585     
   8.09644029855197     
   8.09471061158750     
   8.09284129105105     
   8.09082277683414     
   8.08869810605063     
   8.08652102084879     
   8.08434696314767     
   8.08216124808079     
   8.08000329993634     
   8.07788686398636     
   8.07583662913668     
   8.07386093954176     
   8.07196770636177     
   8.07015824660027     
   8.06843543502216     
   8.06679773023089     
   8.06525150124529     
   8.06379152296043     
   8.06241621023313     
   8.06112285242603     
   8.05991125759910     
   8.05877569990080     
   8.05771230216629     
   8.05671769227260     
   8.05578881563158     
   8.05492118607818     
   8.05411195553477     
   8.05335724429004     
   8.05265256017493     
   8.05199757346422     
   8.05137830707387     
   8.05083533566624     
   8.05032504596627     
   8.04982647707273     
   8.04946801248263     
   8.04914074370730     
   8.04882246247926     
   8.04851855596448     
   8.04823036304423     
   8.04795907257025     
   8.04770333903323     
   8.04746447290402     
   8.04724046883989     
   8.04703170848892     
   8.04683611617041     
   8.04665287697703     
   8.04648010139143     
   8.04633775856670     
   8.04620449047772     
   8.04607954245722     
   8.04596225059503     
   8.04585224474490     
   8.04574887676250     
   8.04565174537933     
   8.04556054866490     
   8.04547487858603     
   8.04539483272042     
   8.04532017655812     
   8.04525078517459     
   8.04518605605884     
   8.04512518749009     
   8.04506814988474     
   8.04501455909278     
   8.04496428421439     
   8.04491709910347     
   8.04487294063864     
   8.04483156281972     
   8.04479279259449     
   8.04475657793861     
   8.04472267833833     
   8.04469100462156     
   8.04466140645254     
   8.04463374574466     
   8.04460798970368     
   8.04458398328226     
   8.04456159167736     
   8.04454074974642     
   8.04452136614224     
   8.04450328801844     
   8.04448654111444     
   8.04447097942844     
   8.04445655206888     
   8.04444320015972     
   8.04443085145548     
   8.04441940981370     
   8.04440888264801     
   8.04439921743069     
   8.04439029556427     
   8.04438211646685     
   8.04437468313255     
   8.04436791925848     
   8.04436178996728     
   8.04435625578220     
   8.04435135822743     
   8.04434707716899     
   8.04434437433246     
   8.04429932944457     
