  0.568782395148525     
  0.570542555231147     
  0.571840712597613     
  0.572793208570162     
  0.573489627378273     
  0.573999120157920     
  0.574375748914676     
  0.574656668945867     
  0.574867616789595     
  0.575026772930805     
  0.575147590276720     
  0.575239432254016     
  0.575309242849030     
  0.575362003008914     
  0.575401617255359     
  0.575430904368015     
  0.575452168623511     
  0.575467109289621     
  0.575477176572366     
  0.575483220746176     
  0.575486182922469     
  0.575486721058685     
  0.575485384666467     
  0.575482546108782     
  0.575478571300372     
  0.575473726302733     
  0.575468265833778     
  0.575462332576830     
  0.575456106564719     
  0.575449700175880     
  0.575443232330052     
  0.575436715804498     
  0.575430386078508     
  0.575424451521825     
  0.575418207983228     
  0.575412494049447     
  0.575409859012666     
  0.575403898661175     
  0.575397754006228     
  0.575392122094388     
  0.575387062647203     
  0.575382373245175     
  0.575378012229116     
  0.575373872653866     
  0.575370006545037     
  0.575366313472320     
  0.575362832606217     
  0.575359513514570     
  0.575356336759264     
  0.575353260557021     
  0.575351498485085     
  0.575349802822207     
  0.575348177185250     
  0.575346602988030     
  0.575345069714106     
  0.575343594382379     
  0.575342171377182     
  0.575340800627037     
  0.575339480469564     
  0.575338172849033     
  0.575336912624594     
  0.575335673803319     
  0.575334489696288     
  0.575333384201114     
  0.575332313860912     
  0.575331288321339     
  0.575330308152394     
  0.575329366567134     
  0.575328462696789     
  0.575327596050610     
  0.575326774891140     
  0.575325977621975     
  0.575325226194752     
  0.575324504296792     
  0.575323822938615     
  0.575323166342097     
  0.575322548208195     
  0.575321955674976     
  0.575321398218743     
  0.575320863074105     
  0.575320365525671     
  0.575319892013086     
  0.575319444677815     
  0.575319020981346     
  0.575318625807098     
  0.575318253836210     
  0.575317903333769     
  0.575317579748568     
  0.575317275012026     
  0.575316990904248     
  0.575316731994979     
  0.575316493450522     
  0.575316274744077     
  0.575316074074204     
  0.575315897629803     
  0.575315744587144     
  0.575315618293634     
  0.575315522213971     
  0.575315489682936     
  0.575314512039430     
