  0.291936564220276     
  0.279493922780105     
  0.271669909190595     
  0.266565445344556     
  0.263190211237368     
  0.260916973885978     
  0.259358885447583     
  0.258275453371103     
  0.257513624844408     
  0.256970267319123     
  0.256581912542378     
  0.256302231698973     
  0.256099659358216     
  0.255952665089213     
  0.255845612654495     
  0.255767943320566     
  0.255711792813855     
  0.255671502738505     
  0.255642934284776     
  0.255623168367854     
  0.255609962078810     
  0.255601630024951     
  0.255596929545389     
  0.255594860866037     
  0.255594805847010     
  0.255596247939998     
  0.255598760946447     
  0.255602020034890     
  0.255605821246146     
  0.255609944435718     
  0.255614265055221     
  0.255618616301893     
  0.255622864422648     
  0.255626600054830     
  0.255629210440513     
  0.255631679992368     
  0.255633560666944     
  0.255631079172912     
  0.255627883201769     
  0.255625253445238     
  0.255622983936690     
  0.255620945867348     
  0.255619041323815     
  0.255617332384078     
  0.255616073804079     
  0.255615312721547     
  0.255614946408118     
  0.255614932430310     
  0.255615189171213     
  0.255615642572077     
  0.255616057296777     
  0.255616613125622     
  0.255617292143230     
  0.255618074537210     
  0.255618925944737     
  0.255619847492380     
  0.255620815399463     
  0.255621810806140     
  0.255622818007728     
  0.255623733342854     
  0.255624671794309     
  0.255625557092096     
  0.255626422863470     
  0.255627292377698     
  0.255628132586974     
  0.255628958254430     
  0.255629764143716     
  0.255630553658631     
  0.255631326089290     
  0.255632078041370     
  0.255632808512399     
  0.255633513664358     
  0.255634192706413     
  0.255634844008329     
  0.255635466939669     
  0.255636060482629     
  0.255636626055356     
  0.255637163477085     
  0.255637672544685     
  0.255638154345974     
  0.255638608581933     
  0.255639036071285     
  0.255639437241189     
  0.255639813972358     
  0.255640166886001     
  0.255640496399481     
  0.255640802967494     
  0.255641087541679     
  0.255641351211963     
  0.255641593312835     
  0.255641814969493     
  0.255642014476796     
  0.255642190823053     
  0.255642342969334     
  0.255642466584879     
  0.255642554178348     
  0.255642595159809     
  0.255642569456927     
  0.255642446910953     
  0.000000000000000E+000
