  2.126426318516127E-002
  2.126188575191813E-002
  2.126693475052263E-002
  2.127552549784656E-002
  2.128714155534428E-002
  2.129968588789920E-002
  2.131322969970165E-002
  2.132748653723393E-002
  2.134209933474920E-002
  2.135670503587730E-002
  2.137139538382002E-002
  2.138590685266675E-002
  2.140014744352300E-002
  2.141395246720193E-002
  2.142726443355117E-002
  2.144003076994527E-002
  2.145223987213844E-002
  2.146387235084896E-002
  2.147493469717118E-002
  2.148538813747929E-002
  2.149526428705313E-002
  2.150457309965464E-002
  2.151333140759096E-002
  2.152154096257128E-002
  2.152923938766556E-002
  2.153645275458503E-002
  2.154320217331070E-002
  2.154950911569292E-002
  2.155540241311557E-002
  2.156090115953647E-002
  2.156603052807807E-002
  2.157082350213274E-002
  2.157527565104997E-002
  2.157948033342111E-002
  2.158317799361208E-002
  2.158664482144249E-002
  2.158994116850188E-002
  2.159239664343809E-002
  2.159465386241478E-002
  2.159684342862157E-002
  2.159892499887477E-002
  2.160089589682378E-002
  2.160274873294629E-002
  2.160449591361756E-002
  2.160612463978204E-002
  2.160765183595079E-002
  2.160907320588365E-002
  2.161040489489792E-002
  2.161165317575972E-002
  2.161283272732994E-002
  2.161376070845851E-002
  2.161463067118145E-002
  2.161544720413260E-002
  2.161621530912138E-002
  2.161693767659892E-002
  2.161761783995889E-002
  2.161825857532340E-002
  2.161886168302737E-002
  2.161942985263228E-002
  2.161996365044694E-002
  2.162046289099609E-002
  2.162092909543262E-002
  2.162136508374539E-002
  2.162177529378037E-002
  2.162216131683352E-002
  2.162252518186678E-002
  2.162286761271617E-002
  2.162319017927532E-002
  2.162349314176830E-002
  2.162377798742884E-002
  2.162404552877036E-002
  2.162429679772199E-002
  2.162453235853039E-002
  2.162475346059953E-002
  2.162496048886479E-002
  2.162515492937363E-002
  2.162533637254563E-002
  2.162550628716796E-002
  2.162566508495235E-002
  2.162581364131269E-002
  2.162595186210382E-002
  2.162608134455532E-002
  2.162620165962489E-002
  2.162631390820298E-002
  2.162641812585429E-002
  2.162651488183447E-002
  2.162660468390132E-002
  2.162668792155559E-002
  2.162676481728290E-002
  2.162683563765862E-002
  2.162690093722426E-002
  2.162696091409019E-002
  2.162701555327429E-002
  2.162706542773372E-002
  2.162711048595420E-002
  2.162715109421347E-002
  2.162718688580491E-002
  2.162721796417709E-002
  2.162723643012125E-002
  2.162756301881667E-002
