  0.148215289011609     
  0.150273811600156     
  0.151266530890926     
  0.151786988640861     
  0.152091137498397     
  0.152272823651375     
  0.152401445866943     
  0.152494904637618     
  0.152564213744551     
  0.152616466214651     
  0.152660924746798     
  0.152695821052845     
  0.152724430537453     
  0.152748791460922     
  0.152770091160991     
  0.152789783950508     
  0.152807548560874     
  0.152823881014513     
  0.152839091861711     
  0.152853374274478     
  0.152866901978983     
  0.152879745275709     
  0.152892005340779     
  0.152903746061440     
  0.152915222471463     
  0.152926252426778     
  0.152936793932203     
  0.152946909344795     
  0.152956660428502     
  0.152965970197176     
  0.152974958243655     
  0.152983514308593     
  0.152991755134398     
  0.152999555819148     
  0.153007242283367     
  0.153015718781800     
  0.153023170713306     
  0.153029703827053     
  0.153043505784060     
  0.153057193778436     
  0.153068245431649     
  0.153077341572945     
  0.153085092567659     
  0.153091876407665     
  0.153097894502454     
  0.153103279784375     
  0.153108121503057     
  0.153112531618034     
  0.153116497179510     
  0.153120085938954     
  0.153123273240770     
  0.153126156988391     
  0.153128779968622     
  0.153131171005287     
  0.153133352659581     
  0.153135368181018     
  0.153137193597499     
  0.153138857607422     
  0.153140377963324     
  0.153141768129144     
  0.153143225121112     
  0.153144469074532     
  0.153145686039320     
  0.153146808092378     
  0.153147777651001     
  0.153148680329494     
  0.153149486067016     
  0.153150215211581     
  0.153150876728777     
  0.153151477455794     
  0.153152023396623     
  0.153152519675455     
  0.153152970014460     
  0.153153379354410     
  0.153153751457325     
  0.153154089479953     
  0.153154396133252     
  0.153154674529726     
  0.153154926667181     
  0.153155155432346     
  0.153155362130083     
  0.153155549199987     
  0.153155718344451     
  0.153155870706045     
  0.153156007643862     
  0.153156130291462     
  0.153156240812607     
  0.153156339322700     
  0.153156427827588     
  0.153156506333939     
  0.153156576203969     
  0.153156638677865     
  0.153156693723246     
  0.153156743196418     
  0.153156786886621     
  0.153156825825207     
  0.153156860575736     
  0.153156892302475     
  0.153156929751728     
  6.960146195981688E-312
  0.917770034039932     
  0.924345507139101     
  0.928449995148822     
  0.931116212101601     
  0.932881045570358     
  0.934056340712953     
  0.934856380656033     
  0.935410817777958     
  0.935802046650972     
  0.936083338371805     
  0.936291499376565     
  0.936447474632956     
  0.936567150711367     
  0.936661035978321     
  0.936736205636623     
  0.936797798950506     
  0.936848871813342     
  0.936891898561565     
  0.936928654870845     
  0.936960404693770     
  0.936988123137257     
  0.937012526488391     
  0.937034186350503     
  0.937053539622395     
  0.937071015860000     
  0.937086802916177     
  0.937101099165417     
  0.937114105999280     
  0.937125996140739     
  0.937136863091169     
  0.937146865112837     
  0.937156055022347     
  0.937164580470094     
  0.937172495168304     
  0.937179978359158     
  0.937187496673644     
  0.937194428069922     
  0.937200738649486     
  0.937209783164897     
  0.937218533937978     
  0.937225972448460     
  0.937232385972935     
  0.937238036387478     
  0.937243098052636     
  0.937247654292776     
  0.937251712310327     
  0.937255317142447     
  0.937258544784493     
  0.937261420591917     
  0.937264003124831     
  0.937266336595723     
  0.937268440252744     
  0.937270329786073     
  0.937272019947216     
  0.937273525243865     
  0.937274870156396     
  0.937276052505424     
  0.937277092208604     
  0.937278004726280     
  0.937278804021260     
  0.937279576922260     
  0.937280213819199     
  0.937280796629974     
  0.937281302752713     
  0.937281713407097     
  0.937282067934146     
  0.937282358161667     
  0.937282595761065     
  0.937282786465855     
  0.937282936333171     
  0.937283050502229     
  0.937283134511710     
  0.937283192186645     
  0.937283227745183     
  0.937283244585284     
  0.937283245571547     
  0.937283233120072     
  0.937283209558782     
  0.937283176602064     
  0.937283136265139     
  0.937283089842624     
  0.937283038904077     
  0.937282984745217     
  0.937282928040441     
  0.937282869741029     
  0.937282810425770     
  0.937282751394340     
  0.937282692751090     
  0.937282635419695     
  0.937282579667552     
  0.937282526180261     
  0.937282475919183     
  0.937282429169325     
  0.937282387281018     
  0.937282351256585     
  0.937282323047663     
  0.937282305459139     
  0.937282302592292     
  0.937282320882401     
  -20.2759968258180     
  0.000000000000000E+000
  0.000000000000000E+000
  0.000000000000000E+000
  0.000000000000000E+000
  0.000000000000000E+000
  0.000000000000000E+000
  0.000000000000000E+000
  0.000000000000000E+000
  0.000000000000000E+000
  0.000000000000000E+000
  0.000000000000000E+000
  0.000000000000000E+000
  0.000000000000000E+000
  0.000000000000000E+000
  0.000000000000000E+000
  0.000000000000000E+000
  0.000000000000000E+000
  0.000000000000000E+000
  0.000000000000000E+000
  0.000000000000000E+000
  0.000000000000000E+000
  0.000000000000000E+000
  0.000000000000000E+000
  0.000000000000000E+000
  0.000000000000000E+000
  0.000000000000000E+000
  0.000000000000000E+000
  0.000000000000000E+000
  0.000000000000000E+000
  0.000000000000000E+000
  0.000000000000000E+000
  0.000000000000000E+000
  0.000000000000000E+000
  0.000000000000000E+000
  0.000000000000000E+000
  0.000000000000000E+000
  0.000000000000000E+000
  0.000000000000000E+000
  0.000000000000000E+000
  0.000000000000000E+000
  0.000000000000000E+000
  0.000000000000000E+000
  0.000000000000000E+000
  0.000000000000000E+000
  0.000000000000000E+000
  0.000000000000000E+000
  0.000000000000000E+000
  0.000000000000000E+000
  0.000000000000000E+000
  0.000000000000000E+000
  0.000000000000000E+000
  0.000000000000000E+000
  0.000000000000000E+000
  0.000000000000000E+000
  0.000000000000000E+000
  0.000000000000000E+000
  0.000000000000000E+000
  0.000000000000000E+000
  0.000000000000000E+000
  0.000000000000000E+000
  0.000000000000000E+000
  0.000000000000000E+000
  0.000000000000000E+000
  0.000000000000000E+000
  0.000000000000000E+000
  0.000000000000000E+000
  0.000000000000000E+000
  0.000000000000000E+000
  0.000000000000000E+000
  0.000000000000000E+000
  0.000000000000000E+000
  0.000000000000000E+000
  0.000000000000000E+000
  0.000000000000000E+000
  0.000000000000000E+000
  0.000000000000000E+000
  0.000000000000000E+000
  0.000000000000000E+000
  0.000000000000000E+000
  0.000000000000000E+000
  0.000000000000000E+000
  0.000000000000000E+000
  0.000000000000000E+000
  0.000000000000000E+000
  0.000000000000000E+000
  0.000000000000000E+000
  0.000000000000000E+000
  0.000000000000000E+000
  0.000000000000000E+000
  0.000000000000000E+000
  0.000000000000000E+000
  0.000000000000000E+000
  0.000000000000000E+000
  0.000000000000000E+000
  0.000000000000000E+000
  0.000000000000000E+000
  0.000000000000000E+000
  0.000000000000000E+000
  0.000000000000000E+000
  -10.8822180199936     
  8.222996596007072E-002
  7.565449286089958E-002
  7.155000485118766E-002
  6.888378789839872E-002
  6.711895442963986E-002
  6.594365928704360E-002
  6.514361934396527E-002
  6.458918222203407E-002
  6.419795334904389E-002
  6.391666162820266E-002
  6.370850062344531E-002
  6.355252536705958E-002
  6.343284928862929E-002
  6.333896402168079E-002
  6.326379436339130E-002
  6.320220104949698E-002
  6.315112818665466E-002
  6.310810143843343E-002
  6.307134512915202E-002
  6.303959530622796E-002
  6.301187686274355E-002
  6.298747351161639E-002
  6.296581364949765E-002
  6.294646037761491E-002
  6.292898414000085E-002
  6.291319708383797E-002
  6.289890083458102E-002
  6.288589400072267E-002
  6.287400385926749E-002
  6.286313690883848E-002
  6.285313488715746E-002
  6.284394497763679E-002
  6.283541952989348E-002
  6.282750483169623E-002
  6.282002164084421E-002
  6.281250332636182E-002
  6.280557193007609E-002
  6.279926135051769E-002
  6.279021683510598E-002
  6.278146606203662E-002
  6.277402755154142E-002
  6.276761402707529E-002
  6.276196361252280E-002
  6.275690194736556E-002
  6.275234570721730E-002
  6.274828768968257E-002
  6.274468285755419E-002
  6.274145521551326E-002
  6.273857940810104E-002
  6.273599687517188E-002
  6.273366340428740E-002
  6.273155974726038E-002
  6.272967021392699E-002
  6.272798005278342E-002
  6.272647475613309E-002
  6.272512984360556E-002
  6.272394749458335E-002
  6.272290779140133E-002
  6.272199527372660E-002
  6.272119597873520E-002
  6.272042307775083E-002
  6.271978618081073E-002
  6.271920337003305E-002
  6.271869724728636E-002
  6.271828659289813E-002
  6.271793206586374E-002
  6.271764183833836E-002
  6.271740423893747E-002
  6.271721353414043E-002
  6.271706366684127E-002
  6.271694949776967E-002
  6.271686548828706E-002
  6.271680781336780E-002
  6.271677225481988E-002
  6.271675541471269E-002
  6.271675442846081E-002
  6.271676687992078E-002
  6.271679044122061E-002
  6.271682339793831E-002
  6.271686373487108E-002
  6.271691015737815E-002
  6.271696109592438E-002
  6.271701525477320E-002
  6.271707195956308E-002
  6.271713025896639E-002
  6.271718957424073E-002
  6.271724860567353E-002
  6.271730724891626E-002
  6.271736458031410E-002
  6.271742033244200E-002
  6.271747381973918E-002
  6.271752408082511E-002
  6.271757083067153E-002
  6.271761271899484E-002
  6.271764874342135E-002
  6.271767695233482E-002
  6.271769454086841E-002
  6.271769740771789E-002
  6.271767911759545E-002
  -6.80233407679940     
