  0.129766936970350     
  0.129598898127059     
  0.129473800681299     
  0.129385950294780     
  0.129325452582085     
  0.129283761826359     
  0.129254723329467     
  0.129234246616211     
  0.129219651845626     
  0.129208750040000     
  0.129200810278772     
  0.129194745970190     
  0.129190019131542     
  0.129186264776512     
  0.129183131235423     
  0.129180585332121     
  0.129178413487561     
  0.129176529644271     
  0.129174866064428     
  0.129173382165922     
  0.129172049809381     
  0.129170840059133     
  0.129169718230621     
  0.129168701858022     
  0.129167764619405     
  0.129166900166054     
  0.129166096453500     
  0.129165358995668     
  0.129164676999083     
  0.129164049183624     
  0.129163471565794     
  0.129162929593013     
  0.129162433053632     
  0.129161653092701     
  0.129161264637819     
  0.129160826571498     
  0.129159296909132     
  0.129158874039019     
  0.129158469242269     
  0.129158001675167     
  0.129157515427607     
  0.129157045131079     
  0.129156601712342     
  0.129156188924180     
  0.129155808522762     
  0.129155458155027     
  0.129155138258937     
  0.129154847587939     
  0.129154584323493     
  0.129154345763094     
  0.129154117230993     
  0.129153909409491     
  0.129153720139335     
  0.129153548930975     
  0.129153392714895     
  0.129153250152548     
  0.129153119796128     
  0.129152999477746     
  0.129152888565074     
  0.129152770409073     
  0.129152670779329     
  0.129152582648001     
  0.129152503603217     
  0.129152429108129     
  0.129152360921182     
  0.129152298618645     
  0.129152241019026     
  0.129152187999250     
  0.129152139478799     
  0.129152095995081     
  0.129152055237348     
  0.129152018552108     
  0.129151984900778     
  0.129151953826630     
  0.129151925422048     
  0.129151899639493     
  0.129151875606420     
  0.129151853957459     
  0.129151833773424     
  0.129151815536863     
  0.129151798915997     
  0.129151783083372     
  0.129151768792925     
  0.129151755446347     
  0.129151743189762     
  0.129151731739234     
  0.129151721479813     
  0.129151711652691     
  0.129151702348681     
  0.129151693837707     
  0.129151685011006     
  0.129151676703800     
  0.129151668302424     
  0.129151660066494     
  0.129151651661030     
  0.129151642212290     
  0.129151631691894     
  0.129151619210386     
  0.129151608386499     
  0.129151844366280     
