  3.495543141405794E-002
  3.495595139259168E-002
  3.495489148138285E-002
  3.495307596077183E-002
  3.495061570077992E-002
  3.494795942385656E-002
  3.494509111582453E-002
  3.494207228273846E-002
  3.493897816471510E-002
  3.493588716944192E-002
  3.493277836332036E-002
  3.492970817160072E-002
  3.492669579704191E-002
  3.492377607482042E-002
  3.492096200241113E-002
  3.491826304529588E-002
  3.491568246621825E-002
  3.491322387085748E-002
  3.491088631175031E-002
  3.490867788634416E-002
  3.490659147231919E-002
  3.490462445816626E-002
  3.490277437600727E-002
  3.490103976048163E-002
  3.489941361671275E-002
  3.489788937287569E-002
  3.489646346066456E-002
  3.489513085532115E-002
  3.489388554105448E-002
  3.489272337782678E-002
  3.489163822631301E-002
  3.489062390171426E-002
  3.488967757977574E-002
  3.488879004168709E-002
  3.488799925283251E-002
  3.488722971198228E-002
  3.488656975273004E-002
  3.488604764838261E-002
  3.488556504354991E-002
  3.488509875980005E-002
  3.488465652398675E-002
  3.488423821878461E-002
  3.488384511227090E-002
  3.488347470887250E-002
  3.488312926777469E-002
  3.488280562512037E-002
  3.488250478122636E-002
  3.488222334387548E-002
  3.488196012082592E-002
  3.488171165419787E-002
  3.488151681042947E-002
  3.488133408813548E-002
  3.488116330609649E-002
  3.488100271525457E-002
  3.488085202469603E-002
  3.488070998978227E-002
  3.488057675437761E-002
  3.488045122205283E-002
  3.488033362200003E-002
  3.488022595206428E-002
  3.488012024507130E-002
  3.488002341465000E-002
  3.487993272277345E-002
  3.487984805404984E-002
  3.487976823363512E-002
  3.487969286712290E-002
  3.487962229869869E-002
  3.487955579659073E-002
  3.487949319557457E-002
  3.487943388461746E-002
  3.487937908410631E-002
  3.487932672930042E-002
  3.487927817478607E-002
  3.487923246221984E-002
  3.487918970914295E-002
  3.487914930425969E-002
  3.487911201228660E-002
  3.487907655840409E-002
  3.487904387060933E-002
  3.487901273539377E-002
  3.487898420993699E-002
  3.487895739916760E-002
  3.487893240079350E-002
  3.487890902378324E-002
  3.487888718516969E-002
  3.487886713507360E-002
  3.487884801006112E-002
  3.487883065831216E-002
  3.487881432716585E-002
  3.487879927042020E-002
  3.487878534326427E-002
  3.487877250612994E-002
  3.487876046413094E-002
  3.487874931433069E-002
  3.487873900806673E-002
  3.487872935562408E-002
  3.487872051145913E-002
  3.487871234535597E-002
  3.487870729929126E-002
  3.487877853838044E-002
