  6.850148701423622E-003
  6.595990782115845E-003
  6.432478010749755E-003
  6.323932405784051E-003
  6.250947611579486E-003
  6.201163639307285E-003
  6.166583071152705E-003
  6.142200496479411E-003
  6.124802788662859E-003
  6.112252449414174E-003
  6.103132418086550E-003
  6.096461118894534E-003
  6.091559824401124E-003
  6.087956572268521E-003
  6.085310162387002E-003
  6.083377444966107E-003
  6.081979732317199E-003
  6.080985728491522E-003
  6.080297697666019E-003
  6.079845123648491E-003
  6.079571752662200E-003
  6.079435476142319E-003
  6.079404194763231E-003
  6.079453062302962E-003
  6.079562892923804E-003
  6.079718497350502E-003
  6.079907731827095E-003
  6.080121112998872E-003
  6.080351116575874E-003
  6.080591494620105E-003
  6.080837223418801E-003
  6.081083925447473E-003
  6.081326369791084E-003
  6.081560124563836E-003
  6.081783242056927E-003
  6.081991035319778E-003
  6.082177477358498E-003
  6.082348809933491E-003
  6.082507850480469E-003
  6.082657693572205E-003
  6.082798483238300E-003
  6.082931275992190E-003
  6.083056017898468E-003
  6.083174925600514E-003
  6.083293640492053E-003
  6.083413594571128E-003
  6.083533237068747E-003
  6.083651514734620E-003
  6.083767271748155E-003
  6.083879118455379E-003
  6.083980884686613E-003
  6.084078318511888E-003
  6.084171584116917E-003
  6.084260746067916E-003
  6.084345821027446E-003
  6.084426801694545E-003
  6.084503734996928E-003
  6.084576634401534E-003
  6.084645550658484E-003
  6.084710489896061E-003
  6.084771656547357E-003
  6.084829292531877E-003
  6.084883498144382E-003
  6.084934451521841E-003
  6.084982328005467E-003
  6.085027310306995E-003
  6.085069600196894E-003
  6.085109460713342E-003
  6.085147028060309E-003
  6.085182399670547E-003
  6.085215694370088E-003
  6.085246954571513E-003
  6.085276291227544E-003
  6.085303782205919E-003
  6.085329513838544E-003
  6.085353569348935E-003
  6.085376047530947E-003
  6.085397033243958E-003
  6.085416599314247E-003
  6.085434831579840E-003
  6.085451788046337E-003
  6.085467547793407E-003
  6.085482166355869E-003
  6.085495727351616E-003
  6.085508288376747E-003
  6.085519903525474E-003
  6.085530617575419E-003
  6.085540488258587E-003
  6.085549565802972E-003
  6.085557864147237E-003
  6.085565436420548E-003
  6.085572269735198E-003
  6.085578379561763E-003
  6.085583743384169E-003
  6.085588304622898E-003
  6.085591926496469E-003
  6.085594400368191E-003
  6.085595390560836E-003
  6.085594481144397E-003
  6.085614086850756E-003
