  -62.5201018523602     
  -62.5201018182366     
  -62.5201013063832     
  -62.5200990883534     
  -62.5200931167501     
  -62.5200805252714     
  -62.5200576288265     
  -62.5200199237736     
  -62.5199620883448     
  -62.5198779833402     
  -62.5197606531862     
  -62.5196023274676     
  -62.5193944230587     
  -62.5191275469916     
  -62.5187915002135     
  -62.5183752823997     
  -62.5178670980004     
  -62.5172543637122     
  -62.5165237175768     
  -62.5156610299192     
  -62.5146514163477     
  -62.5134792530441     
  -62.5121281945800     
  -62.5105811944974     
  -62.5088205288950     
  -62.5068278232581     
  -62.5045840827682     
  -62.5020697263189     
  -62.4992646244543     
  -62.4961481414328     
  -62.4926991815943     
  -62.4888962401928     
  -62.4847174588198     
  -62.4801406855149     
  -62.4751435396207     
  -62.4697034813924     
  -62.4637978863277     
  -62.4574041241240     
  -62.4504996421166     
  -62.4430620529845     
  -62.4350692264478     
  -62.4264993846091     
  -62.4173312005227     
  -62.4075438995017     
  -62.3971167926663     
  -62.3860056159004     
  -62.3741729315807     
  -62.3615936376455     
  -62.3482418278744     
  -62.3340934153027     
  -62.3191251495175     
  -62.3033098297374     
  -62.2866276501571     
  -62.2690518934851     
  -62.2505694089781     
  -62.2311498814206     
  -62.2107738040190     
  -62.1894287988929     
  -62.1670949920641     
  -62.1437072258841     
  -62.1192363541323     
  -62.0936668532677     
  -62.0669631545636     
  -62.0391101046791     
  -62.0101010098303     
  -61.9799009144573     
  -61.9484928163513     
  -61.9158563733693     
  -61.8819929954996     
  -61.8468900127698     
  -61.8104728852355     
  -61.7727127149287     
  -61.7335857527221     
  -61.6930812456859     
  -61.6512168453626     
  -61.6079473213887     
  -61.5632552425770     
  -61.5171349509782     
  -61.4695865292759     
  -61.4205440517380     
  -61.3699757915925     
  -61.3178912103580     
  -61.2642712399218     
  -61.2091172440198     
  -61.1523763382863     
  -61.0940448054106     
  -61.0341445795427     
  -60.9726295058028     
  -60.9094606924444     
  -60.8446465475704     
  -60.7781514631429     
  -60.7100012739148     
  -60.6401504639389     
  -60.5686112542130     
  -60.4953757867805     
  -60.4203541091232     
  -60.3435571541806     
  -60.2649996454633     
  -60.1846939053884     
  -60.1026293751360     
  -60.0188330198690     
  -59.9332574308599     
  -59.8457363305687     
  -59.7563663881621     
  -59.6651839152496     
  -59.5721866212450     
  -59.4774002064291     
  -59.3808283973589     
  -59.2823312815016     
  -59.1818226901473     
  -59.0794269134916     
  -58.9751651177836     
  -58.8691016206808     
  -58.7612688349402     
  -58.6515199525261     
  -58.5397748720280     
  -58.4261353421873     
  -58.3106003007180     
  -58.1932132939133     
  -58.0739949876849     
  -57.9528277006862     
  -57.8297275379161     
  -57.7047671860971     
  -57.5779714446265     
  -57.4493651266068     
  -57.3188741382136     
  -57.1864646367759     
  -57.0521832955643     
  -56.9161012019788     
  -56.7782556213568     
  -56.6385591277903     
  -56.4970303321338     
  -56.3537344535273     
  -56.2087223622868     
  -56.0620187734833     
  -55.9135462259485     
  -55.7633115233187     
  -55.6113826888031     
  -55.4578085398276     
  -55.3026155922979     
  -55.1457577922565     
  -54.9872468104861     
  -54.8271441162748     
  -54.6655107357476     
  -54.5023555637482     
  -54.3376669051729     
  -54.1714795733569     
  -54.0038500783746     
  -53.8347992272273     
  -53.6643143278252     
  -53.4924264763096     
  -53.3192006361292     
  -53.1446768535420     
  -52.9688472357324     
  -52.7917204217224     
  -52.6133616793825     
  -52.4338273734089     
  -52.2531309133017     
  -52.0712790657375     
  -51.8883222848036     
  -51.7043190094425     
  -51.5192910174685     
  -51.3332426806932     
  -51.1462084431425     
  -50.9582424739340     
  -50.7693798387668     
  -50.5796290131572     
  -50.3890256080747     
  -50.1976190262523     
  -50.0054485783448     
  -49.8125325826480     
  -49.6189041652354     
  -49.4246111034238     
  -49.2296897550529     
  -49.0341638792691     
  -48.8380657173298     
  -48.6414396742752     
  -48.4443197596766     
  -48.2467288289087     
  -48.0486955593121     
  -47.8502569363413     
  -47.6514459349624     
  -47.4522855230058     
  -47.2528042174422     
  -47.0530356845903     
  -46.8530133155169     
  -46.6527627071735     
  -46.4523085706673     
  -46.2516788530978     
  -46.0509027986385     
  -45.8500131465765     
  -45.6490351043575     
  -45.4479936916134     
  -45.2469162910290     
  -45.0458330913661     
  -44.8447682723281     
  -44.6437465155533     
  -44.4427931877673     
  -44.2419348445974     
  -44.0411944481043     
  -43.8405939575431     
  -43.6401562263948     
  -43.4399065583689     
  -43.2398664853407     
  -43.0400561221116     
  -42.8404976047145     
  -42.6412142584678     
  -42.4422252376305     
  -42.2435493730220     
  -42.0452073230582     
  -41.8472187590057     
  -41.6495993803916     
  -41.4523675423034     
  -41.2555427595715     
  -41.0591424042679     
  -40.8631803712804     
  -40.6676728323225     
  -40.4726365756723     
  -40.2780872699167     
  -40.0840372139652     
  -39.8904989609517     
  -39.6974812324477     
  -39.5050057173458     
  -39.3130839642882     
  -39.1217279928308     
  -38.9309472079649     
  -38.7407603412855     
  -38.5511774787835     
  -38.3622092583522     
  -38.1738647377799     
  -37.9861596216246     
  -37.7991018344438     
  -37.6126990806681     
  -37.4269607918843     
  -37.2419014631408     
  -37.0575286041537     
  -36.8738486832013     
  -36.6908695239425     
  -36.5086031297098     
  -36.3270560028544     
  -36.1462340129927     
  -35.9661441763524     
  -35.7867963807959     
  -35.6081958168964     
  -35.4303472723454     
  -35.2532563285871     
  -35.0769307856595     
  -34.9013749767648     
  -34.7265926998208     
  -34.5525882615019     
  -34.3793677843234     
  -34.2069346282883     
  -34.0352919332067     
  -33.8644435679604     
  -33.6943944077828     
  -33.5251469225599     
  -33.3567033917126     
  -33.1890667306482     
  -33.0222407467558     
  -32.8562271506557     
  -32.6910272046033     
  -32.5266423784702     
  -32.3630750210400     
  -32.2003268142780     
  -32.0383990558747     
  -31.8772928063361     
  -31.7170095370414     
  -31.5575494349709     
  -31.3989130544636     
  -31.2411008695598     
  -31.0841135934383     
  -30.9279507767466     
  -30.7726122529836     
  -30.6180977477930     
  -30.4644071932359     
  -30.3115396527219     
  -30.1594943610330     
  -30.0082704352436     
  -29.8578671248139     
  -29.7082830139766     
  -29.5595168168992     
  -29.4115674031177     
  -29.2644337203253     
  -29.1181141258452     
  -28.9726068667388     
  -28.8279102337428     
  -28.6840226968315     
  -28.5409423479178     
  -28.3986671320357     
  -28.2571950060770     
  -28.1165240532032     
  -27.9766521052868     
  -27.8375768405234     
  -27.6992959283619     
  -27.5618072097043     
  -27.4251083311110     
  -27.2891967299414     
  -27.1540699526126     
  -27.0197254540361     
  -26.8861590366538     
  -26.7533692006480     
  -26.6213534366608     
  -26.4901086939054     
  -26.3596310872094     
  -26.2299183102760     
  -26.1009679136851     
  -25.9727768005434     
  -25.8453411785022     
  -25.7186580847808     
  -25.5927249256775     
  -25.4675386549097     
  -25.3430955947972     
  -25.2193923724422     
  -25.0964260659503     
  -24.9741936104448     
  -24.8526914313385     
  -24.7319159152584     
  -24.6118638018514     
  -24.4925319290852     
  -24.3739168497379     
  -24.2560149435983     
  -24.1388227431715     
  -24.0223369281246     
  -23.9065540470456     
  -23.7914704670761     
  -23.6770825790343     
  -23.5633868888870     
  -23.4503798900754     
  -23.3380579549708     
  -23.2264174022307     
  -23.1154546051089     
  -23.0051659829432     
  -22.8955479044104     
  -22.7865966688814     
  -22.6783085858418     
  -22.5706800047736     
  -22.4637072738593     
  -22.3573867036333     
  -22.2517145821441     
  -22.1466872169683     
  -22.0423009367921     
  -21.9385520613079     
  -21.8354368912765     
  -21.7329517288639     
  -21.6310928946687     
  -21.5298567186719     
  -21.4292395248342     
  -21.3292376358425     
  -21.2298473962963     
  -21.1310651710545     
  -21.0328873140590     
  -20.9353101606544     
  -20.8383300431241     
  -20.7419433267714     
  -20.6461463780270     
  -20.5509355004237     
  -20.4563069814635     
  -20.3622571829751     
  -20.2687824932622     
  -20.1758792717500     
  -20.0835438248371     
  -19.9917724888271     
  -19.9005616785443     
  -19.8099078143105     
  -19.7198072778406     
  -19.6302564256823     
  -19.5412516675358     
  -19.4527894756225     
  -19.3648663252181     
  -19.2774786868316     
  -19.1906230353797     
  -19.1042958581030     
  -19.0184936823667     
  -18.9332130229877     
  -18.8484504367799     
  -18.7642024831323     
  -18.6804657213229     
  -18.5972367313301     
  -18.5145120987534     
  -18.4322884648154     
  -18.3505624824964     
  -18.2693307909241     
  -18.1885899046051     
  -18.1083367113944     
  -18.0285674795098     
  -17.9492794366444     
  -17.8704691002942     
  -17.7921333040811     
  -17.7142689723733     
  -17.6368736867577     
  -17.5599450166296     
  -17.4834796045372     
  -17.4074743568528     
  -17.3319261309604     
  -17.2568324126736     
  -17.1821897115541     
  -17.1079942662701     
  -17.0342430701667     
  -16.9609330285163     
  -16.8880616065044     
  -16.8156255347965     
  -16.7436212684856     
  -16.6720458443429     
  -16.6008962439356     
  -16.5301699039757     
  -16.4598637720131     
  -16.3899745229762     
  -16.3204992393147     
  -16.2514350082973     
  -16.1827792509787     
  -16.1145291080342     
  -16.0466814660989     
  -15.9792334625009     
  -15.9121822919651     
  -15.8455253802655     
  -15.7792600280964     
  -15.7133833204950     
  -15.6478924640876     
  -15.5827847505717     
  -15.5180576310356     
  -15.4537085298770     
  -15.3897347120308     
  -15.3261334715133     
  -15.2629021843440     
  -15.2000383450365     
  -15.1375394757572     
  -15.0754030001403     
  -15.0136263171434     
  -14.9522068845876     
  -14.8911422606520     
  -14.8304300497488     
  -14.7700678066711     
  -14.7100530439903     
  -14.6503832919585     
  -14.5910561611806     
  -14.5320693273016     
  -14.4734204546497     
  -14.4151071720906     
  -14.3571271066066     
  -14.2994779385529     
  -14.2421574116693     
  -14.1851632815661     
  -14.1284932780477     
  -14.0721451228862     
  -14.0161165754339     
  -13.9604054471978     
  -13.9050095741539     
  -13.8499267830249     
  -13.7951548883776     
  -13.7406917229053     
  -13.6865351591533     
  -13.6326831048616     
  -13.5791334776475     
  -13.5258841874399     
  -13.4729331476895     
  -13.4202782980461     
  -13.3679176111688     
  -13.3158490821405     
  -13.2640707089738     
  -13.2125804880362     
  -13.1613764282777     
  -13.1104565651607     
  -13.0598189620361     
  -13.0094616984069     
  -12.9593828565943     
  -12.9095805219900     
  -12.8600527953355     
  -12.8107978024168     
  -12.7618136926531     
  -12.7130986282505     
  -12.6646507750349     
  -12.6164683047745     
  -12.5685494048347     
  -12.5208922860560     
  -12.4734951813431     
  -12.4263563332077     
  -12.3794739872043     
  -12.3328463967359     
  -12.2864718311924     
  -12.2403485877093     
  -12.1944749929506     
  -12.1488493698156     
  -12.1034700345297     
  -12.0583353219412     
  -12.0134433882272     
  -11.9687922703758     
  -11.9243808260160     
  -11.8802080147208     
  -11.8362722233235     
  -11.7925718674423     
  -11.7491052164824     
  -11.7058703025064     
  -11.6628652137177     
  -11.6200887597985     
  -11.5775394199308     
  -11.5352156907968     
  -11.4931159518589     
  -11.4512383914126     
  -11.4095812295095     
  -11.3681432527026     
  -11.3269230396927     
  -11.2859191648534     
  -11.2451301172495     
  -11.2045542327353     
  -11.1641898481911     
  -11.1240357124819     
  -11.0840904950635     
  -11.0443528423655     
  -11.0048213435855     
  -10.9654944687921     
  -10.9263706635551     
  -10.8874486467366     
  -10.8487271594566     
  -10.8102049176926     
  -10.7718805976004     
  -10.7337527798578     
  -10.6958200102270     
  -10.6580809988480     
  -10.6205345353117     
  -10.5831794014771     
  -10.5460143504136     
  -10.5090380715001     
  -10.4722492116245     
  -10.4356465001548     
  -10.3992287571905     
  -10.3629948218278     
  -10.3269435185962     
  -10.2910736337586     
  -10.2553839114266     
  -10.2198731182714     
  -10.1845400928023     
  -10.1493837180615     
  -10.1144028802058     
  -10.0795964473062     
  -10.0449632589954     
  -10.0105021459231     
  -9.97621197222729     
  -9.94209164803707     
  -9.90814010832738     
  -9.87435628866019     
  -9.84073910769287     
  -9.80728746722910     
  -9.77400027514170     
  -9.74087647101156     
  -9.70791502733653     
  -9.67511493191900     
  -9.64247516957959     
  -9.60999471198564     
  -9.57767252373253     
  -9.54550758169134     
  -9.51349888995710     
  -9.48164547688755     
  -9.44994638046380     
  -9.41840063487935     
  -9.38700726589347     
  -9.35576529923963     
  -9.32467377362090     
  -9.29373174944662     
  -9.26293830448171     
  -9.23229252401613     
  -9.20179349095766     
  -9.17144028358100     
  -9.14123198269123     
  -9.11116768149356     
  -9.08124649125266     
  -9.05146753790078     
  -9.02182995341158     
  -8.99233286827988     
  -8.96297541059468     
  -8.93375671473973     
  -8.90467592625883     
  -8.87573220358422     
  -8.84692471476231     
  -8.81825263403259     
  -8.78971513617605     
  -8.76131139679028     
  -8.73304060149494     
  -8.70490194262640     
  -8.67689462305120     
  -8.64901785474441     
  -8.62127085818878     
  -8.59365288092517     
  -8.56616349894986     
  -8.53880204072516     
  -8.51156773604792     
  -8.48445982104934     
  -8.45747754011808     
  -8.43062001596393     
  -8.40388619407877     
  -8.37727560837568     
  -8.35078760896065     
  -8.32442146473472     
  -8.29817644916477     
  -8.27205184615568     
  -8.24604684904169     
  -8.22016051126258     
  -8.19439231754614     
  -8.16874164955052     
  -8.14320781905648     
  -8.11779013561940     
  -8.09248791854989     
  -8.06730042657764     
  -8.04222681286857     
  -8.01726650937244     
  -7.99241892960777     
  -7.96768342800354     
  -7.94305934910938     
  -7.91854604527495     
  -7.89414283285344     
  -7.86984895193848     
  -7.84566379916420     
  -7.82158681106163     
  -7.79761738351914     
  -7.77375489508379     
  -7.74999872875243     
  -7.72634824956978     
  -7.70280277282995     
  -7.67936168431346     
  -7.65602443002176     
  -7.63279044260975     
  -7.60965913546409     
  -7.58662992111967     
  -7.56370220507299     
  -7.54087536364893     
  -7.51814879396919     
  -7.49552194473463     
  -7.47299427740396     
  -7.45056524038905     
  -7.42823427599994     
  -7.40600082381180     
  -7.38386430886886     
  -7.36182415529868     
  -7.33987981748057     
  -7.31803077516265     
  -7.29627650799382     
  -7.27461648847635     
  -7.25305018632897     
  -7.23157706551163     
  -7.21019658402191     
  -7.18890821075353     
  -7.16771143746446     
  -7.14660576774997     
  -7.12559070346749     
  -7.10466574301242     
  -7.08383038192988     
  -7.06308411165286     
  -7.04242642448400     
  -7.02185682556325     
  -7.00137483550022     
  -6.98097998088938     
  -6.96067178717523     
  -6.94044977942385     
  -6.92031347936226     
  -6.90026240510999     
  -6.88029607902491     
  -6.86041403478315     
  -6.84061581678153     
  -6.82090097436243     
  -6.80126905722279     
  -6.78171961487819     
  -6.76225219362524     
  -6.74286633841728     
  -6.72356160028955     
  -6.70433753886659     
  -6.68519372074425     
  -6.66612971581790     
  -6.64714509688012     
  -6.62823943679746     
  -6.60941230557347     
  -6.59066327291010     
  -6.57199191458226     
  -6.55339781306678     
  -6.53488055602710     
  -6.51643973462296     
  -6.49807494342533     
  -6.47978577759254     
  -6.46157183211568     
  -6.44343270070121     
  -6.42536798192633     
  -6.40737739925339     
  -6.38946073019345     
  -6.37161758505782     
  -6.35384757277495     
  -6.33615030528598     
  -6.31852537512815     
  -6.30097218538759     
  -6.28349029897875     
  -6.26607943725991     
  -6.24873936937339     
  -6.23146973147634     
  -6.21427015184054     
  -6.19714026231247     
  -6.18007968072225     
  -6.16308787993322     
  -6.14616443782089     
  -6.12930906434637     
  -6.11252151915951     
  -6.09580146980638     
  -6.07914856265050     
  -6.06256244681966     
  -6.04604276439535     
  -6.02958905710093     
  -6.01320091542215     
  -5.99687803431648     
  -5.98062016370234     
  -5.96442700241452     
  -5.94829821966208     
  -5.93223348214824     
  -5.91623245302022     
  -5.90029473238849     
  -5.88441992835510     
  -5.86860772269172     
  -5.85285785454197     
  -5.83717004719297     
  -5.82154399374623     
  -5.80597937812642     
  -5.79047588281698     
  -5.77503315633461     
  -5.75965083290934     
  -5.74432858695732     
  -5.72906614531001     
  -5.71386324545370     
  -5.69871960497837     
  -5.68363492746166     
  -5.66860891335016     
  -5.65364124742953     
  -5.63873159550386     
  -5.62387963507142     
  -5.60908508141659     
  -5.59434767584838     
  -5.57966715654515     
  -5.56504324837489     
  -5.55047566959541     
  -5.53596413098549     
  -5.52150832885356     
  -5.50710795494753     
  -5.49276272037855     
  -5.47847236383149     
  -5.46423663573342     
  -5.45005528056004     
  -5.43592803448045     
  -5.42185462800356     
  -5.40783478338976     
  -5.39386821417354     
  -5.37995463752392     
  -5.36609378889773     
  -5.35228542196393     
  -5.33852929532067     
  -5.32482516250348     
  -5.31117277224202     
  -5.29757186883389     
  -5.28402218878079     
  -5.27052346277484     
  -5.25707542704286     
  -5.24367783395000     
  -5.23033045048927     
  -5.21703304833747     
  -5.20378539117193     
  -5.19058723920516     
  -5.17743835016352     
  -5.16433847525876     
  -5.15128736128674     
  -5.13828476159598     
  -5.12533044597331     
  -5.11242419400110     
  -5.09956578596231     
  -5.08675499711080     
  -5.07399160279528     
  -5.06127537395069     
  -5.04860607606012     
  -5.03598347149441     
  -5.02340732786725     
  -5.01087742654316     
  -4.99839355742642     
  -4.98595552355567     
  -4.97356313090524     
  -4.96121629890131     
  -4.94891483937260     
  -4.93665853062448     
  -4.92444714802193     
  -4.91228046831324     
  -4.90015819574614     
  -4.88808004737746     
  -4.87604583059435     
  -4.86405536579642     
  -4.85210856271636     
  -4.84020524305395     
  -4.82834519839214     
  -4.81652822084931     
  -4.80475409577681     
  -4.79302255655887     
  -4.78133337118399     
  -4.76968634906713     
  -4.75808131122092     
  -4.74651817744533     
  -4.73499675760175     
  -4.72351686130426     
  -4.71207834297047     
  -4.70068098652770     
  -4.68932457894377     
