   1.82280949562560     
   1.82046367920773     
   1.81791207984046     
   1.81525957447126     
   1.81257146649574     
   1.80988646685068     
   1.80723096739742     
   1.80463038444171     
   1.80209871921706     
   1.79964916201315     
   1.79729019481545     
   1.79502498055154     
   1.79285735346935     
   1.79078844034918     
   1.78881729566203     
   1.78694438650433     
   1.78516714802758     
   1.78348316157085     
   1.78189171115138     
   1.78038736440886     
   1.77896740497527     
   1.77762750923203     
   1.77636608185037     
   1.77517751107210     
   1.77405857626972     
   1.77300512771239     
   1.77201461847163     
   1.77108414166331     
   1.77021039229219     
   1.76939003670218     
   1.76862057555712     
   1.76789888644182     
   1.76722216016349     
   1.76658790242760     
   1.76599349766196     
   1.76543664397870     
   1.76491566010062     
   1.76442828894511     
   1.76397211834286     
   1.76354538115600     
   1.76314688104931     
   1.76277409624890     
   1.76242574333330     
   1.76210037949434     
   1.76179649798512     
   1.76151277154305     
   1.76124791515672     
   1.76100076394058     
   1.76077010087003     
   1.76055488003832     
   1.76035420468802     
   1.76016704594785     
   1.75999248976263     
   1.75983000702496     
   1.75967868395488     
   1.75953767737533     
   1.75940627547500     
   1.75928384842389     
   1.75916975063629     
   1.75906350716112     
   1.75896456899491     
   1.75887256932163     
   1.75878702346866     
   1.75870747912539     
   1.75863340309342     
   1.75856450802146     
   1.75850041610738     
   1.75844091597759     
   1.75838559063399     
   1.75833435449717     
   1.75828670471385     
   1.75824234005404     
   1.75820162130548     
   1.75816395633011     
   1.75812903968082     
   1.75809661715175     
   1.75806656639457     
   1.75803872250269     
   1.75801289946266     
   1.75798896037257     
   1.75796681755341     
   1.75794634073050     
   1.75792740947935     
   1.75790989467702     
   1.75789372796721     
   1.75787883433531     
   1.75786508788240     
   1.75785242601960     
   1.75784083226334     
   1.75783013943382     
   1.75782035493868     
   1.75781138989492     
   1.75780321373534     
   1.75779576571893     
   1.75778905463391     
   1.75778305509631     
   1.75777777006003     
   1.75777320572908     
   1.75776951852337     
   1.75770655512521     
