  1.120752678717829E-006
  1.120752942515621E-006
  1.120755663248504E-006
  1.120765015317221E-006
  1.120786444828327E-006
  1.120826412426639E-006
  1.120892251403037E-006
  1.120992073228441E-006
  1.121134698618879E-006
  1.121329604299828E-006
  1.121586880259459E-006
  1.121917194431352E-006
  1.122331762869399E-006
  1.122842324119793E-006
  1.123461116887596E-006
  1.124200860345198E-006
  1.125074736600168E-006
  1.126096374949775E-006
  1.127279837641417E-006
  8.972359975581703E-004
  2.115005996213153E-003
  3.110761348660899E-003
  4.710375659157354E-003
  5.903950945169892E-003
  7.405582536023904E-003
  9.879931449081867E-003
  1.289094796837155E-002
  1.529137718038317E-002
  1.870250260232885E-002
  2.255134903378415E-002
  2.685020783338799E-002
  3.194959422262079E-002
  3.684956672478071E-002
  4.185155616057983E-002
  4.795838228034759E-002
  5.512137410680051E-002
  6.288527696642054E-002
  7.112329788339894E-002
  8.009944159505604E-002
  8.974393281807569E-002
  0.100266831177806     
  0.111008965917703     
  0.121869319804496     
  0.134177687450156     
  0.147986590944560     
  0.162431052808966     
  0.177767399852995     
  0.194544454173886     
  0.212051984186616     
  0.230392223938360     
  0.249858767520378     
  0.270846632297614     
  0.292615166036667     
  0.315401311711489     
  0.339607599701307     
  0.365038516419200     
  0.390494306334304     
  0.416895609231509     
  0.445739013617307     
  0.476199224074934     
  0.508143920154931     
  0.541403454989553     
  0.576163162287037     
  0.612417747903099     
  0.650103722128077     
  0.689411467744134     
  0.730344474702434     
  0.772819996379521     
  0.817008750526217     
  0.862911987026848     
  0.910460914754454     
  0.959812595760553     
   1.01096078341663     
   1.06397977559986     
   1.11885451950233     
   1.17563816801221     
   1.23441516935234     
   1.29513278416838     
   1.35789225945583     
   1.42270715329546     
   1.48962460397671     
   1.55871256971537     
   1.63000204538132     
   1.70350436508405     
   1.77928782107676     
   1.85736527831190     
   1.93779075564623     
   2.02060646635555     
   2.10585086580571     
   2.19357349719593     
   2.28381777068721     
   2.37662950120297     
   2.47206305888022     
   2.57014004540795     
   2.67091844585371     
   2.77444760797479     
   2.88074096027919     
   2.98987018637781     
   3.10185829371335     
   3.21676498563380     
   3.33462852717389     
   3.45549550577222     
   3.57941350997965     
   3.70643107517461     
   3.83658918265959     
   3.96993664257507     
   4.10651939651154     
   4.24638313681391     
   4.38957606524669     
   4.53614686507862     
   4.68614018445552     
   4.83960713370151     
   4.99659260647171     
   5.15715175549035     
   5.32134886145196     
   5.48919370644656     
   5.66075733903595     
   5.83607499953580     
   6.01520401820392     
   6.19818738989804     
   6.38507914300353     
   6.57592936842181     
   6.77077979093154     
   6.96968629412401     
   7.17269534359711     
   7.37985914250253     
   7.59122518678075     
   7.80684879305673     
   8.02678006328418     
   8.25107134714293     
   8.47977317452565     
   8.71293662576052     
   8.95061314065924     
   9.19285410624975     
   9.43971439267782     
   9.69124454223188     
   9.94749731132417     
   10.2085259885044     
   10.4743868701420     
   10.7451333911206     
   11.0208083568446     
   11.3014708818096     
   11.5871731421404     
   11.8779688745646     
   12.1739123048087     
   12.4750570089475     
   12.7814574364342     
   13.0931681387958     
   13.4102441372497     
   13.7327407299383     
   14.0607122611185     
   14.3942084443353     
   14.7332874991915     
   15.0780078306669     
   15.4284216712147     
   15.7845858213161     
   16.1465558531972     
   16.5143871335026     
   16.8881357825732     
   17.2678572448385     
   17.6536081891266     
   18.0454450196025     
   18.4434258668917     
   18.8476070559982     
   19.2580573743436     
   19.6748100937322     
   20.0979422091052     
   20.5275034298018     
   20.9635480979982     
   21.4061431503944     
   21.8553405982718     
   22.3111991650637     
   22.7737818612619     
   23.2431427886548     
   23.7193419416174     
   24.2024399703863     
   24.6924933418159     
   25.1895622226701     
   25.6937070799326     
   26.2049855962881     
   26.7234584843399     
   27.2491848003449     
   27.7822252908298     
   28.3226404827077     
   28.8704920809022     
   29.4258392255463     
   29.9887434749854     
   30.5592666222460     
   31.1374682860776     
   31.7234107217109     
   32.3171559194639     
   32.9187640967417     
   33.5283013023252     
   34.1458296331896     
   34.7714087003368     
   35.4051048258316     
   36.0469803147102     
   36.6970948742386     
   37.3555155932736     
   38.0223042126244     
   38.6975219821905     
   39.3812358452903     
   40.0735076744881     
   40.7743999996976     
   41.4839789976861     
   42.2063595227303     
   42.9421942925180     
   43.6871472336973     
   44.4412855748832     
   45.2046769835514     
   45.9773893152247     
   46.7503395536666     
   47.5321434221733     
   48.3232059995259     
   49.1236473456572     
   49.9334904585236     
   50.7527893205911     
   51.5816611228160     
   52.4201348958304     
   53.2682631863091     
   54.1261581426781     
   54.9938571320648     
   55.8714121414258     
   56.7589279581762     
   57.6564510543109     
   58.5640332550000     
   59.4817721429321     
   60.4097221338536     
   61.3479371814088     
   62.2965060278472     
   63.2554913932564     
   64.2249465703581     
   65.2049522582741     
   66.1955794824830     
   67.1968829860519     
   68.2089412566545     
   69.2318242395787     
   70.2655935475126     
   71.3103219715011     
   72.3660819087133     
   73.4329372527168     
   74.5109585727712     
   75.6002192624127     
   76.7007859904654     
   77.8127274521965     
   78.9361174896377     
   80.0710237037827     
   81.2175176502749     
   82.3756688661354     
   83.5455490005934     
   84.7272287233476     
   85.9207774487981     
   87.1262671487856     
   88.3437690403557     
   89.5733538611598     
   90.8150928806960     
   92.0690661191208     
   93.3353638540716     
   94.6140624339002     
   95.9052648397962     
   97.2090713080610     
   98.5254971719662     
   99.8546254829456     
   101.196555219525     
   102.551357478260     
   103.919076784981     
   105.299799804923     
   106.693614327148     
   108.100584353283     
   109.520771751689     
   110.954260995839     
   112.401131438256     
   113.861450689734     
   115.335285672456     
   116.822720087470     
   118.323830181600     
   119.838683320685     
   121.367353663690     
   122.909920377111     
   124.466462524773     
   126.037047624707     
   127.621752301095     
   129.220655402798     
   130.833832876712     
   132.461355716876     
   134.103301252365     
   135.759745821753     
   137.430765164469     
   139.116433750335     
   140.816829664092     
   142.537523527558     
   144.289501039753     
   146.056806257506     
   147.839519510931     
   149.637721034749     
   151.445812294762     
   153.252133955800     
   155.073804890639     
   156.910890173525     
   158.763329691410     
   160.631464333935     
   162.515335071136     
   164.414940954951     
   166.330237535478     
   168.261520784000     
   170.208849149111     
   172.172234615666     
   174.151649748100     
   176.147339234916     
   178.159387621781     
   180.187817264438     
   182.232619251247     
   184.293986367437     
   186.372022440414     
   188.466767874516     
   190.578227515338     
   192.706550162828     
   194.851851945695     
   197.014190358478     
   199.193590167917     
   201.390154857866     
   203.604009081676     
   205.835225915539     
   208.083843751724     
   210.349947133424     
   212.633645882925     
   214.935032011817     
   217.254160049515     
   219.591101389921     
   221.945954463190     
   224.318811502223     
   226.709754601233     
   229.118840440182     
   231.546160117733     
   233.991809101176     
   236.455869864543     
   238.938415058455     
   241.439521350579     
   243.959281159312     
   246.497780858009     
   249.055102076160     
   251.631319967060     
   254.226519982879     
   256.840789475699     
   259.474217135226     
   262.126882573721     
   264.798858591677     
   267.490240190569     
   270.201109921550     
   272.931547778250     
   275.681642058702     
   278.451469215233     
   281.241122391542     
   284.050688416410     
   286.880244399462     
   289.729877291792     
   292.599671975152     
   295.489722301998     
   298.400096277650     
   301.330903280318     
   304.282193828714     
   307.254096229244     
   310.246662465360     
   313.259986173392     
   316.294174876097     
   319.349270469735     
   322.425414689045     
   325.522648044652     
   328.641071956891     
   331.780720354645     
   334.941894188759     
   338.124178584464     
   341.328660317033     
   344.554110065649     
   347.801301678372     
   351.070010792569     
   354.369858190918     
   357.724249089277     
   361.101258880696     
   364.500978653141     
   367.923500049371     
   371.358235779822     
   374.780191470986     
   378.236428817503     
   381.701847097779     
   385.194463787901     
   388.709841236183     
   392.244161258386     
   395.815147124798     
   399.396327964180     
   403.002509947987     
   406.633028185519     
   410.282504951056     
   413.967819734673     
   417.670812324059     
   421.391282463122     
   425.139108285053     
   428.906566168161     
   432.708154880140     
   436.533198786499     
   440.372319652939     
   444.233232137271     
   448.133512494937     
   452.046705219737     
   455.995587749714     
   459.956649618056     
   463.935516612746     
   467.963997372772     
   471.998138545543     
   476.067963637525     
   480.155436181239     
   484.259342176733     
   488.408373669509     
   492.571639429252     
   496.761323247637     
   500.981168718900     
   505.212690577818     
   509.481496064029     
   513.777498847208     
   518.091619080545     
   522.441239643181     
   526.806186908274     
   531.197624685694     
   535.626035264554     
   540.071193789577     
   544.547434100066     
   549.049426813955     
   553.571284631810     
   558.126726381860     
   562.709548569845     
   567.315361875004     
   571.952452655867     
   576.610918322248     
   581.297221861939     
   586.014882565210     
   590.757227076268     
   595.528062551527     
   600.326090831097     
   605.149137988388     
   610.000945210519     
   614.882769628998     
   619.790485317887     
   624.727862471805     
   629.690861634178     
   634.682945172642     
   639.702521434499     
   644.751893131578     
   649.827673802757     
   654.936858984629     
   660.067526116372     
   665.232262202076     
   670.421931602125     
   675.642180113924     
   680.892690768990     
   686.173739791693     
   691.475416194540     
   696.806451213140     
   702.182257925219     
   707.586203907321     
   713.004133859694     
   718.459723911984     
   723.936858106525     
   729.499569281741     
   735.114164038475     
   740.759557353173     
   746.435850378647     
   752.143144323128     
   757.828265869844     
   763.518205978449     
   769.236773953943     
   775.001184886667     
   780.816737410922     
   786.617310145529     
   792.467097878931     
   798.342412807270     
   804.239203813003     
   810.203472017460     
   816.189002399812     
   822.191651010637     
   828.223834141459     
   834.287152976835     
   840.365693170551     
   846.530951112050     
   852.691985973003     
   858.898926805810     
   865.118433289191     
   871.372959114903     
   877.631577880650     
   884.010607665011     
   890.351277029873     
   896.754654209430     
   903.170848058758     
   909.621084965721     
   916.074739477566     
   922.641946710779     
   929.188874238681     
   935.781851117996     
   942.402034966197     
   949.051702683938     
   955.707887813025     
