  0.379047647650927     
  0.378653613306873     
  0.378274180546396     
  0.377913026922179     
  0.377571077017424     
  0.377246708521751     
  0.376938231296969     
  0.376645242482914     
  0.376368249926433     
  0.376106560438778     
  0.375858907905436     
  0.375625807660382     
  0.375407681237112     
  0.375200822181531     
  0.375007839993271     
  0.374825562837770     
  0.374654928003983     
  0.374494850525917     
  0.374345125530834     
  0.374204857064949     
  0.374073372430821     
  0.373950477934783     
  0.373835812262392     
  0.373728359430310     
  0.373627758979410     
  0.373533033993430     
  0.373445001530244     
  0.373362653876327     
  0.373285712912410     
  0.373213875543736     
  0.373146567090260     
  0.373083830833137     
  0.373025254467860     
  0.372970455902593     
  0.372919321331829     
  0.372871532524821     
  0.372826855673415     
  0.372784974699667     
  0.372746042625770     
  0.372709692230142     
  0.372675469486000     
  0.372643159037886     
  0.372613504659754     
  0.372585811469884     
  0.372559979333907     
  0.372535849636175     
  0.372513324546495     
  0.372492297877467     
  0.372472673974252     
  0.372454332737119     
  0.372437253295285     
  0.372421356052056     
  0.372406520569766     
  0.372393448172010     
  0.372380561442788     
  0.372368501256019     
  0.372357244695966     
  0.372346727040229     
  0.372336911495128     
  0.372327731142769     
  0.372319689685517     
  0.372311693258550     
  0.372304289806852     
  0.372297329245597     
  0.372290833893142     
  0.372284767296373     
  0.372279103993484     
  0.372273738816810     
  0.372268825415724     
  0.372264132953982     
  0.372259868175464     
  0.372255906024779     
  0.372251991472221     
  0.372248475772627     
  0.372245318035981     
  0.372242373292347     
  0.372239625138668     
  0.372237069567942     
  0.372234695198961     
  0.372232485953714     
  0.372230420247949     
  0.372228495619550     
  0.372226705527792     
  0.372225038986651     
  0.372223488516196     
  0.372222042488260     
  0.372220701999420     
  0.372219449837149     
  0.372218288676309     
  0.372217216790232     
  0.372216218345660     
  0.372215293673185     
  0.372214432201706     
  0.372213634260866     
  0.372212887503141     
  0.372212190517726     
  0.372211540738602     
  0.372210936391609     
  0.372210384675807     
  0.372204510097694     
