   8.03765430374387     
   8.02322290256076     
   8.00826428029794     
   7.99417152974901     
   7.98075367082176     
   7.96811872796467     
   7.95621779057870     
   7.94483131896240     
   7.93400732282420     
   7.92370130742405     
   7.91389574263788     
   7.90462013784764     
   7.89574195523416     
   7.88737830571704     
   7.87950876089963     
   7.87201553568859     
   7.86499184074625     
   7.85835681375856     
   7.85206960524177     
   7.84621056567572     
   7.84074400312810     
   7.83557546770671     
   7.83071203387117     
   7.82616830203301     
   7.82189899495051     
   7.81792604037561     
   7.81416511137797     
   7.81065388421807     
   7.80736991640003     
   7.80428503306846     
   7.80139651266227     
   7.79869904691976     
   7.79617487929928     
   7.79380989320723     
   7.79159973450876     
   7.78953491327865     
   7.78763453578914     
   7.78584263671233     
   7.78416349031008     
   7.78259312401929     
   7.78112351669107     
   7.77977926666077     
   7.77850090156185     
   7.77730637620338     
   7.77619087487008     
   7.77514844866364     
   7.77417405169191     
   7.77326449328417     
   7.77241411630474     
   7.77161676076017     
   7.77088685039395     
   7.77020936568279     
   7.76957575638050     
   7.76897011430417     
   7.76840960246549     
   7.76789177721387     
   7.76741104707391     
   7.76695962229542     
   7.76653944278880     
   7.76614487181302     
   7.76577208062611     
   7.76542389694980     
   7.76509638970795     
   7.76479502573927     
   7.76451406392989     
   7.76425046713283     
   7.76400405955341     
   7.76377406585173     
   7.76355819600726     
   7.76335676912495     
   7.76317130646807     
   7.76299910326229     
   7.76285619786916     
   7.76271774990496     
   7.76258878221162     
   7.76246502888436     
   7.76234846709965     
   7.76223882072338     
   7.76213667174520     
   7.76204061250097     
   7.76195112094813     
   7.76186741979735     
   7.76178921841480     
   7.76171624275114     
   7.76164778959123     
   7.76158405829821     
   7.76152505776255     
   7.76147048133622     
   7.76142000456118     
   7.76137287755301     
   7.76132950541863     
   7.76128944150624     
   7.76125250883658     
   7.76121861103790     
   7.76118725920613     
   7.76115896123989     
   7.76113323297501     
   7.76111055299467     
   7.76109401955727     
   7.76082513872264     
