  8.080408950326583E-002
  3.892854007931838E-002
  6.902761106908458E-054
  0.000000000000000E+000
  5.809464230677481E-005
  4.030613067829410E-005
  3.698933002866753E-006
  1.147148821287570E-005
  6.336773998473294E-006
  2.401868599626823E-004
  1.828348639678670E-004
  1.842686561779797E-004
  6.639317152214546E-004
  5.467204919075677E-004
  2.848926526549442E-004
  6.416820758503123E-004
  5.723832263214605E-004
  5.206934158046591E-004
  2.950374847472107E-004
  2.778903587062310E-004
  5.436848742784802E-004
  6.282856404997415E-004
  5.540183693015173E-004
  5.184340074341511E-004
  5.176403318945618E-004
  4.312795058414977E-004
  5.236326354477197E-004
  6.089190132052004E-004
  6.471808220660024E-004
  5.973740590136574E-004
  5.179099229393031E-004
  5.310384935895175E-004
  5.804263096518352E-004
  6.088443415797173E-004
  6.184058861740561E-004
  5.708718526602236E-004
  5.774665446768642E-004
  6.374302205367846E-004
  6.622846108141545E-004
  6.007988109771926E-004
  5.714098183418543E-004
  6.067480768229873E-004
  6.320301862442505E-004
  6.006954371077896E-004
  6.071567932391600E-004
  6.388913572387409E-004
  6.550491994869706E-004
  6.364655547271874E-004
  6.500351023927336E-004
  6.708598862665896E-004
  6.722026579717355E-004
  6.766679570649802E-004
  6.931519908653188E-004
  6.910655984784953E-004
  6.982379228494816E-004
  6.814878659435218E-004
  6.783063798549945E-004
  6.810227292932040E-004
  6.868593309794224E-004
  6.900265005266410E-004
  6.962838428105306E-004
  7.021653126638565E-004
  7.038488456005574E-004
  7.067504723539259E-004
  7.115624132296535E-004
  7.154499519114041E-004
  7.188785405769619E-004
  7.241317457142005E-004
  7.261567148413809E-004
  7.289254559926215E-004
  7.320274456499029E-004
  7.351262752283312E-004
  7.392171896932965E-004
  7.413512066068873E-004
  7.458179977162642E-004
  7.484959058405118E-004
  7.503067670716142E-004
  7.530278838384270E-004
  7.556934427703351E-004
  7.577634852171649E-004
  7.594791814253663E-004
  7.625709589950045E-004
  7.642883068398725E-004
  7.597913730031721E-004
  7.806498361233822E-004
  7.246059067890112E-004
  7.199394932026587E-004
  7.174765693996951E-004
  7.166348392721471E-004
  7.143883942512115E-004
  7.144385819645752E-004
  7.118631529938467E-004
  7.124656158230890E-004
  7.085580071876066E-004
  7.112208808794439E-004
  7.032687552548430E-004
  7.102685771285461E-004
  6.963944443253978E-004
  7.063580970257504E-004
  6.987507641447555E-004
  6.552888650195272E-004
  6.510359305326127E-004
  6.430758736406239E-004
  6.419075795426222E-004
  6.315653397400122E-004
  6.354755592124545E-004
  6.197677467776185E-004
  6.269394864706105E-004
  6.168820408904056E-004
  5.767213356922009E-004
  5.708431526969676E-004
  5.600334856730230E-004
  5.595984893557249E-004
  5.435947701200368E-004
  5.542600000198722E-004
  5.141249199283483E-004
  4.998152280106822E-004
  4.909911686946643E-004
  4.823900249156628E-004
  4.818339731579092E-004
  4.486707865946521E-004
  4.325255005906795E-004
  4.262149455202403E-004
  4.212508557945639E-004
  3.903335686381249E-004
  3.752876329872707E-004
  3.768132021833360E-004
  3.432802365204032E-004
  3.361555259794115E-004
  3.208621419458660E-004
  3.017786101174824E-004
  2.890920864945945E-004
  2.707900854799986E-004
  2.568227188360412E-004
  2.399823044581070E-004
  2.252888343815567E-004
  2.098050833453388E-004
  1.950498685154856E-004
  1.805215192501717E-004
  1.663618586114946E-004
  1.526039062358121E-004
  1.393996201526588E-004
  1.268946448981679E-004
  1.151186471127943E-004
  1.040977515086942E-004
  9.406804700258452E-005
  8.489511322943099E-005
  7.684465548020489E-005
  7.000336513221309E-005
  6.404924246740425E-005
  5.995639889805542E-005
  5.699423825208004E-005
  5.433149206679691E-005
  5.187051027654528E-005
  4.958221391562224E-005
  4.743163491844012E-005
  4.539784404675370E-005
  4.347241571754930E-005
  4.165645227404998E-005
  3.994209438147813E-005
  3.831003433533791E-005
  3.674177107256735E-005
  3.526569911800911E-005
  3.384939338072474E-005
  3.249775403039744E-005
  3.119848078493677E-005
  2.995381906438302E-005
  2.876647515732254E-005
  2.762330209774617E-005
  2.652775869813853E-005
  2.547873974651219E-005
  2.447223929271934E-005
  2.351105190830445E-005
  2.258397112970353E-005
  2.169215388334509E-005
  2.084699971289387E-005
  2.002894746279291E-005
  1.924397945250943E-005
  1.849884949667771E-005
  1.777633676523939E-005
  1.708601917728798E-005
  1.642139417953022E-005
  1.577638170912499E-005
  1.516635357922079E-005
  1.457840924063319E-005
  1.400393964415951E-005
  1.346658289099179E-005
  1.294165653468816E-005
  1.242832409492012E-005
  1.195900505846593E-005
  1.148944806819801E-005
  1.102916131263392E-005
  1.062164829778538E-005
  1.020041478009504E-005
  9.787254552513145E-006
  9.434624614242786E-006
  9.053022639924003E-006
  8.681060446936595E-006
  8.380284224242909E-006
  8.033029880230701E-006
  7.696190296545613E-006
  7.440501478514127E-006
  7.124417908783131E-006
  6.818386793336968E-006
  6.601781063382043E-006
  6.350124298764635E-006
  6.107175397151390E-006
  5.920867424691584E-006
  5.692753472201791E-006
  5.473410314994851E-006
  5.257999338895157E-006
  5.052477980241126E-006
  4.854686192008341E-006
  4.663088207674157E-006
  4.480717351141186E-006
  4.305361420300995E-006
  4.134773466935748E-006
  3.972537472811132E-006
  3.817386804014691E-006
  3.666034627569311E-006
  3.521735265405082E-006
  3.384198019146805E-006
  3.250012597339224E-006
  3.121931621049272E-006
  3.000748311776621E-006
  2.882911556664525E-006
  2.768810722032087E-006
  2.660068666308376E-006
  2.555741872080786E-006
  2.454943893581836E-006
  2.358327425855602E-006
  2.265136701293999E-006
  2.175462629271212E-006
  2.089178047946491E-006
  2.006232243904380E-006
  1.926606181268174E-006
  1.849991665554987E-006
  1.776286501673362E-006
  1.705598326856786E-006
  1.637701845437017E-006
  1.572228829481499E-006
  1.509183327289092E-006
  1.448949496439544E-006
  1.391032922067926E-006
  1.334997933875121E-006
  1.281388399017328E-006
  1.230276993825667E-006
  1.180657866931005E-006
  1.132841283376038E-006
  1.087434646924816E-006
  1.043927538165175E-006
  1.001305528192800E-006
  9.608845806839661E-007
  9.225446147220304E-007
  8.851766367917882E-007
  8.492869836659653E-007
  8.147964835339686E-007
  7.816228501974760E-007
  7.498445478135155E-007
  7.194391016081168E-007
  6.900892086728813E-007
  6.618355952591275E-007
  6.349126601166453E-007
  6.091426275923801E-007
  5.841163038673615E-007
  5.601054216803532E-007
  5.373769661619743E-007
  5.155233310043316E-007
  4.941330845917495E-007
  4.737938225055838E-007
  4.546598967652596E-007
  4.360867611338388E-007
  4.177873718503927E-007
  4.006607625773431E-007
  3.846206595156544E-007
  3.686929104698121E-007
  3.533979345150086E-007
  3.389808055771071E-007
  3.251151965617770E-007
  3.114842266997016E-007
  2.985718624771884E-007
  2.863488426380616E-007
  2.746032204961860E-007
  2.629900893878930E-007
  2.520773844781733E-007
  2.417501726635466E-007
  2.318019094222223E-007
  2.218343554360505E-007
  2.125968498842200E-007
  2.038984541604639E-007
  1.961128593224662E-007
  1.892375502820377E-007
  1.812803846173159E-007
  1.738025364371473E-007
  1.667396770684909E-007
  1.597559541981407E-007
  1.531007118790561E-007
  1.467070388884405E-007
  1.405364812029511E-007
  1.346333079740330E-007
  1.289994445509648E-007
  1.235748587529795E-007
  1.183611361895125E-007
  1.133727342567571E-007
  1.086120211520302E-007
  1.040290170249456E-007
  9.961334903315617E-008
  9.539408655631190E-008
  9.138034287503443E-008
  8.751683471852145E-008
  8.378216033358516E-008
  8.021069902577840E-008
  7.682865655798772E-008
  7.357660486234896E-008
  7.042010184256585E-008
  6.739506955403749E-008
  6.454827520418637E-008
  6.181668973654376E-008
  5.915753329966066E-008
  5.659207229935440E-008
  5.419313475657390E-008
  5.189979049266663E-008
  4.967014952417433E-008
  4.753478201857257E-008
  4.548971133096406E-008
  4.353428028760838E-008
  4.165778837389581E-008
  3.985583058210704E-008
  3.812962517564026E-008
  3.648409529500315E-008
  3.490816351001399E-008
  3.339260047980173E-008
  3.193896013785788E-008
  3.055049881076505E-008
  2.923208188089789E-008
  2.797228328406286E-008
  2.675351008698979E-008
  2.558518938983452E-008
  2.446901996586064E-008
  2.340222235162326E-008
  2.237878523984548E-008
  2.140159572182309E-008
  2.046349178341578E-008
  1.956358163930840E-008
  1.870320757796669E-008
  1.788671106973934E-008
  1.711167884247850E-008
  1.634282470295319E-008
  1.561266410000799E-008
  1.492506919147901E-008
  1.427645832778082E-008
  1.365852252680324E-008
  1.304168421330819E-008
  1.245054102636498E-008
  1.189827528729221E-008
  1.137712984630177E-008
  1.088564826677249E-008
  1.037689390464098E-008
  9.908704846516943E-009
  9.470687571661208E-009
  9.055929966081151E-009
  8.666550331119802E-009
  8.243371801501448E-009
  7.875874456755764E-009
  7.529743474323491E-009
  7.199900091998490E-009
  6.894043154645691E-009
  6.534991517608569E-009
  6.256540595216138E-009
  5.977631381934508E-009
  5.713317550780500E-009
  5.474312607929982E-009
  5.170014609698448E-009
  4.956736401056426E-009
  4.733514556623001E-009
  4.524684735524680E-009
  4.350759690224934E-009
  4.129067324145642E-009
  3.961683887712121E-009
  3.780277637232660E-009
  3.601289180884559E-009
  3.436213978877519E-009
  3.263617998137451E-009
  3.124958194511690E-009
  2.985937678516488E-009
  2.842233972019313E-009
  2.708721137044238E-009
  2.576187712112016E-009
  2.460101196478751E-009
  2.354274716392064E-009
  2.239819771485412E-009
  2.130774977326789E-009
  2.030407839386034E-009
  1.934461405033706E-009
  1.851776720316655E-009
  1.763326067994037E-009
  1.671233256243308E-009
  1.598162211385209E-009
  1.519326846495543E-009
  1.453884803630735E-009
  1.385559204799143E-009
  1.311386146205137E-009
  1.254408547014039E-009
  1.194150924817494E-009
  1.140259862148597E-009
  1.087376564630682E-009
  1.030312561509154E-009
  9.827190591828335E-010
  9.359229497416272E-010
  8.912795959990794E-010
  8.515169554070965E-010
  8.075691185068667E-010
  7.670857835219499E-010
  7.309597354396066E-010
  6.951951775658677E-010
  6.639368254493617E-010
  6.313367896365896E-010
  5.980840703917757E-010
  5.690864282441252E-010
  5.413190400849083E-010
  5.162341325934038E-010
  4.920409057251437E-010
  4.662238697764475E-010
  4.419350685918955E-010
  4.201342516046553E-010
  4.002653514268324E-010
  3.821829845075506E-010
  3.629769876092027E-010
  3.431611126299450E-010
  3.251311542992279E-010
  3.091978809438371E-010
  2.955073169558097E-010
  2.819330850413776E-010
  2.667573951385004E-010
  2.514283672025551E-010
  2.381331417339929E-010
  2.269614387996182E-010
  2.176781372705840E-010
  2.073256181939195E-010
  1.951150984240598E-010
  1.832391270753593E-010
  1.736803783219738E-010
  1.661264055787919E-010
  1.600318593745892E-010
  1.520222440043882E-010
  1.419451159294999E-010
  1.328480866886094E-010
  1.261328039978916E-010
  1.211832900817359E-010
  1.173259935335247E-010
  1.115433401619150E-010
  1.029268945428046E-010
  9.553605171879528E-011
  9.097481546121447E-011
  8.794361791950741E-011
  8.577805745410672E-011
  8.140681436723675E-011
  7.411924454646029E-011
  6.815992993961819E-011
  6.497940485967697E-011
  6.340557153546548E-011
  6.251675017350518E-011
  5.990026685732680E-011
  5.379812854404926E-011
  4.867898862809067E-011
  4.635148711675141E-011
  4.533095517205690E-011
  4.529428065246212E-011
  4.373170844772387E-011
  3.835857544227542E-011
  3.389213500396343E-011
  3.201412664224609E-011
  3.176083176108236E-011
  3.259965857085236E-011
  3.213915784087118E-011
  2.733964341133564E-011
  2.296675855467729E-011
  2.139823524798079E-011
  2.149910073160158E-011
  2.300547041527369E-011
  2.395745218326533E-011
  1.969589180322908E-011
  1.486480490109462E-011
  1.349988767054310E-011
  1.368821973555624E-011
  1.536126694077653E-011
  1.817617305471433E-011
  1.498433094698006E-011
  8.853243904905750E-012
  7.519266179199455E-012
  8.025370252561151E-012
  8.753740119572776E-012
  1.325285789727760E-011
  1.325582446967702E-011
  4.436770950579071E-012
  3.146069987466178E-012
  3.192834142761736E-012
  5.268669090094843E-012
  3.531463782030371E-012
  1.712085283369388E-011
