  2.167219183022027E-002
  2.177065110019356E-002
  2.187301722706642E-002
  2.196972259350830E-002
  2.206207118219682E-002
  2.214927089033270E-002
  2.223163088634585E-002
  2.231062348934978E-002
  2.238588887716277E-002
  2.245769878814934E-002
  2.252617218060586E-002
  2.259109117184463E-002
  2.265332247934158E-002
  2.271206407661927E-002
  2.276744368335086E-002
  2.282024320399038E-002
  2.286981698140945E-002
  2.291672104665808E-002
  2.296119994536282E-002
  2.300271881798049E-002
  2.304150909599477E-002
  2.307822022166364E-002
  2.311279322665734E-002
  2.314513015280996E-002
  2.317554074204643E-002
  2.320386810074805E-002
  2.323069769380190E-002
  2.325576599315519E-002
  2.327922834540565E-002
  2.330128144945155E-002
  2.332194158798102E-002
  2.334124420232794E-002
  2.335931850655627E-002
  2.337626062857860E-002
  2.339210081708598E-002
  2.340689768634359E-002
  2.342052840897339E-002
  2.343338202152884E-002
  2.344543064393594E-002
  2.345670480495866E-002
  2.346725182339704E-002
  2.347691382874306E-002
  2.348609907210121E-002
  2.349468369401432E-002
  2.350270343970075E-002
  2.351019889384566E-002
  2.351720793962003E-002
  2.352375306620959E-002
  2.352987616192741E-002
  2.353562375246940E-002
  2.354085782723227E-002
  2.354571873016614E-002
  2.355026314812481E-002
  2.355456508922382E-002
  2.355860620518324E-002
  2.356232989295957E-002
  2.356578160680359E-002
  2.356902811729317E-002
  2.357204701741444E-002
  2.357488604052282E-002
  2.357752837666474E-002
  2.358004305632527E-002
  2.358241554984716E-002
  2.358459075276424E-002
  2.358661728029100E-002
  2.358852078339484E-002
  2.359030042645290E-002
  2.359195680207830E-002
  2.359352128242616E-002
  2.359497932620380E-002
  2.359632262048275E-002
  2.359756850840913E-002
  2.359862448018304E-002
  2.359962269461734E-002
  2.360055226850534E-002
  2.360144783818315E-002
  2.360229201145420E-002
  2.360308787782421E-002
  2.360382860985716E-002
  2.360452645036813E-002
  2.360517572366176E-002
  2.360578336548042E-002
  2.360635144240288E-002
  2.360688152324307E-002
  2.360737989606368E-002
  2.360784376895350E-002
  2.360827277764153E-002
  2.360866994536134E-002
  2.360903736503915E-002
  2.360938086525569E-002
  2.360969639630002E-002
  2.360998788483849E-002
  2.361025654025427E-002
  2.361050306611226E-002
  2.361073164990901E-002
  2.361093726535674E-002
  2.361112412780850E-002
  2.361128872186860E-002
  2.361140839007411E-002
  2.361335462823604E-002
