  0.125849178156219     
  0.125894532767158     
  0.125917698513182     
  0.125930866392249     
  0.125938417885796     
  0.125942340230450     
  0.125943741303953     
  0.125943272525715     
  0.125941570039177     
  0.125938706572999     
  0.125934669174959     
  0.125930520848439     
  0.125926058515894     
  0.125920629849154     
  0.125916054233967     
  0.125910539645673     
  0.125905511796405     
  0.125900486983981     
  0.125895450986164     
  0.125890624332959     
  0.125885877077493     
  0.125881390489298     
  0.125876912209697     
  0.125872771651630     
  0.125868798091950     
  0.125865036696098     
  0.125861442121214     
  0.125857984511411     
  0.125854710832439     
  0.125851643981694     
  0.125848643514098     
  0.125845875917178     
  0.125843269304323     
  0.125840766664073     
  0.125838432176075     
  0.125836202877082     
  0.125834038273696     
  0.125831999560260     
  0.125830117693337     
  0.125828336749186     
  0.125826507730734     
  0.125824938268328     
  0.125823445696260     
  0.125822037015047     
  0.125820731280945     
  0.125819498260739     
  0.125818344775683     
  0.125817270746297     
  0.125816272384648     
  0.125815332000228     
  0.125814430538326     
  0.125813624142998     
  0.125812866759462     
  0.125812146264676     
  0.125811476244892     
  0.125810858661217     
  0.125810288893555     
  0.125809758015212     
  0.125809265219643     
  0.125808805811677     
  0.125808380043835     
  0.125807974115574     
  0.125807600213901     
  0.125807254835527     
  0.125806937485563     
  0.125806642559443     
  0.125806368805785     
  0.125806093259850     
  0.125805840445763     
  0.125805584132136     
  0.125805383074745     
  0.125805206487139     
  0.125804962601043     
  0.125804739810476     
  0.125804579973806     
  0.125804428753110     
  0.125804286465556     
  0.125804155370508     
  0.125804035716348     
  0.125803925162938     
  0.125803819938045     
  0.125803721816543     
  0.125803631370879     
  0.125803546909753     
  0.125803469592193     
  0.125803395271757     
  0.125803326684747     
  0.125803258886704     
  0.125803196304967     
  0.125803139866138     
  0.125803084672374     
  0.125803031492751     
  0.125802978748272     
  0.125802929036030     
  0.125802876433043     
  0.125802821052164     
  0.125802763671102     
  0.125802703433238     
  0.125802649755996     
  0.125802611997902     
