  3.486929819454863E-002
  3.484860905324496E-002
  3.482713748010726E-002
  3.480689022930143E-002
  3.478758785661689E-002
  3.476939186340782E-002
  3.475223257087032E-002
  3.473579791767081E-002
  3.472015975825191E-002
  3.470526143904205E-002
  3.469107245089569E-002
  3.467763601822617E-002
  3.466477015214066E-002
  3.465263998680154E-002
  3.464121503464031E-002
  3.463033335968070E-002
  3.462012595709960E-002
  3.461047210325094E-002
  3.460133338792944E-002
  3.459280568296779E-002
  3.458484408905736E-002
  3.457731436273135E-002
  3.457022777249777E-002
  3.456360374765057E-002
  3.455737827686155E-002
  3.455158136229631E-002
  3.454609441667527E-002
  3.454096966074614E-002
  3.453617680995241E-002
  3.453167131142842E-002
  3.452745498636960E-002
  3.452351760929152E-002
  3.451982867326851E-002
  3.451637408141024E-002
  3.451314454139594E-002
  3.451012842269573E-002
  3.450734500016250E-002
  3.450473338450993E-002
  3.450228055438797E-002
  3.449998211531957E-002
  3.449783755715902E-002
  3.449587049028848E-002
  3.449400224893714E-002
  3.449225639508484E-002
  3.449062582206104E-002
  3.448910221820250E-002
  3.448767780775928E-002
  3.448634864596524E-002
  3.448510574484864E-002
  3.448393967138285E-002
  3.448287719962256E-002
  3.448189063181875E-002
  3.448096797690812E-002
  3.448009983298148E-002
  3.447927720371416E-002
  3.447852101114098E-002
  3.447782107038194E-002
  3.447716225909916E-002
  3.447654984542249E-002
  3.447597424692925E-002
  3.447543811369585E-002
  3.447492917017672E-002
  3.447444758318817E-002
  3.447400613207730E-002
  3.447359457446549E-002
  3.447320850142612E-002
  3.447284689889771E-002
  3.447252333333625E-002
  3.447219200134471E-002
  3.447189872119143E-002
  3.447162385918880E-002
  3.447137028018408E-002
  3.447115957903329E-002
  3.447095524045121E-002
  3.447076576101379E-002
  3.447058330777065E-002
  3.447041215018661E-002
  3.447025018182893E-002
  3.447009943851657E-002
  3.446995679372046E-002
  3.446982498263396E-002
  3.446970137864187E-002
  3.446958572698439E-002
  3.446947770082816E-002
  3.446937612635161E-002
  3.446928180673065E-002
  3.446919433751949E-002
  3.446911292255846E-002
  3.446903850598908E-002
  3.446896823042822E-002
  3.446890412405840E-002
  3.446884436572456E-002
  3.446878935374764E-002
  3.446873892332234E-002
  3.446869207481954E-002
  3.446865002229823E-002
  3.446861139086368E-002
  3.446857712525766E-002
  3.446855263812146E-002
  3.446809857664739E-002
