  0.133722482796925     
  0.133476527443718     
  0.133274584531029     
  0.133102886830476     
  0.132956603451960     
  0.132828619676519     
  0.132715163379053     
  0.132615865157952     
  0.132527427614449     
  0.132449231347504     
  0.132379492501452     
  0.132316443219882     
  0.132260740257421     
  0.132209847141032     
  0.132164161411883     
  0.132122989001316     
  0.132085525381171     
  0.132051619301655     
  0.132021696637528     
  0.131993781611106     
  0.131968540393511     
  0.131945472998963     
  0.131925090159092     
  0.131905862326998     
  0.131888334758563     
  0.131871821253086     
  0.131857198653966     
  0.131843892816464     
  0.131831723692177     
  0.131820536608920     
  0.131810337603032     
  0.131800981627202     
  0.131792375253050     
  0.131784479296961     
  0.131777215223584     
  0.131770558215389     
  0.131764542719026     
  0.131758972269874     
  0.131753818857034     
  0.131749073631724     
  0.131744782108838     
  0.131740448952639     
  0.131736752485635     
  0.131733348937960     
  0.131730201543796     
  0.131727302143223     
  0.131724619898529     
  0.131722140217763     
  0.131719837006085     
  0.131717694925937     
  0.131715766146143     
  0.131713965647005     
  0.131712292109967     
  0.131711261329980     
  0.131709797635462     
  0.131708456467487     
  0.131707218559502     
  0.131706059036520     
  0.131704981096306     
  0.131703974922603     
  0.131703402699997     
  0.131702519379859     
  0.131701685784040     
  0.131700924517353     
  0.131700214394913     
  0.131699549742767     
  0.131698927647256     
  0.131698378220667     
  0.131697817107322     
  0.131697327308494     
  0.131696850546210     
  0.131696403962564     
  0.131696066780471     
  0.131695742371129     
  0.131695416718216     
  0.131695104448611     
  0.131694816355437     
  0.131694545324624     
  0.131694294770753     
  0.131694058773822     
  0.131693843636344     
  0.131693643117726     
  0.131693455990698     
  0.131693281664966     
  0.131693117722518     
  0.131692967379557     
  0.131692827050842     
  0.131692698670047     
  0.131692581076138     
  0.131692469462706     
  0.131692369548764     
  0.131692277445011     
  0.131692195348972     
  0.131692122832124     
  0.131692061144446     
  0.131692014534375     
  0.131691987715824     
  0.131691982279407     
  0.131692006361312     
  0.133320936974191     
