  0.584947926994502     
  0.584182587241156     
  0.583538300326054     
  0.582970240702094     
  0.582466497943006     
  0.582009430441848     
  0.581590374167165     
  0.581210093916008     
  0.580860526898667     
  0.580541142045429     
  0.580248085895049     
  0.579976138657162     
  0.579727767163402     
  0.579497026962705     
  0.579283142042877     
  0.579086643708694     
  0.578903559350384     
  0.578734141466867     
  0.578579571269162     
  0.578434091615360     
  0.578299468109048     
  0.578174253585988     
  0.578059874014525     
  0.577951781974066     
  0.577851440721490     
  0.577756738597708     
  0.577670035150942     
  0.577589616240253     
  0.577514854298063     
  0.577445183878799     
  0.577380658316464     
  0.577320505829714     
  0.577264467702457     
  0.577212395362405     
  0.577163854137065     
  0.577118732390180     
  0.577076984508357     
  0.577038146041120     
  0.577001867485071     
  0.576968105688550     
  0.576937068593172     
  0.576906981848782     
  0.576879823823620     
  0.576854574207761     
  0.576831040731319     
  0.576809161878493     
  0.576788786411488     
  0.576769813100982     
  0.576752117132741     
  0.576735633028481     
  0.576720396045293     
  0.576706124326291     
  0.576692823984284     
  0.576681808202498     
  0.576670278795632     
  0.576659557808076     
  0.576649574033500     
  0.576640259688048     
  0.576631572950018     
  0.576623482192205     
  0.576616859182416     
  0.576609841569350     
  0.576603291315614     
  0.576597213305510     
  0.576591540652458     
  0.576586257183403     
  0.576581331279553     
  0.576576850375369     
  0.576572558917732     
  0.576568686835760     
  0.576564982654659     
  0.576561511123526     
  0.576558561477174     
  0.576555788677348     
  0.576553115816756     
  0.576550623246316     
  0.576548322614333     
  0.576546183790344     
  0.576544199925793     
  0.576542354173133     
  0.576540658772410     
  0.576539089925897     
  0.576537636338657     
  0.576536290232967     
  0.576535042336585     
  0.576533898981634     
  0.576532839501306     
  0.576531872503234     
  0.576530987111854     
  0.576530162362838     
  0.576529417157163     
  0.576528736071680     
  0.576528124899317     
  0.576527575850845     
  0.576527100589135     
  0.576526705971934     
  0.576526404655677     
  0.576526200142934     
  0.576526104634367     
  0.576519628293677     
