  1.122990852727612E-006
  1.122991115903114E-006
  1.122993830219372E-006
  1.123003160231284E-006
  1.123024539201328E-006
  1.123064412537007E-006
  1.123130096234254E-006
  1.123229682634035E-006
  1.123371971650736E-006
  1.123566417662217E-006
  1.123823086864667E-006
  1.124152622039598E-006
  1.124566212799933E-006
  1.125075570023411E-006
  1.125692903574058E-006
  1.126430902659008E-006
  1.127302718338235E-006
  1.128321947820745E-006
  1.129502620259614E-006
  5.227296251529323E-004
  1.591477209776238E-003
  2.854958590163699E-003
  4.023164386169188E-003
  5.903858061765997E-003
  7.299271705746492E-003
  8.915655799857099E-003
  1.169396848133216E-002
  1.510544580171899E-002
  1.799499580201167E-002
  2.121334252206920E-002
  2.536768358995876E-002
  3.002764927325231E-002
  3.562677799391396E-002
  4.160414798039903E-002
  4.732060626497375E-002
  5.328201407342512E-002
  6.041946780185288E-002
  6.877175006082038E-002
  7.764881214308676E-002
  8.713467321528627E-002
  9.723352589024120E-002
  0.108416115875843     
  0.120488334211732     
  0.133112837268973     
  0.145834742927044     
  0.158999071412946     
  0.174001900382437     
  0.190157892615252     
  0.207635507754002     
  0.225921689032770     
  0.245202598227005     
  0.265522733700503     
  0.287409516164992     
  0.310116512150748     
  0.333893913551719     
  0.359025853806803     
  0.385535250396567     
  0.413264859246389     
  0.442235578392946     
  0.472628225495078     
  0.503745238332136     
  0.535361185575628     
  0.568697471331083     
  0.604687670966280     
  0.642216878983938     
  0.681259189835381     
  0.721909076395056     
  0.764236134330759     
  0.808162129950770     
  0.853798973787574     
  0.901224411664320     
  0.950319330168064     
   1.00123810471053     
   1.05403108291254     
   1.10869539942612     
   1.16526893026159     
   1.22379281406306     
   1.28434294101462     
   1.34688589623366     
   1.41148712932181     
   1.47820497901104     
   1.54704952272452     
   1.61811441570930     
   1.69142186542567     
   1.76697040878843     
   1.84484596305098     
   1.92505968094601     
   2.00765183159952     
   2.09268403940318     
   2.18017846845115     
   2.27019074692781     
   2.36276560749169     
   2.45794957684382     
   2.55579419690455     
   2.65632439746137     
   2.75959938721487     
   2.86566425222506     
   2.97453845380753     
   3.08628586200151     
   3.20093655899588     
   3.31853960940138     
   3.43914629773108     
   3.56279658541719     
   3.68953715668857     
   3.81942154141954     
   3.95248876731363     
   4.08878583092131     
   4.22835702445859     
   4.37125880659946     
   4.51752895388323     
   4.66721743932120     
   4.82037397383250     
   4.97704751306406     
   5.13728851001790     
   5.30116150901768     
   5.46869193461415     
   5.63993220756068     
   5.81492800333090     
   5.99372436569503     
   6.17637090162091     
   6.36292092548998     
   6.55342226263564     
   6.74791812249993     
   6.94646556192794     
   7.14911098183797     
   7.35590224272702     
   7.56689431274521     
   7.78213665552995     
   8.00167995958981     
   8.22557549529217     
   8.45387334674971     
   8.68662555669553     
   8.92388479028891     
   9.16570449902848     
   9.41213617169909     
   9.66323274080806     
   9.91904786707300     
   10.1796390007107     
   10.4450547565796     
   10.7153404491104     
   10.9905566620660     
   11.2707546735203     
   11.5559877555052     
   11.8463111429300     
   12.1417785296181     
   12.4424443068035     
   12.7483637751155     
   13.0595918428978     
   13.3761835795296     
   13.6981914956640     
   14.0256639275793     
   14.3586625594401     
   14.6972411297441     
   15.0414511739069     
   15.3913509505816     
   15.7469950520630     
   16.1084385124715     
   16.4757386569539     
   16.8489577239067     
   17.2281499284985     
   17.6133606415055     
   18.0046597291566     
   18.4020946554331     
   18.8057201825930     
   19.2156000069401     
   19.6317856286267     
   20.0543358886889     
   20.4833134051470     
   20.9187712723978     
   21.3607694170604     
   21.8093676177397     
   22.2646203392237     
   22.7265880749935     
   23.1953295945163     
   23.6709017682966     
   24.1533646746143     
   24.6427784932485     
   25.1392006899699     
   25.6426925609420     
   26.1533146013804     
   26.6711249722011     
   27.1961849637111     
   27.7285537889154     
   28.2682904813961     
   28.8154566600201     
   29.3701135189856     
   29.9323200426983     
   30.5021383668635     
   31.0796300011575     
   31.6648545370305     
   32.2578750261897     
   32.8587533370565     
   33.4675501107376     
   34.0843278646509     
   34.7091491642271     
   35.3420750087184     
   35.9831694215174     
   36.6398896352283     
   37.3051887502321     
   37.9790722037787     
   38.6616061499632     
   39.3528569169725     
   40.0502731358948     
   40.7507555083278     
   41.4598853164729     
   42.1777606387230     
   42.9044774313952     
   43.6400581902856     
   44.3845836766105     
   45.1381378484430     
   45.9007606165136     
   46.6725231656127     
   47.4534986264079     
   48.2437483584947     
   49.0433257068864     
   49.8523128011221     
   50.6707759604213     
   51.4987624862161     
   52.3363543673596     
   53.1836230558635     
   54.0406151310403     
   54.9074095519319     
   55.7840810946700     
   56.6706783179824     
   57.5672767043045     
   58.4739519616816     
   59.3907569776570     
   60.3177644233820     
   61.2550474279994     
   62.2026663648321     
   63.1606884002202     
   64.1291860839339     
   65.1082244898240     
   66.0978699521038     
   67.0981958569222     
   68.1092678162526     
   69.1311531737877     
   70.1639238386232     
   71.2076485288673     
   72.2623944217495     
   73.3282324856737     
   74.4052323504969     
   75.4934628413423     
   76.5929943791139     
   77.7038966335291     
   78.8262399933191     
   79.9600941585048     
   81.1055302649591     
   82.2626180674147     
   83.4314287425809     
   84.6120323104676     
   85.8044994523935     
   87.0089018186237     
   88.2253093872033     
   89.4537935212742     
   90.6944257601642     
   91.9472765061074     
   93.2124178749458     
   94.4899204411189     
   95.7798581157268     
   97.0823026637815     
   98.3973280530474     
   99.7250037602898     
   101.065403192257     
   102.418601335562     
   103.784669988957     
   105.163679698611     
   106.555707159962     
   107.960823867209     
   109.379104041731     
   110.810618840330     
   112.255444125149     
   113.713653683539     
   115.185321624004     
   116.670519135723     
   118.169324026518     
   119.681809221382     
   121.208049851415     
   122.748114558186     
   124.302080209546     
   125.870024456970     
   127.452022363245     
   129.063928150651     
   130.696153035705     
   132.343069350676     
   134.004756113832     
   135.680285541746     
   137.348847180092     
   139.032013789603     
   140.729871755427     
   142.442446639700     
   144.169913470259     
   145.912435084634     
   147.669956084409     
   149.442509624689     
   151.230255529320     
   153.033349362194     
   154.851762779435     
   156.685529027064     
   158.534786935395     
   160.399687351760     
   162.280228359557     
   164.176439378243     
   166.088445215849     
   168.016392721041     
   169.960307884031     
   171.920221064591     
   173.896242037577     
   175.888503319576     
   177.897057734041     
   179.921940270523     
   181.963243474108     
   184.021089227177     
   186.095551793384     
   188.186674286065     
   190.294534286988     
   192.419245005491     
   194.560891122673     
   196.719531267184     
   198.895233777852     
   201.088095409874     
   203.298211097363     
   205.525652458010     
   207.770484753975     
   210.032794861523     
   212.312672770791     
   214.610207329446     
   216.925462828937     
   219.258519325698     
   221.609464267844     
   223.978388047027     
   226.365368609118     
   228.770480527496     
   231.193804085289     
   233.635432135229     
   236.095443996384     
   238.573921303523     
   241.070944462199     
   243.586594033471     
   246.120960586727     
   248.674123354229     
   251.246164758922     
   253.837165540986     
   256.447209179704     
   259.076380621642     
   261.724766892705     
   264.392450259376     
   267.079508161621     
   269.786026185631     
   272.512094785698     
   275.257801374829     
   278.023221930556     
   280.808437347080     
   283.613536255272     
   286.438609893178     
   289.283740948080     
   292.149013495817     
   295.034502101179     
   297.940300109275     
   300.866494560239     
   303.813177557018     
   306.780418031841     
   309.768302070988     
   312.779790656926     
   315.848385562976     
   318.938424021764     
   322.049995833896     
   325.183190629497     
   328.325891456608     
   331.461736964966     
   334.618733174432     
   337.797160953162     
   340.997092748427     
   344.218633985881     
   347.461967272339     
   350.727027188015     
   354.013953040844     
   357.322820763275     
   360.653736403197     
   364.006865830768     
   367.382165828624     
   370.779774238293     
   374.199765362658     
   377.642227794969     
   381.107337056842     
   384.595083057808     
   388.105588721194     
   391.638903309425     
   395.195101389977     
   398.774456402403     
   402.376587268446     
   406.002652762777     
   409.651222817699     
   413.323564656885     
   417.019214780832     
   420.737685876921     
   424.482074910926     
   428.247932778169     
   432.037528274753     
   435.853320129374     
   439.691298491633     
   443.553509193976     
   447.440481743365     
   451.350526853401     
   455.287588027854     
   459.242485351832     
   463.231892435426     
   467.242316588402     
   471.268424284994     
   475.333812597250     
   479.414813590248     
   483.516987303446     
   487.665594547710     
   491.813976451599     
   495.993464383453     
   500.215267938903     
   504.436758168498     
   508.707331003451     
   512.994429222413     
   517.293621490764     
   521.641892725895     
   526.004273952436     
   530.386610432942     
   534.813571654693     
   539.249408314499     
   543.709661800773     
   548.217562430339     
   552.725098319726     
   557.284947919802     
   561.856290263262     
   566.455257422949     
   571.076318525628     
   575.741748483572     
   580.413013124937     
   585.134423926012     
   589.865076322824     
   594.626017335426     
   599.414028946643     
   604.238544846929     
   609.078673669698     
   613.962089698494     
   618.858003328491     
   623.783476089148     
   628.741982350229     
   633.729749422517     
   638.740395852250     
   643.790306370710     
   648.908037933857     
   654.072715864658     
   659.266688694322     
   664.490055633090     
   669.735454004323     
   674.948743396278     
   680.199473329429     
   685.466520482506     
   690.763807669726     
   696.097756879145     
   701.458090003018     
   706.845370140894     
   712.272168242309     
   717.716421990486     
   723.189951339738     
   728.700324410639     
   734.240478810555     
   739.804883174583     
   745.410534468590     
   751.035823832248     
   756.689525534363     
   762.379332104831     
   768.102094845710     
   773.848138818103     
   779.635362267178     
   785.445260359967     
   791.283285001375     
   797.155641830202     
   803.063922891657     
   808.996431793614     
   814.966940125225     
   820.965680606635     
   826.991817635058     
   833.050612303873     
   839.146713078206     
   845.269892435378     
   851.427442718044     
   857.617373141223     
   863.835666097012     
   870.085183849520     
   876.371467907157     
   882.688776940634     
   889.038198866220     
   895.421271440547     
   901.835215880104     
   908.279924430193     
   914.759511490346     
   921.273448703299     
   927.819262883528     
   934.398549749111     
   941.010369700634     
   947.654183748864     
   954.331116672875     
