   9.59081836594146     
   9.55031774223522     
   9.51043601773961     
   9.47086188190921     
   9.43191000189141     
   9.39350878623065     
   9.35254791885587     
   9.31197399764358     
   9.27146548042150     
   9.23088579479831     
   9.19089585493441     
   9.15109442498567     
   9.11050448429226     
   9.07020075874123     
   9.03166799402939     
   8.99397067513570     
   8.95579562439985     
   8.91898098424097     
   8.88221222438388     
   8.84527467275862     
   8.81170619572720     
   8.77499319246077     
   8.73744980683016     
   8.69980003357024     
   8.66206124285161     
   8.62499667029925     
   8.58749167057226     
   8.55003012643715     
   8.51327566159458     
   8.47677443993213     
   8.44127766849833     
   8.40608411768025     
   8.37073740900544     
   8.33608226067392     
   8.30112875267666     
   8.26177605915851     
   8.22702841301896     
   8.19337331548862     
   8.16120390919570     
   8.12951533571066     
   8.09958926018763     
   8.07133375440466     
   8.04253683389775     
   8.01150529855403     
   7.98040824270562     
   7.94975501005786     
   7.91866705453740     
   7.88827777816482     
   7.85803694866044     
   7.82835643722352     
   7.79783714448560     
   7.77044096526328     
   6.18407982465942     
   6.17740861889277     
   6.17095580334611     
   6.16440040245750     
   6.15785470062356     
   6.15091185263138     
   6.14343295672422     
   6.13642559782466     
   6.12935195530544     
   6.12232971083675     
   6.11574781939250     
   6.10918491352693     
   6.10198062880419     
   6.09491371576533     
   6.08887076194552     
   6.08325299030227     
   6.07715330358786     
   6.07176382865544     
   6.06647676556743     
   6.06052288273253     
   6.05596747810965     
   6.05055300774508     
   6.04526528631944     
   6.03987650708090     
   6.03435161363164     
   6.02915761230483     
   6.02427484626736     
   6.01944702505577     
   6.01506628155048     
   6.01084166429718     
   6.00732022541376     
   6.00402874190756     
   6.00057305303730     
   5.99738610128886     
   5.99422090848986     
   5.98817690279141     
   5.98545265369736     
   5.98355494038390     
   5.98288444083556     
   5.98229771885786     
   5.98218801845603     
   5.98233045096976     
   5.98186173420253     
   5.98113142114820     
   5.98013716052919     
   5.97909706623781     
   5.97723859473442     
   5.97537532453637     
   5.97296793109923     
   5.97032244438524     
   5.96615023763842     
   5.96320291001604     
                     NaN
                     NaN
                     NaN
                     NaN
                     NaN
                     NaN
                     NaN
                     NaN
                     NaN
                     NaN
                     NaN
                     NaN
                     NaN
                     NaN
                     NaN
                     NaN
                     NaN
                     NaN
                     NaN
                     NaN
                     NaN
                     NaN
                     NaN
                     NaN
                     NaN
                     NaN
                     NaN
                     NaN
                     NaN
                     NaN
                     NaN
                     NaN
                     NaN
                     NaN
                     NaN
                     NaN
                     NaN
                     NaN
                     NaN
                     NaN
                     NaN
                     NaN
                     NaN
                     NaN
                     NaN
                     NaN
                     NaN
                     NaN
                     NaN
                     NaN
                     NaN
                     NaN
   47.2899915439044     
   47.0375695430770     
   46.7846794584275     
   46.5353780250060     
   46.2943768819936     
   46.0628621228525     
   45.8112397828050     
   45.5575832833670     
   45.3065541575992     
   45.0543486315798     
   44.8009122805842     
   44.5489743534693     
   44.2981787463420     
   44.0493644698493     
   43.8060054718322     
   43.5670100781696     
   43.3312103660998     
   43.1009994962664     
   42.8709535342882     
   42.6495483302414     
   42.4511623534517     
   42.2291070517251     
   41.9948264838192     
   41.7612738118191     
   41.5293280921522     
   41.3001757245567     
   41.0614488014196     
   40.8234126837221     
   40.5868863367244     
   40.3516229660620     
   40.1185849855752     
   39.8869066420031     
   39.6560857266080     
   39.4311056351383     
   39.2006738087069     
   38.9582015959412     
   38.7265484230251     
   38.4907439437142     
   38.2539200283615     
   38.0218696078373     
   37.7944943457168     
   37.5829771422891     
   37.3690276953284     
   37.1221857512146     
   36.8734712586562     
   36.6252371771284     
   36.3797478217707     
   36.1333981729798     
   35.8900354230872     
   35.6501033232803     
   35.4166412709835     
   35.2001850155538     
