   1.17315569750517     
   1.17334688110701     
   1.17352680367470     
   1.17371029205566     
   1.17388885536939     
   1.17409834422270     
   1.17432037484092     
   1.17452970392662     
   1.17474572298482     
   1.17497722502714     
   1.17516841280966     
   1.17536075036795     
   1.17561065393014     
   1.17583894554824     
   1.17601840739512     
   1.17619396988178     
   1.17641123191854     
   1.17659222083038     
   1.17676172961959     
   1.17702339871865     
   1.17720432006374     
   1.17742663252271     
   1.17762196628658     
   1.17781391809356     
   1.17803269838128     
   1.17823138053798     
   1.17839771785635     
   1.17856939096889     
   1.17872977547256     
   1.17890030440504     
   1.17905623218241     
   1.17920228215486     
   1.17936551107726     
   1.17952118255645     
   1.17968589833268     
   1.18007801133922     
   1.18023319101397     
   1.18036986807487     
   1.18046355309647     
   1.18055185797704     
   1.18065022252111     
   1.18076197095997     
   1.18087119862556     
   1.18097020729839     
   1.18107664837135     
   1.18117729035394     
   1.18131873728020     
   1.18144446850591     
   1.18158323027555     
   1.18173247810871     
   1.18192851136727     
   1.18206433265514     
   1.12517787070155     
   1.12548224631296     
   1.12576663128158     
   1.12605593749682     
   1.12634492028292     
   1.12667058368662     
   1.12701358747671     
   1.12734297021363     
   1.12768481585903     
   1.12804559941096     
   1.12835957127226     
   1.12867675435279     
   1.12906360958633     
   1.12943000632825     
   1.12974230141841     
   1.13005331861924     
   1.13041711272707     
   1.13074167978611     
   1.13105712952934     
   1.13147985506586     
   1.13181568323726     
   1.13220342933811     
   1.13256441954878     
   1.13292589784355     
   1.13332076520248     
   1.13369506017064     
   1.13403479740947     
   1.13438522545981     
   1.13472343244047     
   1.13507567754452     
   1.13541341015250     
   1.13574448058307     
   1.13609933744266     
   1.13645117109606     
   1.13681414624389     
   1.13743772552116     
   1.13780176054182     
   1.13813857399410     
   1.13842749571170     
   1.13871718003837     
   1.13900353486494     
   1.13930401115153     
   1.13960354333153     
   1.13988749851950     
   1.14017883629765     
   1.14046117178158     
   1.14079097200256     
   1.14109327207004     
   1.14140619106424     
   1.14172565661558     
   1.14209773608597     
   1.14239867721951     
                     NaN
                     NaN
                     NaN
                     NaN
                     NaN
                     NaN
                     NaN
                     NaN
                     NaN
                     NaN
                     NaN
                     NaN
                     NaN
                     NaN
                     NaN
                     NaN
                     NaN
                     NaN
                     NaN
                     NaN
                     NaN
                     NaN
                     NaN
                     NaN
                     NaN
                     NaN
                     NaN
                     NaN
                     NaN
                     NaN
                     NaN
                     NaN
                     NaN
                     NaN
                     NaN
                     NaN
                     NaN
                     NaN
                     NaN
                     NaN
                     NaN
                     NaN
                     NaN
                     NaN
                     NaN
                     NaN
                     NaN
                     NaN
                     NaN
                     NaN
                     NaN
                     NaN
   1.70408120865159     
   1.70532493069703     
   1.70661104980297     
   1.70790238980457     
   1.70918425242529     
   1.71044169638018     
   1.71177185412330     
   1.71311759436098     
   1.71446013748654     
   1.71582426163201     
   1.71721178657489     
   1.71860981129571     
   1.72002456351042     
   1.72144878392226     
   1.72285218474415     
   1.72424525032499     
   1.72565172333170     
   1.72704691294534     
   1.72846193436568     
   1.72987928285327     
   1.73126594021030     
   1.73273417676823     
   1.73423158668344     
   1.73574879466918     
   1.73728742835363     
   1.73883325527251     
   1.74044130431003     
   1.74206500416185     
   1.74371136785713     
   1.74538101170401     
   1.74705592730984     
   1.74875090804350     
   1.75046401279899     
   1.75217488437402     
   1.75392541060314     
   1.75577507509608     
   1.75756735309021     
   1.75937544757829     
   1.76117687821811     
   1.76295068145323     
   1.76471261594115     
   1.76644439829053     
   1.76817169836559     
   1.76999748976099     
   1.77182810800562     
   1.77364659010996     
   1.77545033922396     
   1.77725341801279     
   1.77903758944555     
   1.78078484506616     
   1.78251061772417     
   1.78409834418298     
