  0.387365743623288     
  0.387033670692178     
  0.386693639551135     
  0.386348805867762     
  0.386002095402765     
  0.385657680238875     
  0.385299323474554     
  0.384942328068176     
  0.384593140097039     
  0.384237667986206     
  0.383875140996794     
  0.383510464033283     
  0.383149940746493     
  0.382782388441460     
  0.382418220125746     
  0.382063867152682     
  0.381718467769401     
  0.381367457105164     
  0.381008225693711     
  0.380668485802805     
  0.380337076427922     
  0.379987110472099     
  0.379626359773624     
  0.379264030462463     
  0.378904489827070     
  0.378536841216162     
  0.378154680691391     
  0.377779405198466     
  0.377404026956483     
  0.377035531525457     
  0.376684742469488     
  0.376337707589520     
  0.375996824930476     
  0.375661672272370     
  0.375330087096647     
  0.375031776452196     
  0.374719991404274     
  0.374414501437235     
  0.374139270204383     
  0.373871714936957     
  0.373619999228195     
  0.373386791373090     
  0.373141721680293     
  0.372870746338463     
  0.372598531448201     
  0.372329404248890     
  0.372068430032342     
  0.371811284686737     
  0.371561873055899     
  0.371320057777399     
  0.371085537798689     
  0.370835537429329     
