 -1.161082251538598E-006
 -1.032383405516621E-004
 -2.248508695887638E-004
 -3.593245741475195E-004
 -5.029284477938181E-004
 -6.421970969946193E-004
 -8.149485974410408E-004
 -9.939631152406491E-004
 -1.162434216017172E-003
 -1.347323160428589E-003
 -1.553727698201742E-003
 -1.769003293171706E-003
 -1.981581073982476E-003
 -2.212048676246042E-003
 -2.443679606316742E-003
 -2.662277873675580E-003
 -2.870687360855063E-003
 -3.094001032772926E-003
 -3.340410584718781E-003
 -3.548862430697288E-003
 -3.748310351949793E-003
 -3.990461165603894E-003
 -4.262105937388468E-003
 -4.540441142766171E-003
 -4.821805215697313E-003
 -5.122217559798671E-003
 -5.459293079548715E-003
 -5.788582621315976E-003
 -6.125791352159156E-003
 -6.454925513765327E-003
 -6.754909939430150E-003
 -7.053709604544468E-003
 -7.344082179717192E-003
 -7.628533006276654E-003
 -7.915029025721958E-003
 -8.143966209553471E-003
 -8.410285839514248E-003
 -8.665943981501311E-003
 -8.869186024746985E-003
 -9.064973185902972E-003
 -9.228095699453147E-003
 -9.354407877716289E-003
 -9.507751412753987E-003
 -9.726570024862123E-003
 -9.952955397200713E-003
 -1.018319985473937E-002
 -1.041919614385445E-002
 -1.066718731619383E-002
 -1.092372534343194E-002
 -1.118166639676372E-002
 -1.147017078514900E-002
 -1.169363164668768E-002
