  0.171326259809913     
  0.171326626413497     
  0.171330407455999     
  0.171343404162807     
  0.171373185068454     
  0.171428728625608     
  0.171520226016906     
  0.171658949873347     
  0.171857158475927     
  0.172128021773008     
  0.172485561976148     
  0.172944604480140     
  0.173520736415762     
  0.174230271036219     
  0.175090216682197     
  0.176118249419248     
  0.177332688674348     
  0.178752475359622     
  0.180397152085890     
  0.181765246386290     
  0.182851903256951     
  0.184030781917624     
  0.185613675325407     
  0.186815128615946     
  0.188855731217552     
  0.191052555774620     
  0.192488458289066     
  0.193716497905531     
  0.195916533457808     
  0.198263070604207     
  0.200174595858770     
  0.202107609594628     
  0.203655142981106     
  0.205405119148396     
  0.208024117342799     
  0.211034120999505     
  0.213532290515034     
  0.215508506218208     
  0.217681880164650     
  0.219997851437412     
  0.222482075281658     
  0.224694038363425     
  0.226858461628446     
  0.229343675574190     
  0.232635919510080     
  0.236421896311301     
  0.239337613077167     
  0.242100849313906     
  0.244575941204493     
  0.247309091012475     
  0.250147628381626     
  0.253080888649590     
  0.255615623554383     
  0.258532774330107     
  0.261616988823534     
  0.264619302065417     
  0.267552290613012     
  0.270609015068914     
  0.273804713415608     
  0.276995020581296     
  0.280914265090662     
  0.285824955511779     
  0.290543073199423     
  0.294172733816011     
  0.297866836869586     
  0.301689582370033     
  0.305585089881441     
  0.309522651733723     
  0.313619682810351     
  0.317803744650711     
  0.322036852119218     
  0.326478165715509     
  0.331013641343481     
  0.335633544801517     
  0.340381634878659     
  0.345261206987888     
  0.350272569892156     
  0.355381554839462     
  0.360663570249567     
  0.366095430280791     
  0.371661328338234     
  0.377393985703022     
  0.383242810624524     
  0.389228922189707     
  0.395397371373755     
  0.401706088480041     
  0.408188026354996     
  0.414847277860393     
  0.421666835417211     
  0.428669405014400     
  0.435844480295315     
  0.443192700675843     
  0.450713160305531     
  0.458400185446789     
  0.466274960409241     
  0.474324635111399     
  0.482550725266821     
  0.490980613144822     
  0.499597512782973     
  0.508418665264948     
  0.517442567174770     
  0.526665731865034     
  0.536096231210371     
  0.545735648521396     
  0.555578954507957     
  0.565635853927599     
  0.575908313419749     
  0.586401233558158     
  0.597107576948297     
  0.608039215728120     
  0.619196051887227     
  0.630578474774394     
  0.642187853237773     
  0.654024281974384     
  0.666073986556451     
  0.678362533534451     
  0.690888713485506     
  0.703658281534461     
  0.716677842830841     
  0.729949656715232     
  0.743472491584516     
  0.757250820448093     
  0.771293946878861     
  0.785597540839272     
  0.800168141143820     
  0.815011039098547     
  0.830124629583047     
  0.845513022384447     
  0.861179311992620     
  0.877126219802589     
  0.893357861428496     
  0.909876601039491     
  0.926684386774671     
  0.943782586060648     
  0.961174733904791     
  0.978863125708337     
  0.996849532037075     
   1.01513213659964     
   1.03371816038101     
   1.05261832599573     
   1.07182828722087     
   1.09135320331708     
   1.11119643869004     
   1.13135959328662     
   1.15184600588132     
   1.17265851491000     
   1.19379924582280     
   1.21527091210953     
   1.23707626132931     
   1.25922079423005     
   1.28171437976155     
   1.30455373218467     
   1.32774370400131     
   1.35129154275245     
   1.37519796408732     
   1.39946754075385     
   1.42410459381479     
   1.44911134285286     
   1.47448528315900     
   1.50023212162661     
   1.52636659733810     
   1.55287914114702     
   1.57978277281072     
   1.60708339990347     
   1.63477818148931     
   1.66287665776710     
   1.69138121248657     
   1.72029063630444     
   1.74961342685394     
   1.77935143236377     
   1.80950683136559     
   1.84008729797068     
   1.87109465883930     
   1.90253264537050     
   1.93440706813833     
   1.96672070964511     
   1.99947643009362     
   2.03267998239368     
   2.06633346726505     
   2.10043996408516     
   2.13500506375230     
   2.17003140450999     
   2.20552387815930     
   2.24148773170176     
   2.27792580215804     
   2.31484152605171     
   2.35224072406601     
   2.39012623948869     
   2.42850171508143     
   2.46737288482021     
   2.50674219496020     
   2.54661344712844     
   2.58699184190700     
   2.62788087476433     
   2.66928416391403     
   2.71120706406957     
   2.75365207569261     
   2.78922865949124     
   2.82505057742820     
   2.86117942320441     
   2.89761624186245     
   2.93436207212106     
   2.97403581715157     
   3.01980447655718     
   3.06615463586963     
   3.11305625055538     
   3.16048156387888     
   3.20847644494769     
   3.25702866237323     
   3.30612295243868     
   3.35578826290627     
   3.40602243122475     
   3.45682151232540     
   3.50819349518627     
   3.56015454596066     
   3.61269220848981     
   3.66580999877159     
   3.71953061205350     
   3.77384221725337     
   3.82874368085157     
   3.88425890238245     
   3.94037956164122     
   3.99710168096126     
   4.05444765934837     
   4.11241313101171     
   4.17099366310658     
   4.23020780149363     
   4.29005446627819     
   4.35053227707876     
   4.41165276649205     
   4.47342083091278     
   4.53583613977837     
   4.59890599457964     
   4.66263659224133     
   4.72702723321368     
   4.79208514725082     
   4.85781598718457     
   4.92422099491232     
   4.99130475746000     
   5.05907355654894     
   5.12753003621944     
   5.19667833223157     
   5.26652353793293     
   5.33706930342692     
   5.40832018222540     
   5.48028016073498     
   5.55295406566967     
   5.62634543917922     
   5.70045935553418     
   5.77529961770264     
   5.85087133572316     
   5.92717910839356     
   6.00422671533386     
   6.08201975785370     
   6.16056260133848     
   6.23985958386588     
   6.31991632919147     
   6.40073689575573     
   6.48232703140440     
   6.56468929503752     
   6.64782853907050     
   6.73174756030996     
   6.81645379342041     
   6.90195088966138     
   6.98824106672606     
   7.07532987618625     
   7.16322426794025     
   7.25192518808231     
   7.34143892913883     
   7.43176920137773     
   7.52292292429101     
   7.61490245641281     
   7.70771237517752     
   7.80135708071526     
   7.89584403605900     
   7.99117422891962     
   8.08735367288764     
   8.18438631824409     
   8.28228274733426     
   8.38104545850047     
   8.48067630847972     
   8.58117988446514     
   8.66678175566508     
   8.74715063831434     
   8.82799427390188     
   8.90931385867674     
   8.99212142724016     
   9.09733059995142     
   9.20345324983586     
   9.31048416914629     
   9.41847911420169     
   9.52734451643400     
   9.63699913814813     
   9.74758011792312     
   9.85913618090484     
   9.97158952334124     
   10.0848667410467     
   10.1990784769751     
   10.3142739233182     
   10.4303968268788     
   10.5473790561090     
   10.6653053818326     
   10.7842293770200     
   10.9041093640437     
   11.0248817623885     
   11.1466039875132     
   11.2693292226109     
   11.3930313728564     
   11.5176617385411     
   11.6432514497097     
   11.7698496067076     
   11.8974478905244     
   12.0260087808133     
   12.1555425116931     
   12.2860906031230     
   12.4176602419361     
   12.5502231224845     
   12.6837796022344     
   12.8183562257626     
   12.9539699619167     
   13.0906094974126     
   13.2282654740785     
   13.3669519839789     
   13.5066896083191     
   13.6474774476026     
   13.7893116216524     
   13.9321895257502     
   14.0761332441802     
   14.2211492288237     
   14.3672366722550     
   14.5143919556867     
   14.6626240380893     
   14.8119453826980     
   14.9623628745711     
   15.1138709605452     
   15.2664777522938     
   15.4201891767768     
   15.5750125209548     
   15.7309550468739     
   15.8880141386526     
   16.0461986477373     
   16.2055143649061     
   16.3659688935238     
   16.5275672274829     
   16.6903130228356     
   16.8542079855454     
   17.0192587100657     
   17.1854767462419     
   17.3528656263872     
   17.5214241432189     
   17.6911542590593     
   17.8620694998441     
   18.0341786027926     
   18.2074826962256     
   18.3819804288798     
   18.5576791276618     
   18.7345848581523     
   18.9127133240306     
   19.0920615755262     
   19.2726330945379     
   19.4544264266669     
   19.6374634145718     
   19.8217488730252     
   20.0044128466017     
   20.1520447148350     
   20.3003985235978     
   20.4494758762503     
   20.5992786719326     
   20.7620155169910     
   20.9541395410329     
   21.1477366283285     
   21.3426179394652     
   21.5388031803652     
   21.7362792028478     
   21.9349558016818     
   22.1349909221844     
   22.3363379057313     
   22.5390135927992     
   22.7430048318762     
   22.9482387724668     
   23.1548517747211     
   23.3627992628597     
   23.5721003225451     
   23.7827598717112     
   23.9946960224042     
   24.2080126210720     
   24.4226806225231     
   24.6387447644683     
   24.8562246014087     
   25.0749409374492     
   25.2953692160336     
   25.5164451490476     
   25.7396934119585     
   25.9639415099236     
   26.1897477921815     
   26.4176945418361     
   26.6447798841963     
   26.8755481354702     
   27.1078258313744     
   27.3392496951763     
   27.5739251492255     
   27.8099020528677     
   28.0467467106235     
   28.2862443399123     
   28.5245474873784     
   28.7709322375690     
   29.0088212691463     
   29.2518036800456     
   29.5053095225356     
   29.7458383697265     
   29.9971549202095     
   30.2537960165615     
   30.4905978481733     
   30.7543164048172     
   31.0137175544205     
   31.2576890554101     
   31.5289573289432     
   31.7782240330176     
   32.0381440955632     
   32.3132466750008     
   32.5666447948282     
   32.8334054882439     
   33.1077816673326     
   33.3652021361160     
   33.6415146056147     
   33.9212762116374     
   34.1813552778341     
   34.4698624442668     
   34.7342181326361     
   35.0153422986613     
   35.2972019736221     
   35.5854272504475     
   35.8578425520000     
   36.1530815005619     
   36.4269321854574     
   36.7203988513053     
   37.0125342736101     
   37.3066563798747     
   37.5934315046162     
   37.8938511539004     
   38.1803412980453     
   38.4837919099874     
   38.7872419424982     
   39.0873176220331     
   39.3878923478910     
   39.6954483976481     
   39.9937019774405     
   40.2541971822039     
   40.4979098532159     
   40.7425927367342     
   40.9882480130810     
   41.2423398624285     
   41.5591103128977     
   41.8691115731120     
   42.1935688060323     
   42.5186611516044     
   42.8380686882791     
   43.1621717025337     
   43.4905093856486     
   43.8106131908964     
   44.1446479497165     
   44.4808963341892     
   44.8118929617481     
   45.1448030745217     
   45.4852609982790     
   45.8163728392682     
   46.1598506410595     
   46.5070234291014     
   46.8503020786403     
   47.1929388035331     
   47.5447121692447     
   47.8878276677104     
   48.2408939794180     
   48.5985631572848     
   48.9547336305136     
   49.3079175319665     
   49.6699155417903     
   50.0270604686887     
   50.3892241000931     
   50.7573466559691     
   51.1262717696059     
   51.4914558119220     
   51.8632312509027     
   52.2344107983454     
   52.6070904027193     
   52.9853929443362     
   53.3665615403035     
   53.7451601721251     
   54.1270357675913     
   54.5112061174025     
   54.8962392802622     
   55.2850199632654     
   55.6777619528347     
   56.0704569891957     
   56.4637396772872     
   56.8601895581216     
   57.2583173768097     
   57.6591693035474     
   58.0633910058345     
   58.4699644902404     
