  0.585970730184302     
  0.584620266805807     
  0.583268422616364     
  0.581943165200433     
  0.580650415892614     
  0.579437502573310     
  0.578135602779957     
  0.576792342814565     
  0.575472354147200     
  0.574136268975544     
  0.572762185929906     
  0.571395851144606     
  0.570075231508500     
  0.568751914466887     
  0.567394912918216     
  0.566041074320520     
  0.564743612233581     
  0.563437800616337     
  0.562111323266117     
  0.560892273346481     
  0.559728553761061     
  0.558471369083893     
  0.557125495400503     
  0.555793275213488     
  0.554483950124293     
  0.553187322145151     
  0.551804582263982     
  0.550430113906464     
  0.549051250543091     
  0.547684053204552     
  0.546305690411421     
  0.544929970550015     
  0.543580821798248     
  0.542259688430666     
  0.540926887510293     
  0.539749349335475     
  0.538390533828840     
  0.536990589637440     
  0.535531609765719     
  0.534088691212119     
  0.532697168356912     
  0.531409781574789     
  0.530154084446474     
  0.528713097585197     
  0.527278699215626     
  0.525851140342320     
  0.524482067610799     
  0.523115132336346     
  0.521789505544784     
  0.520485537649875     
  0.519289400416735     
  0.518080261528593     
