  0.643338014491614     
  0.642614360113132     
  0.641893084084924     
  0.641178671673494     
  0.640474052265391     
  0.639790424396797     
  0.639068053321189     
  0.638335631263006     
  0.637611509760251     
  0.636871963738978     
  0.636125079802136     
  0.635379416369061     
  0.634637077070438     
  0.633893358624209     
  0.633155580477769     
  0.632424579563097     
  0.631709870949541     
  0.630996689308118     
  0.630275069029877     
  0.629580967697897     
  0.628935130543703     
  0.628229449722959     
  0.627487890694718     
  0.626750794006859     
  0.626010059089027     
  0.625275517660650     
  0.624506241337660     
  0.623738428443528     
  0.622975283400785     
  0.622214449875552     
  0.621460443636868     
  0.620707455544523     
  0.619956719100995     
  0.619216303894037     
  0.618465511615094     
  0.617741918557507     
  0.616992147999706     
  0.616239378220018     
  0.615484704169743     
  0.614743193026095     
  0.614044203096241     
  0.613398559684138     
  0.612732671709269     
  0.611983263278899     
  0.611229446541031     
  0.610479542484352     
  0.609732941146296     
  0.608985314880229     
  0.608243125621666     
  0.607506889558360     
  0.606775890113303     
  0.606105598455045     
