  0.832331141071124     
  0.831743145710097     
  0.831166693042022     
  0.830599604299901     
  0.830046536849755     
  0.829514685825475     
  0.828941899387468     
  0.828359923829398     
  0.827776530582886     
  0.827187628651962     
  0.826598074948529     
  0.826012054270529     
  0.825421104707454     
  0.824835704314464     
  0.824262320981687     
  0.823691611889140     
  0.823121892609629     
  0.822567556594113     
  0.822012736016766     
  0.821463080263295     
  0.820962404610234     
  0.820409985598535     
  0.819832474311586     
  0.819256308834391     
  0.818681505317206     
  0.818121901058629     
  0.817543689926961     
  0.816960200428217     
  0.816384816714525     
  0.815808671449118     
  0.815231583333208     
  0.814652464798007     
  0.814069376026122     
  0.813495138789308     
  0.812912186081103     
  0.812283708695824     
  0.811684351606570     
  0.811085176376736     
  0.810473800148214     
  0.809867068419856     
  0.809289440122485     
  0.808745387656993     
  0.808202138583203     
  0.807603604148130     
  0.807004619145503     
  0.806414113162284     
  0.805838159179833     
  0.805281251722587     
  0.804739396297865     
  0.804216290724305     
  0.803724994316049     
  0.803211511039010     
