  0.561148100147746     
  0.560897414350179     
  0.560644645930536     
  0.560387839260428     
  0.560128669697652     
  0.559870324230663     
  0.559599246253658     
  0.559327209840363     
  0.559059957684841     
  0.558788343166689     
  0.558512172668837     
  0.558233877407078     
  0.557953941666454     
  0.557670108334956     
  0.557391417088710     
  0.557118537295334     
  0.556846012656623     
  0.556573582269949     
  0.556295697731828     
  0.556026633869015     
  0.555768659787172     
  0.555493928025382     
  0.555209749265991     
  0.554924590243767     
  0.554638178696194     
  0.554349778057971     
  0.554049369952913     
  0.553752500192876     
  0.553455661532969     
  0.553162740475076     
  0.552882588390969     
  0.552605174407677     
  0.552331446820233     
  0.552063701907123     
  0.551797674220398     
  0.551528300536281     
  0.551272975264529     
  0.551023377432875     
  0.550794254599303     
  0.550570918502568     
  0.550360442183874     
  0.550162955339207     
  0.549958464916243     
  0.549731502527082     
  0.549503398258103     
  0.549277694720308     
  0.549058900001507     
  0.548846072747143     
  0.548641635970173     
  0.548442774437676     
  0.548255020917027     
  0.548046062648184     
