  0.785999704224466     
  0.786160360068463     
  0.786309054262706     
  0.786447406536679     
  0.786578130494572     
  0.786704473089753     
  0.786811531471335     
  0.786913046244326     
  0.787015243907353     
  0.787105573297119     
  0.787183587762064     
  0.787253295381342     
  0.787318459490144     
  0.787371904131312     
  0.787423505320383     
  0.787477803501567     
  0.787532721123072     
  0.787577957986096     
  0.787609247548998     
  0.787651031991955     
  0.787698329322694     
  0.787719468004554     
  0.787724031411645     
  0.787721430447865     
  0.787713772766422     
  0.787694131108815     
  0.787653066548492     
  0.787612104246506     
  0.787565351994710     
  0.787519310142932     
  0.787486844405583     
  0.787453299003682     
  0.787420593487895     
  0.787389879736545     
  0.787356570180687     
  0.787340054122885     
  0.787315674323701     
  0.787294926270817     
  0.787303750215895     
  0.787316332547698     
  0.787343889700944     
  0.787388846061065     
  0.787417598793946     
  0.787410112808608     
  0.787396768766286     
  0.787382334841516     
  0.787370426477421     
  0.787358713875969     
  0.787350457869169     
  0.787344919646378     
  0.787341634763711     
  0.787325821407953     
