  0.148091724593485     
  0.147673119537085     
  0.147261724695476     
  0.146852507171980     
  0.146449780906820     
  0.146057626657998     
  0.145637831561162     
  0.145210178884016     
  0.144789684625747     
  0.144367250981171     
  0.143943660101409     
  0.143517339232740     
  0.143087701758030     
  0.142657743963829     
  0.142232128680448     
  0.141808360541715     
  0.141384997115671     
  0.140972119904206     
  0.140561513082366     
  0.140168974441371     
  0.139799875973096     
  0.139395199955668     
  0.138963924253394     
  0.138531019032369     
  0.138097111288416     
  0.137667467207062     
  0.137224292299129     
  0.136779541082866     
  0.136343604613238     
  0.135908961561115     
  0.135476015623773     
  0.135038995516030     
  0.134597256674154     
  0.134156829128157     
  0.133711229761409     
  0.133251130916715     
  0.132803348944094     
  0.132357625479018     
  0.131906819613527     
  0.131463253019879     
  0.131046928460332     
  0.130660633706847     
  0.130260929164005     
  0.129815752676021     
  0.129369017817558     
  0.128926211458606     
  0.128489544008676     
  0.128060059769330     
  0.127639562527555     
  0.127229213569215     
  0.126830950589076     
  0.126442012455220     
  0.542213067726774     
  0.541900693429942     
  0.541587792609271     
  0.541270357717158     
  0.540951152546809     
  0.540632790458199     
  0.540298785965980     
  0.539964238639778     
  0.539634649353674     
  0.539299221136205     
  0.538959747854004     
  0.538618333859153     
  0.538272259397030     
  0.537924248199932     
  0.537583863355480     
  0.537249791239522     
  0.536916285752673     
  0.536584262828965     
  0.536246280946556     
  0.535914990076523     
  0.535600410036602     
  0.535263985709253     
  0.534918151167867     
  0.534571850069123     
  0.534222685957360     
  0.533874145422231     
  0.533512375343475     
  0.533153447250926     
  0.532795982260137     
  0.532442303305019     
  0.532103243460993     
  0.531767988755909     
  0.531436048985430     
  0.531111907668741     
  0.530788077250698     
  0.530453315501531     
  0.530139257126445     
  0.529832921101364     
  0.529549090032031     
  0.529271889917188     
  0.529010689646981     
  0.528765209412184     
  0.528511774061874     
  0.528231966209221     
  0.527950751763354     
  0.527672233153648     
  0.527398205966958     
  0.527130687218985     
  0.526870463006814     
  0.526613928113164     
  0.526366554450463     
  0.526108594179256     
  0.647949915629617     
  0.647758285626449     
  0.647565833493834     
  0.647368893703866     
  0.647169970863191     
  0.646970392568693     
  0.646760494994968     
  0.646550421586719     
  0.646343554734194     
  0.646132354147533     
  0.645917549753951     
  0.645700751920817     
  0.645480896385619     
  0.645258467838055     
  0.645040535569448     
  0.644827107976716     
  0.644614439418296     
  0.644400987694710     
  0.644183023005192     
  0.643970505311424     
  0.643766638457343     
  0.643548723028948     
  0.643324459017684     
  0.643099015751893     
  0.642871798988363     
  0.642642664015540     
  0.642404408212569     
  0.642168084499717     
  0.641932064846608     
  0.641699160166976     
  0.641477022502005     
  0.641256908795251     
  0.641039033543073     
  0.640825067788596     
  0.640612480061394     
  0.640396423005445     
  0.640192641871586     
  0.639993740650404     
  0.639813053500543     
  0.639637120976285     
  0.639471144686559     
  0.639314906121019     
  0.639152027939944     
  0.638972462147304     
  0.638791793318552     
  0.638613237770522     
  0.638441381729795     
  0.638275390484055     
  0.638115669536183     
  0.637961500542837     
  0.637818072268148     
  0.637652328113327     
  0.128608634255060     
  0.128670856362607     
  0.128734357980911     
  0.128799094107565     
  0.128864601595536     
  0.128929495604288     
  0.128996902417548     
  0.129065023710820     
  0.129130870229074     
  0.129198396669720     
  0.129267095176444     
  0.129336465414023     
  0.129402686235396     
  0.129471908111564     
  0.129541348952270     
  0.129608972966161     
  0.129676955855987     
  0.129744891736433     
  0.129814104669659     
  0.129878211855856     
  0.129942222084760     
  0.130009202778729     
  0.130079241980564     
  0.130149417758628     
  0.130218727546287     
  0.130290867612791     
  0.130366324904716     
  0.130440171116714     
  0.130514406021709     
  0.130587438000017     
  0.130656708562888     
  0.130725533943576     
  0.130792981027904     
  0.130859522206284     
  0.130925314684174     
  0.130992397334335     
  0.131054474713489     
  0.131115591143112     
  0.131170452059583     
  0.131223684067989     
  0.131274021103762     
  0.131321536956319     
  0.131370865712601     
  0.131425912566503     
  0.131481213355892     
  0.131535578101561     
  0.131586533968223     
  0.131635050942442     
  0.131679797921401     
  0.131721642047447     
  0.131757880285398     
  0.131807945634169     
