  0.675871532294397     
  0.675266926500286     
  0.674632288736484     
  0.673967919703382     
  0.673316507569471     
  0.672663046319209     
  0.671988506756661     
  0.671361979117865     
  0.670786092440881     
  0.670213636391259     
  0.669637055723028     
  0.669065551755776     
  0.668472206662402     
  0.667914411063091     
  0.667407926777091     
  0.666937234088870     
  0.666476893301884     
  0.666042513721267     
  0.665594335037650     
  0.665136521509250     
  0.664738586418240     
  0.664333693808141     
  0.663984228039476     
  0.663662345330297     
  0.663328519270868     
  0.663039330297325     
  0.662746773505273     
  0.662479064014399     
  0.662237850607242     
  0.662031657327042     
  0.661906744532344     
  0.661852745423330     
  0.661849073727510     
  0.661904617583338     
  0.661950929997778     
  0.661891583960806     
  0.662000832709773     
  0.662155063033401     
  0.662460978998011     
  0.662784296023149     
  0.663062387351382     
  0.663336398405586     
  0.663659351575885     
  0.663982253661951     
  0.664309783470857     
  0.664612363568251     
  0.664800356096862     
  0.664920773376196     
  0.664947539438068     
  0.664854816682882     
  0.664578636986121     
  0.664737126687965     
