   1.16518104294900     
   1.16166773945573     
   1.15812826167940     
   1.15459563280335     
   1.15108357532089     
   1.14765459149433     
   1.14404911588951     
   1.14043307771909     
   1.13688074891732     
   1.13328710092620     
   1.12964569887978     
   1.12600607956960     
   1.12241318480500     
   1.11877442474812     
   1.11517864676068     
   1.11167456637027     
   1.10824080070436     
   1.10480047416043     
   1.10130968731405     
   1.09801414783804     
   1.09485605767028     
   1.09147106260710     
   1.08794568368030     
   1.08441373371194     
   1.08089861735228     
   1.07733963966994     
   1.07365758029488     
   1.07003187637932     
   1.06641341765516     
   1.06284083757086     
   1.05938221602350     
   1.05592978861579     
   1.05250598206670     
   1.04912165483902     
   1.04574702364161     
   1.04258114908271     
   1.03930513587361     
   1.03608868559922     
   1.03304088661630     
   1.03004558293228     
   1.02722941068226     
   1.02460590806383     
   1.02189711368654     
   1.01891087592979     
   1.01591763324697     
   1.01295083936327     
   1.01001320070299     
   1.00706654398685     
   1.00412813212732     
   1.00126497540047     
  0.998310174107175     
  0.995648214611039     
