  8.234913195169241E-002
  4.100466343395869E-002
  3.638680719395433E-008
  1.671078275488963E-007
  2.930613479107402E-007
  1.072446199207707E-005
  2.552597116614547E-006
  2.389634253753737E-006
  2.751467279368473E-004
  1.230837772994088E-005
  1.148113616671448E-004
  3.603609534933582E-004
  1.483906965451332E-004
  6.832972862152874E-004
  5.201320671171106E-004
  3.035237894991818E-004
  6.842645438098745E-004
  6.021306973007685E-004
  5.518091518825507E-004
  2.994595644562828E-004
  2.790195172122516E-004
  4.443133795082775E-004
  6.152738596860326E-004
  6.136362568114710E-004
  5.715259426211166E-004
  5.267501773748895E-004
  4.451151012603165E-004
  4.430437600437836E-004
  5.633124089842966E-004
  6.272943786472439E-004
  6.393033468390056E-004
  5.616955088153868E-004
  5.234005862872735E-004
  5.495516252281410E-004
  5.797504500516115E-004
  5.972499578034786E-004
  5.747296093952874E-004
  5.722949447870911E-004
  5.769276123410975E-004
  6.235066551556449E-004
  6.074091754165020E-004
  6.105794952739182E-004
  5.978257921579411E-004
  6.059260837973027E-004
  5.777313474384805E-004
  5.873416624282679E-004
  6.126709796216060E-004
  6.249565297795546E-004
  6.107358593826691E-004
  6.213817839764149E-004
  6.365565656108650E-004
  6.412125681560717E-004
  6.446624250819914E-004
  6.568726825342457E-004
  6.533264357783953E-004
  6.610651842224328E-004
  6.765932872544462E-004
  6.757233558559503E-004
  6.796067570492755E-004
  6.767775436110460E-004
  6.570352241331933E-004
  6.627570278081442E-004
  6.686705627179747E-004
  6.702203701913744E-004
  6.724789237103167E-004
  6.771382789725208E-004
  6.797812619975458E-004
  6.833665171947589E-004
  6.883327315442693E-004
  6.900892977332407E-004
  6.923992415823092E-004
  6.955945594618671E-004
  6.974860205514430E-004
  7.012547510875090E-004
  7.046651461921303E-004
  7.064789730347194E-004
  7.090452372000428E-004
  7.141637260963633E-004
  7.109193518665853E-004
  7.146320390374948E-004
  7.244216557565876E-004
  7.068127373905657E-004
  7.299822334708096E-004
  7.274470838577849E-004
  6.851295180850221E-004
  6.789416916145400E-004
  6.773046542500540E-004
  6.756644901807471E-004
  6.746849383245413E-004
  6.741440445060431E-004
  6.730159121681723E-004
  6.710755081189246E-004
  6.721069524031765E-004
  6.698969260982076E-004
  6.641369778940822E-004
  6.783814290017170E-004
  6.447988641768069E-004
  6.869593303454375E-004
  6.473846366139999E-004
  6.213108891949101E-004
  6.141984805307122E-004
  6.110183264459890E-004
  6.071038875265945E-004
  5.965679957252247E-004
  6.101652117701340E-004
  5.723614229809960E-004
  6.154415173608768E-004
  5.683490033069729E-004
  5.484363733544822E-004
  5.374517450001242E-004
  5.384607186254249E-004
  5.214700589040972E-004
  5.271998961758362E-004
  5.205512319436302E-004
  4.830607413485719E-004
  4.793541531924966E-004
  4.596019711233134E-004
  4.695652868765482E-004
  4.502741702929496E-004
  4.292848669605315E-004
  4.052856904275849E-004
  4.151028789852955E-004
  3.987298863160350E-004
  3.652243638447012E-004
  3.668674549110012E-004
  3.560269759633260E-004
  3.257673419941078E-004
  3.265111250038260E-004
  3.035449473921837E-004
  2.924002843265435E-004
  2.757362319177418E-004
  2.626619502307546E-004
  2.469577340197561E-004
  2.330408772733848E-004
  2.184656291636225E-004
  2.044739033133565E-004
  1.906495953399164E-004
  1.771412226850869E-004
  1.639385391830519E-004
  1.511356962865721E-004
  1.388813335474738E-004
  1.273126437862125E-004
  1.162882444429088E-004
  1.061295784044638E-004
  9.680574837123565E-005
  8.819631997343443E-005
  8.099997771014002E-005
  7.455622177153001E-005
  6.939741930475886E-005
  6.607057752037023E-005
  6.334873874938547E-005
  6.085311227906754E-005
  5.851495639705289E-005
  5.631620451695201E-005
  5.424888685536868E-005
  5.229065448337980E-005
  5.043706565528074E-005
  4.867065496921194E-005
  4.697416382852648E-005
  4.535297744799894E-005
  4.381004859916055E-005
  4.232928372453110E-005
  4.090276717294828E-005
  3.953298484348030E-005
  3.821037897165520E-005
  3.694098799644000E-005
  3.573107830652628E-005
  3.455892814055411E-005
  3.342303701839307E-005
  3.233857261053875E-005
  3.128602384908640E-005
  3.026936697059274E-005
  2.930362078700709E-005
  2.835132647648806E-005
  2.743037033037029E-005
  2.656964314242907E-005
  2.570791015959506E-005
  2.488267618337958E-005
  2.411858078362354E-005
  2.332652189621343E-005
  2.258378499823750E-005
  2.191109980405211E-005
  2.117101055112734E-005
  2.049692617560200E-005
  1.989722684720977E-005
  1.919819688693325E-005
  1.859669641859547E-005
  1.806778443279574E-005
  1.740665219214215E-005
  1.687216171486114E-005
  1.640371805991323E-005
  1.577560158119045E-005
  1.530677655967196E-005
  1.489388307630093E-005
  1.429478345890991E-005
  1.387809956665953E-005
  1.351365465701647E-005
  1.309088557700023E-005
  1.271592392965642E-005
  1.239324124023376E-005
  1.200245381769200E-005
  1.162210602651869E-005
  1.125367889715011E-005
  1.090009547572931E-005
  1.055529424898091E-005
  1.021847512295604E-005
  9.895906839917800E-006
  9.584143357679238E-006
  9.279440288199981E-006
  8.987291548077390E-006
  8.705746715263397E-006
  8.429687444406572E-006
  8.162062831341347E-006
  7.904507384086254E-006
  7.654499349419835E-006
  7.411338530284542E-006
  7.176904582517129E-006
  6.949665907490373E-006
  6.728771347282538E-006
  6.516033730442241E-006
  6.310078010063581E-006
  6.108914142890572E-006
  5.914815565403120E-006
  5.727751279388869E-006
  5.545890434324337E-006
  5.369676202206860E-006
  5.199221348424927E-006
  5.033999111333321E-006
  4.873455541197789E-006
  4.718109745073163E-006
  4.567897117841896E-006
  4.422282031990858E-006
  4.280942567680525E-006
  4.144234649142687E-006
  4.012135159254770E-006
  3.884064529234570E-006
  3.759959401685338E-006
  3.640045627669580E-006
  3.523761952462030E-006
  3.410885883605439E-006
  3.301982531843670E-006
  3.197024703022508E-006
  3.094814164017357E-006
  2.995563917067685E-006
  2.900085168203846E-006
  2.808000384635886E-006
  2.717984330397886E-006
  2.631068682288392E-006
  2.547669080655392E-006
  2.466743309517473E-006
  2.387416254454745E-006
  2.311447812040861E-006
  2.238801889464727E-006
  2.167469725582843E-006
  2.098529115225107E-006
  2.031670195094475E-006
  1.967304358709344E-006
  1.905030754287195E-006
  1.845229934607982E-006
  1.786280357636951E-006
  1.728896256173297E-006
  1.673827116370218E-006
  1.620766907055509E-006
  1.568446500900533E-006
  1.518054618096940E-006
  1.469594748547086E-006
  1.422987650400152E-006
  1.376423066372045E-006
  1.332218149206780E-006
  1.289802868868913E-006
  1.248952198670770E-006
  1.207446342732599E-006
  1.168658886461142E-006
  1.131404669200880E-006
  1.095749456640191E-006
  1.058750507525282E-006
  1.024856956643841E-006
  9.920883632196003E-007
  9.610188732590036E-007
  9.279340369394220E-007
  8.983168472746554E-007
  8.694568002162715E-007
  8.502502288035355E-007
  8.230608997044908E-007
  7.965267796956491E-007
  7.703735656064688E-007
  7.455348978004114E-007
  7.216415809995006E-007
  6.983880300557490E-007
  6.754246468226231E-007
  6.536404921104586E-007
  6.325276057303628E-007
  6.122173256330255E-007
  5.922668122343108E-007
  5.726468430444492E-007
  5.541618183067874E-007
  5.363570773371748E-007
  5.188297897221248E-007
  5.014953377866877E-007
  4.854140807509486E-007
  4.697276409255356E-007
  4.543183214046613E-007
  4.394561046084985E-007
  4.251368925461664E-007
  4.111589692464630E-007
  3.976000039498710E-007
  3.845947275243141E-007
  3.720706046194438E-007
  3.597723731834417E-007
  3.477814896600413E-007
  3.363698277195635E-007
  3.254511893363458E-007
  3.147388346400534E-007
  3.041110858926174E-007
  2.940526114440226E-007
  2.845252501339801E-007
  2.752427396522375E-007
  2.659878012716456E-007
  2.571575300435752E-007
  2.487591318444416E-007
  2.405750873941495E-007
  2.324855090986358E-007
  2.246932705676205E-007
  2.172789825324849E-007
  2.101497944480200E-007
  2.031130926361784E-007
  1.962298349647715E-007
  1.896649344298810E-007
  1.834464792954212E-007
  1.773887590944303E-007
  1.713452548196221E-007
  1.655079473064985E-007
  1.600079137344471E-007
  1.547824942931368E-007
  1.496091302526904E-007
  1.444292522306341E-007
  1.395205972616382E-007
  1.348974537109954E-007
  1.305148168164631E-007
  1.260965759871156E-007
  1.216874939917027E-007
  1.175557684437683E-007
  1.136672598041064E-007
  1.100732370238027E-007
  1.060971864126951E-007
  1.023596728986388E-007
  9.890375068157760E-008
  9.564825332280092E-008
  9.267836489812823E-008
  8.915199493124848E-008
  8.602619882938698E-008
  8.312517859763423E-008
  8.041828735849250E-008
  7.797361701357326E-008
  7.482954345797548E-008
  7.223578413461377E-008
  6.979438371148276E-008
  6.755268508837187E-008
  6.554721744017542E-008
  6.273466470280771E-008
  6.058219097982595E-008
  5.852343658834551E-008
  5.666702264513177E-008
  5.509015672736558E-008
  5.319096863478127E-008
  5.134302474853791E-008
  4.960378316904171E-008
  4.787204942045841E-008
  4.619094271286669E-008
  4.459926784325211E-008
  4.304091398814340E-008
  4.156553487112550E-008
  4.008908718132422E-008
  3.866943057986351E-008
  3.732958322076702E-008
  3.602002227542665E-008
  3.478832341772386E-008
  3.353666820608172E-008
  3.234370830976779E-008
  3.122040535772945E-008
  3.013630226793172E-008
  2.907990349413483E-008
  2.802076333204257E-008
  2.700943108566994E-008
  2.606384230951698E-008
  2.515750045351192E-008
  2.428892277109350E-008
  2.339427026996446E-008
  2.253068412631665E-008
  2.173047162561638E-008
  2.096621003386541E-008
  2.026104604016051E-008
  1.951775995268964E-008
  1.877330832910945E-008
  1.809542848080307E-008
  1.744575867925205E-008
  1.687549158823698E-008
  1.627900433664995E-008
  1.563168901773793E-008
  1.506532528072761E-008
  1.447957665317942E-008
  1.400828761464796E-008
  1.357445413870770E-008
  1.300529243120448E-008
  1.250900472231236E-008
  1.204368740487369E-008
  1.157861785192000E-008
  1.127580375188678E-008
  1.084904015437937E-008
  1.037906448949569E-008
  1.000805504544724E-008
  9.589981954926402E-009
  9.302032962374625E-009
  9.033586944242859E-009
  8.633630780661956E-009
  8.296391103081993E-009
  7.947709396475361E-009
  7.649134218475637E-009
  7.450745980313671E-009
  7.209068308996055E-009
  6.871025499879294E-009
  6.597201576461118E-009
  6.285321497482895E-009
  6.108950004678067E-009
  5.947582730648816E-009
  5.744187989306285E-009
  5.456782257186240E-009
  5.220894941363920E-009
  4.984062140800555E-009
  4.863806416752738E-009
  4.744652793578979E-009
  4.565820870047780E-009
  4.319400325899740E-009
  4.113901376641579E-009
  3.940761823988544E-009
  3.860257974382459E-009
  3.779825405685749E-009
  3.623572746868402E-009
  3.406596848524342E-009
  3.231601994875218E-009
  3.105513796085387E-009
  3.052399282020073E-009
  3.002999637787540E-009
  2.872306372817614E-009
  2.678150349294227E-009
  2.529905537614627E-009
  2.435652035161163E-009
  2.426184306980149E-009
  2.407661729383425E-009
  2.295939278759577E-009
  2.119539277093790E-009
  1.971712636988155E-009
  1.896404826689205E-009
  1.902713626052327E-009
  1.907488335755721E-009
  1.819468404061630E-009
  1.656531345356522E-009
  1.519336685858482E-009
  1.456348230015827E-009
  1.475853672005969E-009
  1.508604533955086E-009
  1.448251591796579E-009
  1.294884133047350E-009
  1.158676301728152E-009
  1.097173169796093E-009
  1.122152200492552E-009
  1.185029320180963E-009
  1.163510515147304E-009
  1.019139348158296E-009
  8.747464046627674E-010
  8.044686080922027E-010
  8.226064812484253E-010
  9.148849008108053E-010
  9.472393027913093E-010
  8.180073290046249E-010
  6.564480310163083E-010
  5.722845558444926E-010
  5.651545561907072E-010
  6.633964312184086E-010
  7.763515780418339E-010
  6.900043522376789E-010
  4.959399925343408E-010
  3.907398106085004E-010
  3.663934601552690E-010
  4.086355685552118E-010
  6.017164415322014E-010
  6.343941078452771E-010
  4.013071681423419E-010
  2.454105486373658E-010
  2.132555743402284E-010
  2.213632302349992E-010
  3.108701196458769E-010
  6.254822420720179E-010
  3.988553461096748E-010
  1.326888850323815E-010
  8.605220409857467E-011
  9.400129112028026E-011
  1.271051572353773E-010
  2.315542957208416E-010
  6.921697158679272E-010
