  8.243746112228645E-002
  8.249919156158361E-002
  8.256170021345305E-002
  8.262151643018628E-002
  8.268278675705854E-002
  8.273951695780235E-002
  8.279967445101502E-002
  8.286599677615195E-002
  8.293368410053983E-002
  8.300350777854051E-002
  8.307712065860026E-002
  8.315135891829212E-002
  8.321858879592364E-002
  8.329327905869213E-002
  8.337377885572780E-002
  8.345363645745216E-002
  8.353029704355677E-002
  8.361224455173119E-002
  8.369644615158875E-002
  8.376599707615895E-002
  8.384021520184251E-002
  8.392212517785960E-002
  8.401738163091851E-002
  8.411553175013978E-002
  8.421124699038932E-002
  8.431605901894515E-002
  8.442750328431317E-002
  8.453820490491243E-002
  8.465251508777766E-002
  8.476822974784040E-002
  8.488762678775461E-002
  8.501461513735362E-002
  8.514436971592504E-002
  8.527968354827978E-002
  8.541363090685611E-002
  8.551480255299240E-002
  8.565231993473271E-002
  8.579203622792408E-002
  8.594062198643521E-002
  8.608992362021542E-002
  8.622410136078940E-002
  8.634798245838102E-002
  8.648212316751155E-002
  8.663181223191982E-002
  8.678299824345820E-002
  8.693285467255213E-002
  8.707399742730926E-002
  8.721454867094669E-002
  8.735072098299571E-002
  8.747539659322667E-002
  8.759777782766420E-002
  8.772595102936595E-002
