  0.152686697642125     
  0.152551176751546     
  0.152413835005226     
  0.152276695664589     
  0.152138445509694     
  0.152001804153026     
  0.151858894569246     
  0.151712866701533     
  0.151566623769230     
  0.151417001088587     
  0.151264396639603     
  0.151110400796003     
  0.150959875899831     
  0.150803232772237     
  0.150644889136115     
  0.150488599468772     
  0.150335410643023     
  0.150178192881948     
  0.150018107194236     
  0.149867693040724     
  0.149718799900440     
  0.149559262480999     
  0.149389540361120     
  0.149216787448664     
  0.149045769968990     
  0.148867574893492     
  0.148682277249372     
  0.148498141203058     
  0.148312386886809     
  0.148126600123767     
  0.147942500805727     
  0.147754571767380     
  0.147565055001257     
  0.147373706802590     
  0.147184203194271     
  0.147016092522559     
  0.146829944541769     
  0.146643551685372     
  0.146459896054265     
  0.146278289042864     
  0.146108680515481     
  0.145948973450074     
  0.145780477679400     
  0.145597482717378     
  0.145413344373368     
  0.145232646171993     
  0.145063740822922     
  0.144901298031298     
  0.144749238850120     
  0.144610071254938     
  0.144485970165065     
  0.144328308915884     
