  2.059476087794547E-002
  2.068442088895913E-002
  2.077603707616056E-002
  2.086827843043739E-002
  2.096090490014094E-002
  2.105044068866204E-002
  2.114449406056891E-002
  2.123874268884944E-002
  2.132987774417344E-002
  2.142226467649740E-002
  2.151755345277924E-002
  2.161289262515538E-002
  2.170582400811188E-002
  2.180064728873813E-002
  2.189518827023417E-002
  2.198641255268446E-002
  2.207477819335968E-002
  2.216453326100201E-002
  2.225708841835253E-002
  2.234069354143342E-002
  2.242293927152135E-002
  2.251054736016957E-002
  2.260236278711715E-002
  2.269383016886580E-002
  2.278484722623363E-002
  2.287783542078487E-002
  2.297568591787985E-002
  2.307102570480404E-002
  2.316696595590879E-002
  2.326065452678061E-002
  2.334953935749846E-002
  2.343762073536283E-002
  2.352314144022234E-002
  2.360735131661490E-002
  2.369149138496519E-002
  2.376272070910762E-002
  2.384371043735009E-002
  2.392211559796552E-002
  2.399346751365441E-002
  2.406369934861561E-002
  2.412780801490808E-002
  2.418539483714835E-002
  2.424598509178137E-002
  2.431619659187502E-002
  2.438681922102052E-002
  2.445862098890675E-002
  2.453438246457291E-002
  2.461532466096143E-002
  2.470167030888959E-002
  2.479051395349962E-002
  2.489366824501660E-002
  2.496323691801836E-002
