 -4.137942156067304E-003
 -3.975065798677866E-003
 -3.808234142488115E-003
 -3.639200251466623E-003
 -3.469693650849643E-003
 -3.301664869225894E-003
 -3.126273305960355E-003
 -2.951082030559046E-003
 -2.779824234227097E-003
 -2.605670794005258E-003
 -2.428226146755400E-003
 -2.249775584776805E-003
 -2.072128057625718E-003
 -1.892158665344815E-003
 -1.714177638352757E-003
 -1.540694255748056E-003
 -1.370762184176928E-003
 -1.199061063661779E-003
 -1.023258012651982E-003
 -8.560252450117848E-004
 -6.934818386696082E-004
 -5.214704517455785E-004
 -3.444326269857372E-004
 -1.667869631302462E-004
  1.041231391968837E-005
  1.906140423309863E-004
  3.777264804460186E-004
  5.620338135968237E-004
  7.466296839068407E-004
  9.280211192662193E-004
  1.101060125934694E-003
  1.272293793491249E-003
  1.440698341884100E-003
  1.606241490972766E-003
  1.771175701857183E-003
  1.924288863363170E-003
  2.081278305851047E-003
  2.234693282647324E-003
  2.373662474895493E-003
  2.509389189592818E-003
  2.637772094665924E-003
  2.757375385326101E-003
  2.881591057271566E-003
  3.018562961390014E-003
  3.156085837385683E-003
  3.292799861728194E-003
  3.428674373147454E-003
  3.564699881491252E-003
  3.700122715083620E-003
  3.833915723948378E-003
  3.970421704084660E-003
  4.098932440561203E-003
