  2.777267803810524E-002
  2.802986139120089E-002
  2.789605741259682E-002
  2.500157565176375E-002
  2.524106945751226E-002
  2.428858621080099E-002
  2.424856564839917E-002
  2.422906481640852E-002
  2.418059486798474E-002
  2.413226893353215E-002
  2.415528130813749E-002
  2.402856630037797E-002
  2.397682723329408E-002
  2.391279698573956E-002
  2.383216883518435E-002
  2.379805317566996E-002
  2.377953423013301E-002
  2.373089065749079E-002
  2.365149062624561E-002
  2.364006516702111E-002
  2.356873714295105E-002
  2.341894904051844E-002
  2.338750283874846E-002
  2.329098557899512E-002
  2.323044670491414E-002
  2.311805884223572E-002
  2.294242183549433E-002
  2.292341177855306E-002
  2.284873381447239E-002
  2.277227728043796E-002
  2.273756255035453E-002
  2.261054069610446E-002
  2.234250872170951E-002
  2.239471069032328E-002
  2.213290101424004E-002
  2.201029717069380E-002
  2.196525430828833E-002
  1.933892127698544E-002
  1.737450824205156E-002
  1.735510519441574E-002
  1.734172126072242E-002
  1.724093940446336E-002
  1.722505917642936E-002
  1.716747640282346E-002
  1.713058019529923E-002
  1.708721901694588E-002
  1.705044315282500E-002
  1.702805181037415E-002
  1.697175682148677E-002
  1.692024317428498E-002
  1.689546535958397E-002
  1.685231152021704E-002
