  0.917122905227106     
  0.917452377889532     
  0.917774586670393     
  0.918098057709534     
  0.918427030461858     
  0.918756239380798     
  0.919100267473780     
  0.919445582365945     
  0.919797398780757     
  0.920154254258171     
  0.920508337540431     
  0.920865604214314     
  0.921234991864103     
  0.921609008064602     
  0.921977179477727     
  0.922347226879892     
  0.922729427402184     
  0.923108940699090     
  0.923494756452845     
  0.923891064165641     
  0.924282897040221     
  0.924694608264226     
  0.925112172977009     
  0.925536968674615     
  0.925969534567525     
  0.926403058461960     
  0.926842934661744     
  0.927290380464116     
  0.927738563487339     
  0.928192292599115     
  0.928646520139377     
  0.929107102919201     
  0.929575746506771     
  0.930049776333821     
  0.930528326794825     
  0.931040416938494     
  0.931536324406665     
  0.932020625502919     
  0.932499238753832     
  0.932982324973226     
  0.933440813125921     
  0.933893653384984     
  0.934346570115717     
  0.934800734237006     
  0.935252340332609     
  0.935696373615424     
  0.936142492538857     
  0.936570694198298     
  0.936990180669739     
  0.937397314339353     
  0.937804537629842     
  0.938186573131127     
