  8.287709477289386E-002
  8.254762211046737E-002
  8.222541332960732E-002
  8.190194229046589E-002
  8.157296953814247E-002
  8.124376061920156E-002
  8.089973252621996E-002
  8.055441763405535E-002
  8.020260121924287E-002
  7.984574574182907E-002
  7.949166245956873E-002
  7.913439578568612E-002
  7.876500813589662E-002
  7.839099193539796E-002
  7.802282052227295E-002
  7.765277312010800E-002
  7.727057259781565E-002
  7.689105930090952E-002
  7.650524354715488E-002
  7.610893583435895E-002
  7.571710295977875E-002
  7.530539173577415E-002
  7.488782702299143E-002
  7.446303132538518E-002
  7.403046543247473E-002
  7.359694153803985E-002
  7.315706533825637E-002
  7.270961953588372E-002
  7.226143651266119E-002
  7.180770740088502E-002
  7.135347986062331E-002
  7.089289708079924E-002
  7.042425349322870E-002
  6.995022366617853E-002
  6.947167320517530E-002
  6.895958306150542E-002
  6.846367559333461E-002
  6.797937449708098E-002
  6.750076124616777E-002
  6.701767502677404E-002
  6.655918687407857E-002
  6.610634661501606E-002
  6.565342988428283E-002
  6.519926576299351E-002
  6.474765966739082E-002
  6.430362638457621E-002
  6.385750746114326E-002
  6.342930580170154E-002
  6.300981933026054E-002
  6.260268566064733E-002
  6.219546237015807E-002
  6.181342686887285E-002
