  0.554102755633512     
  0.554036961187695     
  0.556912147528214     
  0.556895623012346     
  0.556874537816402     
  0.556795684824818     
  0.559600105079340     
  0.559505435476800     
  0.559387600163283     
  0.559266301718475     
  0.562001325929637     
  0.561875531286177     
  0.561735000754320     
  0.561583565318497     
  0.564221369448639     
  0.564060527405126     
  0.563888132363797     
  0.563685706805235     
  0.563545990831619     
  0.566190237801799     
  0.566201358476603     
  0.566134770359805     
  0.565989847095354     
  0.568622289102144     
  0.568505030401440     
  0.568403446116080     
  0.568352847729667     
  0.571126598513511     
  0.571093060146683     
  0.571056869035722     
  0.571103517013532     
  0.574222948156588     
  0.574390792130627     
  0.574605329939729     
  0.574893614182645     
  0.578637908486034     
  0.579200181480497     
  0.579852064173737     
  0.580593807863346     
  0.581361435023585     
  0.586257985355192     
  0.587378425387104     
  0.588581002168280     
  0.589807674842843     
  0.595706007919123     
  0.597103535791862     
  0.598524361277934     
  0.599939903112969     
  0.601332004592337     
  0.607857761160310     
  0.609198058124874     
  0.610278964678850     
  0.000000000000000E+000
  0.000000000000000E+000
  0.000000000000000E+000
  0.000000000000000E+000
  0.000000000000000E+000
  0.000000000000000E+000
  0.000000000000000E+000
  0.000000000000000E+000
  0.000000000000000E+000
  0.000000000000000E+000
  0.000000000000000E+000
  0.000000000000000E+000
  0.000000000000000E+000
  0.000000000000000E+000
  0.000000000000000E+000
  0.000000000000000E+000
  0.000000000000000E+000
  0.000000000000000E+000
  0.000000000000000E+000
  0.000000000000000E+000
  0.000000000000000E+000
  0.000000000000000E+000
  0.000000000000000E+000
  0.000000000000000E+000
  0.000000000000000E+000
  0.000000000000000E+000
  0.000000000000000E+000
  0.000000000000000E+000
  0.000000000000000E+000
  0.000000000000000E+000
  0.000000000000000E+000
  0.000000000000000E+000
  0.000000000000000E+000
  0.000000000000000E+000
  0.000000000000000E+000
  0.000000000000000E+000
  0.000000000000000E+000
  0.000000000000000E+000
  0.000000000000000E+000
  0.000000000000000E+000
  0.000000000000000E+000
  0.000000000000000E+000
  0.000000000000000E+000
  0.000000000000000E+000
  0.000000000000000E+000
  0.000000000000000E+000
  0.000000000000000E+000
  0.000000000000000E+000
  0.000000000000000E+000
  0.000000000000000E+000
  0.000000000000000E+000
  0.000000000000000E+000
  0.445897231409493     
  0.445963025762930     
  0.443087839722165     
  0.443104364146369     
  0.443125449248816     
  0.443204302146065     
  0.440399882194101     
  0.440494551698844     
  0.440612386912363     
  0.440733685254649     
  0.437998661353662     
  0.438124455896750     
  0.438264986326203     
  0.438416421657211     
  0.435778617847483     
  0.435939459790235     
  0.436111854729230     
  0.436314280184937     
  0.436453996053819     
  0.433809749423982     
  0.433798628658996     
  0.433865216674299     
  0.434010139827761     
  0.431377698162543     
  0.431494956753395     
  0.431596540925352     
  0.431647139194949     
  0.428873388762637     
  0.428906927017725     
  0.428943118014885     
  0.428896469918865     
  0.425777039136750     
  0.425609195044534     
  0.425394657113883     
  0.425106372746136     
  0.421362078815782     
  0.420799805702471     
  0.420147922888020     
  0.419406179075617     
  0.418638551793980     
  0.413742001872232     
  0.412621561736124     
  0.411418984836584     
  0.410192312034782     
  0.404293979373386     
  0.402896451378110     
  0.401475625768003     
  0.400060083807225     
  0.398667982200998     
  0.392142226082352     
  0.390801929000193     
  0.389721022323532     
