  0.796357701476253     
  0.797007178815517     
  0.797661748394728     
  0.798317830455520     
  0.798981917641174     
  0.799638624100770     
  0.800317234699236     
  0.801011032049729     
  0.801711481826438     
  0.802424250358079     
  0.803149678709416     
  0.803885889814397     
  0.804629441040290     
  0.805392607992480     
  0.806174894754098     
  0.806968749724194     
  0.807773915728807     
  0.808592171326538     
  0.809428582906602     
  0.810258421512777     
  0.811113012814495     
  0.811987755218420     
  0.812881983806643     
  0.813791626872017     
  0.814712663956328     
  0.815652329871020     
  0.816623965770880     
  0.817605897356545     
  0.818603389490049     
  0.819611719574509     
  0.820630954394139     
  0.821664984031818     
  0.822707075941066     
  0.823761996915876     
  0.824825111226854     
  0.825875544274628     
  0.826964017164585     
  0.828055195542796     
  0.829164756509857     
  0.830255409801108     
  0.831319560433156     
  0.832364495330085     
  0.833390216959143     
  0.834424276577004     
  0.835450086793441     
  0.836461814309222     
  0.837455235063364     
  0.838427343032203     
  0.839373951579408     
  0.843672358909551     
  0.844526593410876     
  0.845323285410905     
  0.000000000000000E+000
  0.000000000000000E+000
  0.000000000000000E+000
  0.000000000000000E+000
  0.000000000000000E+000
  0.000000000000000E+000
  0.000000000000000E+000
  0.000000000000000E+000
  0.000000000000000E+000
  0.000000000000000E+000
  0.000000000000000E+000
  0.000000000000000E+000
  0.000000000000000E+000
  0.000000000000000E+000
  0.000000000000000E+000
  0.000000000000000E+000
  0.000000000000000E+000
  0.000000000000000E+000
  0.000000000000000E+000
  0.000000000000000E+000
  0.000000000000000E+000
  0.000000000000000E+000
  0.000000000000000E+000
  0.000000000000000E+000
  0.000000000000000E+000
  0.000000000000000E+000
  0.000000000000000E+000
  0.000000000000000E+000
  0.000000000000000E+000
  0.000000000000000E+000
  0.000000000000000E+000
  0.000000000000000E+000
  0.000000000000000E+000
  0.000000000000000E+000
  0.000000000000000E+000
  0.000000000000000E+000
  0.000000000000000E+000
  0.000000000000000E+000
  0.000000000000000E+000
  0.000000000000000E+000
  0.000000000000000E+000
  0.000000000000000E+000
  0.000000000000000E+000
  0.000000000000000E+000
  0.000000000000000E+000
  0.000000000000000E+000
  0.000000000000000E+000
  0.000000000000000E+000
  0.000000000000000E+000
  0.000000000000000E+000
  0.000000000000000E+000
  0.000000000000000E+000
  0.203642296266992     
  0.202992818927489     
  0.202338249347917     
  0.201682167286628     
  0.201018080100331     
  0.200361373639926     
  0.199682763040707     
  0.198988965689496     
  0.198288515912098     
  0.197575747379672     
  0.196850319027459     
  0.196114107921509     
  0.195370556694586     
  0.194607389741232     
  0.193825102978546     
  0.193031248007499     
  0.192226082001908     
  0.191407826403117     
  0.190571414821883     
  0.189741576214578     
  0.188886984911637     
  0.188012242506471     
  0.187118013917064     
  0.186208370850448     
  0.185287333764800     
  0.184347667848602     
  0.183376031947163     
  0.182394100359992     
  0.181396608225008     
  0.180388278139116     
  0.179369043318342     
  0.178335013679505     
  0.177292921769059     
  0.176238000792984     
  0.175174886480773     
  0.174124453431943     
  0.173035980540964     
  0.171944802161886     
  0.170835241194354     
  0.169744587902716     
  0.168680437270350     
  0.167635502373113     
  0.166609780743522     
  0.165575721125143     
  0.164549910908104     
  0.163538183391713     
  0.162544762636930     
  0.161572654667365     
  0.160626046119362     
  0.156327638867048     
  0.155473404364785     
  0.154676712363979     
