  0.999999998663746     
  0.999999998658325     
  0.999999998652861     
  0.999999998647341     
  0.999999998641723     
  0.999999998636127     
  0.999999998630214     
  0.999999998624162     
  0.999999998618034     
  0.999999998611730     
  0.999999998605282     
  0.999999998598718     
  0.999999998592071     
  0.999999998585212     
  0.999999998578274     
  0.999999998571289     
  0.999999998564216     
  0.999999998556998     
  0.999999998549568     
  0.999999998542248     
  0.999999998534961     
  0.999999998527132     
  0.999999998518877     
  0.999999998510420     
  0.999999998501798     
  0.999999998492925     
  0.999999998483650     
  0.999999998474210     
  0.999999998464569     
  0.999999998454747     
  0.999999998444815     
  0.999999998434603     
  0.999999998424155     
  0.999999998413477     
  0.999999998402554     
  0.999999998391665     
  0.999999998380270     
  0.999999998368773     
  0.999999998357161     
  0.999999998345422     
  0.999999998334118     
  0.999999998323106     
  0.999999998311656     
  0.999999998299440     
  0.999999998287059     
  0.999999998274642     
  0.999999998262206     
  0.999999998249852     
  0.999999998237602     
  0.999999998225570     
  0.999999998213566     
  0.999999998201981     
