  0.701605425244916     
  0.702361467604996     
  0.703137586946252     
  0.703930801345754     
  0.704749769358630     
  0.705571366429667     
  0.706428361390639     
  0.707312665567026     
  0.708220117654147     
  0.709156665945483     
  0.710123216972886     
  0.711112930620617     
  0.712120528626815     
  0.713164535789860     
  0.714228050420233     
  0.715302544444920     
  0.716398819793940     
  0.717526318425249     
  0.718697020295870     
  0.719881385566804     
  0.729106017542280     
  0.730336277441134     
  0.731581293697325     
  0.732855927257680     
  0.734157524398266     
  0.735482930702023     
  0.736849466395485     
  0.738236341273237     
  0.739649870950241     
  0.741085408838751     
  0.742542309798928     
  0.744025525728411     
  0.745525505846612     
  0.747042009942428     
  0.748579322752318     
  0.750108030747739     
  0.751692170437219     
  0.753280672055357     
  0.754875521209445     
  0.756458208220075     
  0.757996177154969     
  0.759525437919449     
  0.761029898381673     
  0.762538888046740     
  0.764027922318605     
  0.765487626397467     
  0.766918121955870     
  0.768310440698155     
  0.769649772072328     
  0.770932760446100     
  0.772201548554100     
  0.773328449264162     
  0.000000000000000E+000
  0.000000000000000E+000
  0.000000000000000E+000
  0.000000000000000E+000
  0.000000000000000E+000
  0.000000000000000E+000
  0.000000000000000E+000
  0.000000000000000E+000
  0.000000000000000E+000
  0.000000000000000E+000
  0.000000000000000E+000
  0.000000000000000E+000
  0.000000000000000E+000
  0.000000000000000E+000
  0.000000000000000E+000
  0.000000000000000E+000
  0.000000000000000E+000
  0.000000000000000E+000
  0.000000000000000E+000
  0.000000000000000E+000
  0.000000000000000E+000
  0.000000000000000E+000
  0.000000000000000E+000
  0.000000000000000E+000
  0.000000000000000E+000
  0.000000000000000E+000
  0.000000000000000E+000
  0.000000000000000E+000
  0.000000000000000E+000
  0.000000000000000E+000
  0.000000000000000E+000
  0.000000000000000E+000
  0.000000000000000E+000
  0.000000000000000E+000
  0.000000000000000E+000
  0.000000000000000E+000
  0.000000000000000E+000
  0.000000000000000E+000
  0.000000000000000E+000
  0.000000000000000E+000
  0.000000000000000E+000
  0.000000000000000E+000
  0.000000000000000E+000
  0.000000000000000E+000
  0.000000000000000E+000
  0.000000000000000E+000
  0.000000000000000E+000
  0.000000000000000E+000
  0.000000000000000E+000
  0.000000000000000E+000
  0.000000000000000E+000
  0.000000000000000E+000
  0.298394570852298     
  0.297638528487717     
  0.296862409141784     
  0.296069194737397     
  0.295250226719374     
  0.294428629642919     
  0.293571634676439     
  0.292687330494538     
  0.291779878401824     
  0.290843330104686     
  0.289876779071380     
  0.288887065417602     
  0.287879467405250     
  0.286835460235739     
  0.285771945599148     
  0.284697451568469     
  0.283601176213350     
  0.282473677575759     
  0.281302975698625     
  0.280118610421188     
  0.270893978607970     
  0.269663718702888     
  0.268418702440279     
  0.267144068873291     
  0.265842471725837     
  0.264517065414830     
  0.263150529713882     
  0.261763654828651     
  0.260350125144113     
  0.258914587248026     
  0.257457686280582     
  0.255974470343695     
  0.254474490217932     
  0.252957986114414     
  0.251420673296805     
  0.249891965293889     
  0.248307825596981     
  0.246719323971592     
  0.245124474810856     
  0.243541787793764     
  0.242003818852962     
  0.240474558082721     
  0.238970097613872     
  0.237461107941823     
  0.235972073662756     
  0.234512369576678     
  0.233081874011070     
  0.231689555261556     
  0.230350223880249     
  0.229067235499551     
  0.227798447384220     
  0.226671546666286     
