  0.151520263212274     
  0.151704016745408     
  0.151876018631606     
  0.152045432907780     
  0.152208946865873     
  0.152375914377548     
  0.152562465985680     
  0.152742896813003     
  0.152932398215914     
  0.153119160700842     
  0.153291255146566     
  0.153461935350807     
  0.153653800115581     
  0.153836220747579     
  0.153996004401588     
  0.154155553389744     
  0.154334469308087     
  0.154490431476057     
  0.154639802327000     
  0.154820898847956     
  0.154963704348855     
  0.155130934970677     
  0.155294291514942     
  0.155460017003559     
  0.155631206224925     
  0.155785371984143     
  0.155930990638146     
  0.156085314112497     
  0.156229080512571     
  0.156376172137893     
  0.156522747998032     
  0.156665829466070     
  0.156817247509580     
  0.156962834181830     
  0.157116739996601     
  0.157387204435130     
  0.157555311385794     
  0.157712879148313     
  0.157868780435126     
  0.158024622520031     
  0.158174846442829     
  0.158323186412546     
  0.158470010261698     
  0.158618940929813     
  0.158769238591257     
  0.158915989244886     
  0.159077200300357     
  0.159224152178511     
  0.159370538558216     
  0.159518627849781     
  0.159670361473554     
  0.159806053371643     
