   1.01071498425512     
   1.01016696895648     
   1.00960119866282     
   1.00903180358569     
   1.00846313206411     
   1.00791188969003     
   1.00733660393715     
   1.00676052993295     
   1.00620431236503     
   1.00564153563367     
   1.00506189528858     
   1.00448262567830     
   1.00392078713734     
   1.00334718380296     
   1.00277632656198     
   1.00222620638510     
   1.00169431174171     
   1.00115480682134     
   1.00060003056313     
   1.00009868170796     
  0.999609006928724     
  0.999086038902282     
  0.998538694404051     
  0.997994340288477     
  0.997454244295645     
  0.996901435314409     
  0.996321878150830     
  0.995758377857223     
  0.995194845958687     
  0.994644112814354     
  0.994120319592850     
  0.993603292587855     
  0.993101537172661     
  0.992608747597111     
  0.992117696492535     
  0.991700859037160     
  0.991229132932479     
  0.990772296289025     
  0.990357628545456     
  0.989949901686320     
  0.989578247877153     
  0.989244383537405     
  0.988896598129908     
  0.988491064965053     
  0.988083241455307     
  0.987669245714413     
  0.987232775225210     
  0.986766443163135     
  0.986271645184464     
  0.985762177613348     
  0.985172405776750     
  0.984774659601676     
