  0.123196449476285     
  0.123179525283600     
  0.123163194535373     
  0.123146571450980     
  0.123129916465690     
  0.123113300277569     
  0.123095603088403     
  0.123077804847431     
  0.123060336553186     
  0.123042780878005     
  0.123025318109808     
  0.123007861682380     
  0.122989183645623     
  0.122971157490179     
  0.122954333804028     
  0.122937800503894     
  0.122920303341926     
  0.122903859473751     
  0.122887455285475     
  0.122870347988356     
  0.122855478476289     
  0.122838872096954     
  0.122821947463417     
  0.122805338932820     
  0.122787725641674     
  0.122771199551859     
  0.122754326980226     
  0.122737434716566     
  0.122720902502128     
  0.122704417231613     
  0.122688781683345     
  0.122673652911688     
  0.122658600172241     
  0.122644320998533     
  0.122629593168496     
  0.122608778440397     
  0.122593629713068     
  0.122579506661464     
  0.122566381001515     
  0.122553462490737     
  0.122541441108814     
  0.122529921920315     
  0.122518515679018     
  0.122505643822788     
  0.122492712319380     
  0.122479520714196     
  0.122464774404331     
  0.122449553794298     
  0.122433260276075     
  0.122415595430802     
  0.122395514353256     
  0.122382570786376     
