  0.135188732605376     
  0.135169079603072     
  0.135149324348349     
  0.135129534078459     
  0.135109716530223     
  0.135090694756697     
  0.135070597456554     
  0.135050744726393     
  0.135031383310033     
  0.135011800311587     
  0.134991608544546     
  0.134971472262839     
  0.134952201087982     
  0.134932223806112     
  0.134912383761954     
  0.134893285608948     
  0.134874777464084     
  0.134855988439871     
  0.134836736279731     
  0.134819286201916     
  0.134802545071932     
  0.134784401126210     
  0.134765368312883     
  0.134746444025375     
  0.134727620943831     
  0.134708462887387     
  0.134688282431565     
  0.134668736934895     
  0.134649389731852     
  0.134630302067176     
  0.134612067913364     
  0.134594136415045     
  0.134576686637884     
  0.134559580074944     
  0.134542588665742     
  0.134528108576162     
  0.134511721267237     
  0.134495852150472     
  0.134481478032765     
  0.134467310410048     
  0.134454388150408     
  0.134442789387550     
  0.134430818252915     
  0.134416757493151     
  0.134402599042448     
  0.134388250005385     
  0.134373064539639     
  0.134356811925892     
  0.134339637341040     
  0.134321906490184     
  0.134301176627506     
  0.134287657602587     
