  8.414631258272322E-002
  8.404201870304896E-002
  8.393792413752507E-002
  8.383389443005571E-002
  8.373093771337450E-002
  8.362804046017101E-002
  8.352765238888583E-002
  8.342980941280238E-002
  8.333410434715954E-002
  8.323990403370751E-002
  8.314673171472939E-002
  8.305464898030512E-002
  8.296320205871360E-002
  8.287364585788848E-002
  8.278579589787223E-002
  8.269936211703172E-002
  8.261390711664160E-002
  8.252950163512127E-002
  8.244611224302338E-002
  8.236202789866197E-002
  8.227799799640660E-002
  8.219794553352945E-002
  8.212239560676415E-002
  8.204870100152467E-002
  8.197528056524152E-002
  8.190377724624855E-002
  8.183475586703137E-002
  8.176754747853550E-002
  8.170199895560909E-002
  8.163802175933353E-002
  8.157686632083759E-002
  8.151890532732439E-002
  8.146334528457345E-002
  8.140999416879346E-002
  8.135814108842400E-002
  8.130531994391171E-002
  8.125798718609578E-002
  8.121305793934133E-002
  8.117426320294582E-002
  8.113642142753308E-002
  8.109523129256548E-002
  8.105117885858486E-002
  8.101165579274303E-002
  8.097899584024501E-002
  8.094802421712710E-002
  8.091728614449152E-002
  8.088417220625711E-002
  8.084963538753109E-002
  8.081301950239146E-002
  8.077314445079982E-002
  8.072836921202853E-002
  8.069523403498882E-002
  2.108755898204154E-002
  2.113408080356484E-002
  2.118117042684529E-002
  2.122917660887099E-002
  2.127772215556802E-002
  2.132661215604664E-002
  2.137939362035845E-002
  2.143341979985155E-002
  2.148830724178989E-002
  2.154513860667405E-002
  2.160311808765314E-002
  2.166245094761552E-002
  2.172432031764003E-002
  2.178729852439222E-002
  2.185024955505215E-002
  2.191421507327553E-002
  2.198009189053940E-002
  2.204643275503276E-002
  2.211490496365815E-002
  2.218512001900663E-002
  2.225356437048794E-002
  2.232779293920551E-002
  2.240488319412069E-002
  2.248372390612486E-002
  2.256513522492755E-002
  2.264736930238355E-002
  2.273313798453266E-002
  2.282099120032689E-002
  2.291025833947691E-002
  2.300150332507670E-002
  2.309376056420829E-002
  2.318768796653978E-002
  2.328373009734348E-002
  2.338086960459994E-002
  2.348098816417510E-002
  2.358808453709125E-002
  2.369256559059466E-002
  2.379732026359637E-002
  2.390162732254068E-002
  2.400629332392005E-002
  2.410857640500270E-002
  2.420903200571112E-002
  2.431015599371642E-002
  2.441576461261091E-002
  2.452136929997378E-002
  2.462619252736163E-002
  2.473159200199723E-002
  2.483508319804587E-002
  2.493684846305621E-002
  2.503708257019225E-002
  2.513609111609032E-002
  2.522442993636018E-002
  0.000000000000000E+000
  0.000000000000000E+000
  0.000000000000000E+000
  0.000000000000000E+000
  0.000000000000000E+000
  0.000000000000000E+000
  0.000000000000000E+000
  0.000000000000000E+000
  0.000000000000000E+000
  0.000000000000000E+000
  0.000000000000000E+000
  0.000000000000000E+000
  0.000000000000000E+000
  0.000000000000000E+000
  0.000000000000000E+000
  0.000000000000000E+000
  0.000000000000000E+000
  0.000000000000000E+000
  0.000000000000000E+000
  0.000000000000000E+000
  0.000000000000000E+000
  0.000000000000000E+000
  0.000000000000000E+000
  0.000000000000000E+000
  0.000000000000000E+000
  0.000000000000000E+000
  0.000000000000000E+000
  0.000000000000000E+000
  0.000000000000000E+000
  0.000000000000000E+000
  0.000000000000000E+000
  0.000000000000000E+000
  0.000000000000000E+000
  0.000000000000000E+000
  0.000000000000000E+000
  0.000000000000000E+000
  0.000000000000000E+000
  0.000000000000000E+000
  0.000000000000000E+000
  0.000000000000000E+000
  0.000000000000000E+000
  0.000000000000000E+000
  0.000000000000000E+000
  0.000000000000000E+000
  0.000000000000000E+000
  0.000000000000000E+000
  0.000000000000000E+000
  0.000000000000000E+000
  0.000000000000000E+000
  0.000000000000000E+000
  0.000000000000000E+000
  0.000000000000000E+000
  2.788409181442911E-002
  2.793187159325623E-002
  2.797820979627633E-002
  2.802302788048329E-002
  2.806578036508938E-002
  2.810868948421499E-002
  2.814334945361738E-002
  2.817420225860555E-002
  2.820259259511843E-002
  2.822677287571211E-002
  2.824758566881415E-002
  2.826561646339328E-002
  2.828115443374022E-002
  2.829241820438677E-002
  2.830199345950353E-002
  2.831000548293169E-002
  2.831575482721185E-002
  2.831918076452204E-002
  2.831835075322370E-002
  2.831883980375429E-002
  2.832179801611378E-002
  2.831253188033250E-002
  2.829425970703335E-002
  2.827214678703955E-002
  2.824705056143972E-002
  2.821823302699715E-002
  2.818142902016959E-002
  2.814138166521537E-002
  2.809812242163303E-002
  2.805162597882104E-002
  2.800279003115594E-002
  2.794929803112097E-002
  2.789181780730995E-002
  2.783139081002515E-002
  2.776650367516813E-002
  2.769921938187044E-002
  2.762650651716159E-002
  2.755180257691624E-002
  2.747425633853438E-002
  2.739575129936564E-002
  2.732491276704368E-002
  2.726083209186790E-002
  2.719030264282899E-002
  2.710479819547320E-002
  2.701723160231467E-002
  2.692992997160243E-002
  2.684367291233178E-002
  2.675962044973683E-002
  2.667853148952238E-002
  2.660176999051011E-002
  2.652811427306296E-002
  2.646021077281661E-002
