  2.684620427674475E-002
  2.693989251027948E-002
  2.701502553135354E-002
  2.709169716704152E-002
  2.716823691414825E-002
  2.720319998183738E-002
  2.728021962190179E-002
  2.726402951242452E-002
  2.744593165902856E-002
  2.744631206001010E-002
  2.756755602945934E-002
  2.762442189782507E-002
  2.760594115519225E-002
  2.748467605543511E-002
  2.751386388684648E-002
  2.747741301201779E-002
  2.751327289151907E-002
  2.759982397582755E-002
  2.793186319003086E-002
  2.791133900251782E-002
  2.779035108081849E-002
  2.768400712815123E-002
  2.812912395561052E-002
  2.818250216445872E-002
  2.806611922271736E-002
  2.826833844031326E-002
  2.825021738840085E-002
  2.832680549570236E-002
  2.801707892667857E-002
  2.780173302605239E-002
  2.839000110778065E-002
  2.841389821427511E-002
  2.839418261738411E-002
  2.840710538829801E-002
  2.821852976134804E-002
  2.846640913303359E-002
  2.724518972445673E-002
  2.781787069713716E-002
  2.780239706116863E-002
  2.777763743400330E-002
  2.794782325728366E-002
  2.793380014213051E-002
  2.754804664858092E-002
  2.763246393980511E-002
  2.735333321439183E-002
  2.782523315861805E-002
  2.784768808622153E-002
  2.785078743993394E-002
  2.756820482912411E-002
  2.823535643190640E-002
  2.811157612614122E-002
  2.828696442538512E-002
  4.639738087637553E-002
  4.654553913091988E-002
  4.663349238975716E-002
  4.667886716219186E-002
  4.671845674694013E-002
  4.676150045766906E-002
  4.679266180521112E-002
  4.669895805346688E-002
  4.671749336378386E-002
  4.673326514855831E-002
  4.672376478161808E-002
  4.673809466129075E-002
  4.674501752997990E-002
  4.674582126220224E-002
  4.698668414380309E-002
  4.698257579886790E-002
  4.699822251297978E-002
  4.701271314509177E-002
  4.704938841873298E-002
  4.702376334484131E-002
  4.707859956905969E-002
  4.708938215658204E-002
  4.703558825703100E-002
  4.706110036804469E-002
  4.700427242303917E-002
  4.706644099273823E-002
  4.703556101814649E-002
  4.701811497804056E-002
  4.700943899144290E-002
  4.699130080991312E-002
  4.698488711054315E-002
  4.693696766732706E-002
  4.695042514800300E-002
  4.691611677877812E-002
  4.688633590641544E-002
  4.692330269639446E-002
  4.692591070108606E-002
  4.688635727264295E-002
  4.688089810280188E-002
  4.692434655205020E-002
  4.694519084017756E-002
  4.694913413620262E-002
  4.697217200473678E-002
  4.698140354398748E-002
  4.695810362171460E-002
  4.696067803242256E-002
  4.695925225728311E-002
  4.691865911611145E-002
  4.693915389577269E-002
  4.693883743364506E-002
  4.693714462747502E-002
  4.691712249095394E-002
  6.229633093208360E-002
  6.230722157267671E-002
  6.233321430881655E-002
  6.235074625257899E-002
  6.254973579256043E-002
  6.257870818385389E-002
  6.262225321804865E-002
  6.262704989253495E-002
  6.267156746876279E-002
  6.270346497275452E-002
  6.271363439921537E-002
  6.267297079131265E-002
  6.264864498924352E-002
  6.263264378369983E-002
  6.278139539107133E-002
  6.275210282900354E-002
  6.275122165306005E-002
  6.273756900960738E-002
  6.271828190680823E-002
  6.270322247188795E-002
  6.284006749820160E-002
  6.282324626211847E-002
  6.280114615616479E-002
  6.283176541584785E-002
  6.280363703987561E-002
  6.277230076157175E-002
  6.273360030439581E-002
  6.276268628310998E-002
  6.270531800911364E-002
  6.266593107061325E-002
  6.263884123801615E-002
  6.261391925717325E-002
  6.258983572924369E-002
  6.256816124249721E-002
  6.254437137584716E-002
  6.249134271991198E-002
  6.247408909896964E-002
  6.246195267689501E-002
  6.246885549708938E-002
  6.247634900009759E-002
  6.249071012877947E-002
  6.251146380954437E-002
  6.252731437172117E-002
  6.250497712619431E-002
  6.260722560481650E-002
  6.261012440234157E-002
  6.260338214653691E-002
  6.259221849325861E-002
  6.257618847935241E-002
  6.251779726071759E-002
  6.255375892862153E-002
  6.254644603829748E-002
  8.998772724259038E-002
  9.001409066408735E-002
  9.004171341009375E-002
  9.006741516242667E-002
  9.008927136022775E-002
  9.009990148436779E-002
  9.011633870975073E-002
  9.013174794072336E-002
  9.014524429439183E-002
  9.015997556959986E-002
  9.016704423351279E-002
  9.016708674845186E-002
  9.017183274078251E-002
  9.017702585766081E-002
  9.017946320632066E-002
  9.036342219859694E-002
  9.037124484790419E-002
  9.037796687239212E-002
  9.037842556879548E-002
  9.038521933850489E-002
  9.039151293919999E-002
  9.039205311045652E-002
  9.037990537260164E-002
  9.036859790431245E-002
  9.036091315500212E-002
  9.035062528304319E-002
  9.033811868324694E-002
  9.032327558030685E-002
  9.030393422968346E-002
  9.028093237528038E-002
  9.026566751235512E-002
  9.025240032906852E-002
  9.023749820068259E-002
  9.022081018460108E-002
  9.020767680921914E-002
  9.018546238532403E-002
  9.016437532895495E-002
  9.015172025791107E-002
  9.014365849267832E-002
  9.013339463111708E-002
  9.016872978013547E-002
  9.017181139380788E-002
  9.016962442700732E-002
  9.015878900227518E-002
  9.014654593261788E-002
  9.012658154546349E-002
  9.010962366057625E-002
  9.009670153329546E-002
  9.008297135217906E-002
  9.006994737461842E-002
  9.005675595832129E-002
  9.004516606309125E-002
