  2.070769226183710E-003
  2.061108503203807E-003
  2.052019987705067E-003
  2.043435159053285E-003
  2.035276296191559E-003
  2.027352656266210E-003
  2.020201993694442E-003
  2.013313255134947E-003
  2.006379125968666E-003
  1.999984795495696E-003
  1.994173073351133E-003
  1.988755871525717E-003
  1.983524277888752E-003
  1.978861219447122E-003
  1.974344849527756E-003
  1.969702935710995E-003
  1.965023629694480E-003
  1.960873285199493E-003
  1.957368319829370E-003
  1.953298480495799E-003
  1.949184688927465E-003
  1.946130773146638E-003
  1.943829804969420E-003
  1.941872330687472E-003
  1.940154592228178E-003
  1.939083311760241E-003
  1.938959559834382E-003
  1.938816590820183E-003
  1.939010015134153E-003
  1.939151003951842E-003
  1.938650997166199E-003
  1.938245090062653E-003
  1.937793448662137E-003
  1.937325491528271E-003
  1.936955737978697E-003
  1.935484713292689E-003
  1.934661973388279E-003
  1.933671370620401E-003
  1.931331168748833E-003
  1.928844359235725E-003
  1.925667685799694E-003
  1.921746431390383E-003
  1.918703823632233E-003
  1.917198844823325E-003
  1.915973923035130E-003
  1.914841361934703E-003
  1.913627419058223E-003
  1.912472890580808E-003
  1.911237886072863E-003
  1.909909478685667E-003
  1.908602026329160E-003
  1.907782858424508E-003
