  0.100090686338972     
  0.100090170014903     
  0.100090051188666     
  0.100090005666582     
  0.100089944436401     
  0.100090024707476     
  0.100089913353039     
  0.100090048709505     
  0.100090000514280     
  0.100089958984379     
  0.100089894117079     
  0.100089866823376     
  0.100090101684032     
  0.100090041945925     
  0.100090024039410     
  0.100090023973990     
  0.100089985305997     
  0.100089927892275     
  0.100089944295958     
  0.100089894904528     
  0.100090167667416     
  0.100090182496007     
  0.100090154760271     
  0.100090132595272     
  0.100090073396761     
  0.100090092150253     
  0.100090033510520     
  0.100090054621839     
  0.100090296501930     
  0.100090345848265     
  0.100090285027457     
  0.100090307106868     
  0.100090274573770     
  0.100090279194373     
  0.100090349080184     
  0.100090323888007     
  0.100090320083283     
  0.100090308153917     
  0.100090332430490     
  0.100090322063232     
  0.100090306690022     
  0.100090296196059     
  0.100090434682813     
  0.100090456206398     
  0.100090455376955     
  0.100090480071229     
  0.100090445918795     
  0.100090375186223     
  0.100090394203654     
  0.100090352984661     
  0.100090122468456     
  0.100090393791625     
