  3.509804626640419E-002
  3.507890958816890E-002
  3.505927315968379E-002
  3.503952841187758E-002
  3.501977209382237E-002
  3.500067004922150E-002
  3.498068410351594E-002
  3.496069601688855E-002
  3.494138279575297E-002
  3.492184132720819E-002
  3.490171442746653E-002
  3.488160543946305E-002
  3.486209940395057E-002
  3.484218186018744E-002
  3.482235972254435E-002
  3.480326163495824E-002
  3.478479215808666E-002
  3.476606054759595E-002
  3.474679198377351E-002
  3.472939129738773E-002
  3.471237740451594E-002
  3.469421863020261E-002
  3.467521355261271E-002
  3.465631143010257E-002
  3.463754754707082E-002
  3.461837073713456E-002
  3.459824892104557E-002
  3.457868231305538E-002
  3.455909322992227E-002
  3.453995621891144E-002
  3.452178288590738E-002
  3.450382930817653E-002
  3.448641206411372E-002
  3.446930088057092E-002
  3.445223958555767E-002
  3.443778468815466E-002
  3.442140118395320E-002
  3.440554399655417E-002
  3.439114560227487E-002
  3.437698834681618E-002
  3.436408146038640E-002
  3.435249319149058E-002
  3.434038357010148E-002
  3.432630128675222E-002
  3.431214366549283E-002
  3.429776993415564E-002
  3.428261862084458E-002
  3.426643673966860E-002
  3.424924313738564E-002
  3.423155350552309E-002
  3.421105415904960E-002
  3.419726381096162E-002
