  -62.5393962528150     
  -62.5393910831739     
  -62.5393377659704     
  -62.5391545103813     
  -62.5387346735919     
  -62.5379519397335     
  -62.5366633644806     
  -62.5347116553770     
  -62.5319271554526     
  -62.5281297583755     
  -62.5231308880746     
  -62.5167356271266     
  -62.5087450473700     
  -62.4989587724498     
  -62.4871777807922     
  -62.4732074369047     
  -62.4568607182944     
  -62.4379615848354     
  -62.4163484178237     
  -62.3918490915746     
  -62.3641630881585     
  -62.3330918531000     
  -62.2984789058657     
  -62.2601460084838     
  -62.2179742805480     
  -62.1718691274246     
  -62.1216700562347     
  -62.0670511223202     
  -62.0079166012818     
  -61.9442000359567     
  -61.8758002638393     
  -61.8026403017449     
  -61.7244997509814     
  -61.6412023260569     
  -61.5527514097332     
  -61.4591498513033     
  -61.3603528306491     
  -61.2560923737642     
  -61.1462891606026     
  -61.0309745074139     
  -60.9101789688004     
  -60.7837560769583     
  -60.6515065971895     
  -60.5135430799126     
  -60.3699429696718     
  -60.2205355600503     
  -60.0652820293694     
  -59.9042424940961     
  -59.7374188575601     
  -59.5646037950466     
  -59.3859638340481     
  -59.2015634795521     
  -59.0112196705183     
  -58.8148863667591     
  -58.6128228229108     
  -58.4050110182168     
  -58.1913328992468     
  -57.9718438747220     
  -57.7466835796161     
  -57.5158526384033     
  -57.2794549093537     
  -57.0376522867951     
  -56.7904139596568     
  -56.5378640847721     
  -56.2801192417608     
  -56.0172671803922     
  -55.7494601597018     
  -55.4767840955799     
  -55.1993273691324     
  -54.9172762359298     
  -54.6307337563822     
  -54.3398311464114     
  -54.0447957228547     
  -53.7457508031452     
  -53.4428329681653     
  -53.1362152569427     
  -52.8260722249785     
  -52.5125578008327     
  -52.1958443245014     
  -51.8761391303419     
  -51.5536212680928     
  -51.2284776261520     
  -50.9008781283451     
  -50.5709738619850     
  -50.2389542792706     
  -49.9049993178730     
  -49.5692850849767     
  -49.2320014509076     
  -48.8933225685164     
  -48.5534246471720     
  -48.2124803636329     
  -47.8706521935251     
  -47.5280958619847     
  -47.1849568136160     
  -46.8413863799270     
  -46.4975286611037     
  -46.1535176236342     
  -45.8094994304047     
  -45.4656114468714     
  -45.1219896603418     
  -44.7787674061296     
  -44.4360682578760     
  -44.0940128007963     
  -43.7527179622175     
  -43.4122912348284     
  -43.0728376411704     
  -42.7344593060671     
  -42.3972549519284     
  -42.0613141568680     
  -41.7267246621986     
  -41.3935707874761     
  -41.0619308647262     
  -40.7318779803605     
  -40.4034798597798     
  -40.0767924223709     
  -39.7518749438102     
  -39.4287866680721     
  -39.1075836472668     
  -38.7883206855980     
  -38.4710496464893     
  -38.1558172566018     
  -37.8426667734603     
  -37.5316410051629     
  -37.2227783419223     
  -36.9161139510037     
  -36.6116816523805     
  -36.3095113966577     
  -36.0096299317483     
  -35.7120616841850     
  -35.4168285703918     
  -35.1239504061108     
  -34.8334447586067     
  -34.5453265971198     
  -34.2596082332258     
  -33.9762998572301     
  -33.6954097188509     
  -33.4169439467077     
  -33.1409057698416     
  -32.8672969837464     
  -32.5961201453018     
  -32.3273761596936     
  -32.0610636892778     
  -31.7971804839334     
  -31.5357228255156     
  -31.2766856851867     
  -31.0200629321798     
  -30.7658471638501     
  -30.5140298587965     
  -30.2646014962531     
  -30.0175519615638     
  -29.7728714933100     
  -29.5305497032548     
  -29.2905746953327     
  -29.0529345265400     
  -28.8176168433017     
  -28.5846084244201     
  -28.3538957353255     
  -28.1254646754081     
  -27.8992999983368     
  -27.6753854333268     
  -27.4537054853653     
  -27.2342447647137     
  -27.0169864653456     
  -26.8019147832911     
  -26.5890134880810     
  -26.3782655512392     
  -26.1696543251323     
  -25.9631624411464     
  -25.7587720378531     
  -25.5564654902003     
  -25.3562247096844     
  -25.1580314554601     
  -24.9618676964487     
  -24.7677150956973     
  -24.5755552318531     
  -24.3853697930957     
  -24.1971402228409     
  -24.0108479046124     
  -23.8264742858672     
  -23.6440006045418     
  -23.4634080462630     
  -23.2846779205268     
  -23.1077914580591     
  -22.9327300318937     
  -22.7594751250230     
  -22.5880081565062     
  -22.4183105691298     
  -22.2503639917416     
  -22.0841500398109     
  -21.9196503601360     
  -21.7568467861944     
  -21.5957211460398     
  -21.4362553199759     
  -21.2784313892957     
  -21.1222314572977     
  -20.9676377230943     
  -20.8146325991324     
  -20.6632016268753     
  -20.5133305064463     
  -20.3650018624687     
  -20.2182009049160     
  -20.0729127653480     
  -19.9291198052910     
  -19.7868022384158     
  -19.6459434488418     
  -19.5065262576366     
  -19.3685318256773     
  -19.2319439561497     
  -19.0967457267396     
  -18.9629193981125     
  -18.8304486680878     
  -18.6993172246754     
  -18.5695085192226     
  -18.4410063902942     
  -18.3137954106893     
  -18.1878597159032     
  -18.0631835041098     
  -17.9397519229947     
  -17.8175498074786     
  -17.6965618809553     
  -17.5767737387600     
  -17.4581708807878     
  -17.3407386310814     
  -17.2244629956437     
  -17.1093300804892     
  -16.9953258476369     
  -16.8824367362698     
  -16.7706493998370     
  -16.6599504308988     
  -16.5503267353746     
  -16.4417654947957     
  -16.3342539511030     
  -16.2277795281618     
  -16.1223298830385     
  -16.0178927672142     
  -15.9144560858454     
  -15.8120079506618     
  -15.7105365987730     
  -15.6100304032495     
  -15.5104779171496     
  -15.4118678374077     
  -15.3141889903681     
  -15.2174303582590     
  -15.1215810722310     
  -15.0266303949831     
  -14.9325677299365     
  -14.8393826262613     
  -14.7470647674174     
  -14.6556039692943     
  -14.5649901872964     
  -14.4752135148487     
  -14.3862641775818     
  -14.2981325309142     
  -14.2108090612000     
  -14.1242843872922     
  -14.0385492599438     
  -13.9535945608571     
  -13.8694112898974     
  -13.7859905679893     
  -13.7033236502971     
  -13.6214018807750     
  -13.5402167078655     
  -13.4597596845773     
  -13.3800225132703     
  -13.3009969738375     
  -13.2226749492175     
  -13.1450484298549     
  -13.0681095410365     
  -12.9918504832014     
  -12.9162635559375     
  -12.8413411652410     
  -12.7670758390580     
  -12.6934601780780     
  -12.6204868772357     
  -12.5481487341577     
  -12.4764386595720     
  -12.4053496342825     
  -12.3348747279734     
  -12.2650071085199     
  -12.1957400864531     
  -12.1270670430624     
  -12.0589814029306     
  -11.9914775272754     
  -11.9245512511400     
  -11.8581963153663     
  -11.7924063854019     
  -11.7271758124215     
  -11.6624978331857     
  -11.5983649225207     
  -11.5347711112966     
  -11.4717109975411     
  -11.4091783573688     
  -11.3471663194677     
  -11.2856692000938     
  -11.2246818008107     
  -11.1641983751499     
  -11.1042126240677     
  -11.0447190649171     
  -10.9857126850134     
  -10.9271881624886     
  -10.8691397185940     
  -10.8115620974703     
  -10.7544504913359     
  -10.6977999476141     
  -10.6416051367983     
  -10.5858610033313     
  -10.5305628907100     
  -10.4757061220003     
  -10.4212857698844     
  -10.3672970195566     
  -10.3137353618066     
  -10.2605963704268     
  -10.2078754795054     
  -10.1555681327288     
  -10.1036699829030     
  -10.0521768185622     
  -10.0010843834328     
  -9.95038838802062     
  -9.90008465887557     
  -9.85016916702160     
  -9.80063791471438     
  -9.75148687872286     
  -9.70271208358197     
  -9.65430966873820     
  -9.60627584941254     
  -9.55860684819356     
  -9.51129890226318     
  -9.46434832056545     
  -9.41775149771754     
  -9.37150487122729     
  -9.32560489185422     
  -9.28004804574669     
  -9.23483088711390     
  -9.18995003260320     
  -9.14540213066983     
  -9.10118385190872     
  -9.05729190980478     
  -9.01372307712810     
  -8.97047417483818     
  -8.92754205233559     
  -8.88492358732215     
  -8.84261570146913     
  -8.80061536652522     
  -8.75891959578258     
  -8.71752543730242     
  -8.67642996636429     
  -8.63563028939168     
  -8.59512355492764     
  -8.55490696249045     
  -8.51497773462015     
  -8.47533311689215     
  -8.43597037834771     
  -8.39688684101660     
  -8.35807987228906     
  -8.31954685727363     
  -8.28128519871106     
  -8.24329232511929     
  -8.20556571737848     
  -8.16810289686388     
  -8.13090139930632     
  -8.09395877700086     
  -8.05727260915208     
  -8.02084053419852     
  -7.98466022305344     
  -7.94873007857814     
  -7.91304831451256     
  -7.87761261603599     
  -7.84242074110719     
  -7.80747041416365     
  -7.77275914785807     
  -7.73828488825065     
  -7.70404546022408     
  -7.67003874750963     
  -7.63626261931245     
  -7.60271477425362     
  -7.56939323898316     
  -7.53629596917590     
  -7.50342096169403     
  -7.47076621422740     
  -7.43832959908624     
  -7.40610921067906     
  -7.37410312802922     
  -7.34230946125689     
  -7.31072632802967     
  -7.27935175531975     
  -7.24818390076748     
  -7.21722095092731     
  -7.18646111354557     
  -7.15590261190646     
  -7.12554361706244     
  -7.09538236334203     
  -7.06541713168052     
  -7.03564622431041     
  -7.00606796102745     
  -6.97668063864815     
  -6.94748257784426     
  -6.91847214268671     
  -6.88964772402369     
  -6.86100773105091     
  -6.83255056845750     
  -6.80427464904015     
  -6.77617841573761     
  -6.74826034111419     
  -6.72051891794784     
  -6.69295264584546     
  -6.66556003393330     
  -6.63833959870885     
  -6.61128989598712     
  -6.58440949317543     
  -6.55769696268357     
  -6.53115090145226     
  -6.50476991440859     
  -6.47855261245641     
  -6.45249762384599     
  -6.42660362893417     
  -6.40086927189560     
  -6.37529323972482     
  -6.34987421779366     
  -6.32461091806247     
  -6.29950206640929     
  -6.27454638855904     
  -6.24974263578111     
  -6.22508956753749     
  -6.20058594727322     
  -6.17623055787645     
  -6.15202221382539     
  -6.12795970178663     
  -6.10404185933523     
  -6.08026751110879     
  -6.05663550223878     
  -6.03314469141098     
  -6.00979395540589     
  -5.98658214713426     
  -5.96350817381130     
  -5.94057092928846     
  -5.91776932288589     
  -5.89510228975519     
  -5.87256876539700     
  -5.85016767374010     
  -5.82789798553449     
  -5.80575866133932     
  -5.78374866818719     
  -5.76186701111747     
  -5.74011268264988     
  -5.71848467561597     
  -5.69698201978668     
  -5.67560374058549     
  -5.65434907426861     
  -5.63321749156695     
  -5.61220804391096     
  -5.59131977849052     
  -5.57055176346865     
  -5.54990269867927     
  -5.52937160517235     
  -5.50895792668930     
  -5.48866078466906     
  -5.46847928621347     
  -5.44841254964108     
  -5.42845941473406     
  -5.40861895393160     
  -5.38889056930095     
  -5.36927346081673     
  -5.34976678993773     
  -5.33036972338131     
  -5.31108123543544     
  -5.29190043403636     
  -5.27282667629540     
  -5.25385923958017     
  -5.23499734524881     
  -5.21624021256430     
  -5.19758693367898     
  -5.17903665126259     
  -5.16058868751671     
  -5.14224236753856     
  -5.12399697021246     
  -5.10585176829221     
  -5.08780596173806     
  -5.06985874474687     
  -5.05200941856147     
  -5.03425733400644     
  -5.01660182506507     
  -4.99904220279246     
  -4.98157775930105     
  -4.96420775834823     
  -4.94693151330245     
  -4.92974839867964     
  -4.91265778682770     
  -4.89565902469411     
  -4.87875144700581     
  -4.86193438035389     
  -4.84520719498902     
  -4.82856931466670     
  -4.81202014146859     
  -4.79555904702638     
  -4.77918540959709     
  -4.76289859923333     
  -4.74669804670231     
  -4.73058326935318     
  -4.71455375442091     
  -4.69860892236003     
