   1.34155614523038     
   1.34082874601001     
   1.34007777998489     
   1.33932200266222     
   1.33856718573927     
   1.33783550311264     
   1.33707190689702     
   1.33630726440880     
   1.33556897803930     
   1.33482198547057     
   1.33405260925759     
   1.33328372513346     
   1.33253797785654     
   1.33177661477184     
   1.33101889666969     
   1.33028870357331     
   1.32958270184328     
   1.32886659873551     
   1.32813022546507     
   1.32746476819172     
   1.32681480631376     
   1.32612065318398     
   1.32539414433965     
   1.32467160473125     
   1.32395471707302     
   1.32322095503578     
   1.32245168923244     
   1.32170373625509     
   1.32095574132745     
   1.32022473461866     
   1.31952948617960     
   1.31884321876831     
   1.31817722185410     
   1.31752312560176     
   1.31687133688068     
   1.31631805444346     
   1.31569191644763     
   1.31508554173672     
   1.31453513923128     
   1.31399394959625     
   1.31350064093916     
   1.31305749152153     
   1.31259586420036     
   1.31205758632986     
   1.31151626840721     
   1.31096675787363     
   1.31038741584732     
   1.30976843754647     
   1.30911167547281     
   1.30843544195350     
   1.30765261786956     
   1.30712467593368     
