  0.227231455049415     
  0.225629701727819     
  0.224041966414470     
  0.222490891965260     
  0.220990987766561     
  0.219571164250930     
  0.218024530919177     
  0.216450701373155     
  0.214892312598589     
  0.213330084214288     
  0.211758666799509     
  0.210194109936884     
  0.208644026304332     
  0.207113242724815     
  0.205597229210126     
  0.204083687216671     
  0.202595946361304     
  0.201147227464984     
  0.199693065194526     
  0.198273851966255     
  0.196977202550142     
  0.195561935022664     
  0.194082483136360     
  0.192607334231083     
  0.191146638857645     
  0.189729700076566     
  0.188260286488358     
  0.186789987514477     
  0.185328396401479     
  0.183882739547664     
  0.182446204311473     
  0.181020926123001     
  0.179597083269910     
  0.178216468425007     
  0.176826678515286     
  0.175386605261048     
  0.173954032731995     
  0.172518681337834     
  0.171065298162738     
  0.169628645898332     
  0.168228605726042     
  0.166927386313074     
  0.165672954319405     
  0.164262646823705     
  0.162856643025756     
  0.161460072726223     
  0.160102025068615     
  0.158779841687519     
  0.157499558031019     
  0.156240067676020     
  0.155049548357765     
  0.153875839479154     
  0.670237751920201     
  0.669136620629809     
  0.668061114614209     
  0.667012750605743     
  0.665994843733332     
  0.665023403587049     
  0.663972159201525     
  0.662898803395222     
  0.661818771137141     
  0.660732949183523     
  0.659650268331634     
  0.658576368716573     
  0.657503625029786     
  0.656440239275398     
  0.655390055783204     
  0.654340994518871     
  0.653297472405900     
  0.652283673171898     
  0.651274145534757     
  0.650282891088863     
  0.649381477270701     
  0.648382295232162     
  0.647326917299517     
  0.646274008170610     
  0.645231623112792     
  0.644214255250233     
  0.643163239324434     
  0.642102158420271     
  0.641053364106861     
  0.640001714848681     
  0.638933914310352     
  0.637859511395037     
  0.636778483270680     
  0.635712306482757     
  0.634633722673178     
  0.633490239160260     
  0.632375170737288     
  0.631248150443206     
  0.630069283185470     
  0.628901035525732     
  0.627788605739716     
  0.626743074789369     
  0.625700468633543     
  0.624551601194731     
  0.623405169734589     
  0.622278634464974     
  0.621199527412422     
  0.620166823115333     
  0.619187985641421     
  0.618254863971531     
  0.617421579946685     
  0.616462955430223     
  0.884516461421941     
  0.883884963475331     
  0.883262316295350     
  0.882644761385553     
  0.882039617838827     
  0.881453779527586     
  0.880827500610412     
  0.880195648795357     
  0.879559357362335     
  0.878913513540346     
  0.878265119933935     
  0.877619060481917     
  0.876963987110266     
  0.876313724005513     
  0.875681934665855     
  0.875056486397438     
  0.874429691016048     
  0.873818923453202     
  0.873208197820399     
  0.872598280096921     
  0.872042745929063     
  0.871429037484580     
  0.870790821411754     
  0.870154784820451     
  0.869516435874409     
  0.868893426765340     
  0.868249922054752     
  0.867598432905470     
  0.866957439399234     
  0.866314099014307     
  0.865674342780295     
  0.865028904923546     
  0.864374191734102     
  0.863724887524504     
  0.863061920379394     
  0.862342756069153     
  0.861660676664349     
  0.860983059653804     
  0.860301737400860     
  0.859627112399387     
  0.858988338671361     
  0.858385925118189     
  0.857778671317801     
  0.857113256817018     
  0.856446158531449     
  0.855789615945984     
  0.855151537226058     
  0.854539670223070     
  0.853952837414030     
  0.853397084517673     
  0.852885881995138     
  0.852315778201239     
  2.083198498245161E-007
  2.094481617378441E-007
  2.166808341154506E-007
  2.051629136538540E-007
  2.196828107852453E-007
  2.086099592725031E-007
  2.177145917867646E-007
  2.314944981915397E-007
  2.845909072133511E-007
  3.523782383854338E-007
  5.180744765141367E-007
  6.253253861240276E-007
  8.994394411403203E-007
  1.026687702323995E-006
  1.326903651455019E-006
  1.753757551845853E-006
  2.031687464005767E-006
  2.422454445838494E-006
  2.977262675865162E-006
  3.539066409990290E-006
  4.111159054907983E-006
  4.609523239485353E-006
  5.097875273144738E-006
  5.763844684738702E-006
  6.560702053197574E-006
  7.442043424094424E-006
  8.312117745607045E-006
  9.130325550712985E-006
  9.834848479445255E-006
  1.048801044503201E-005
  1.114698040353467E-005
  1.192573805916394E-005
  1.267359797338146E-005
  1.347920566054059E-005
  1.448134844919457E-005
  1.562973199027589E-005
  1.669266991018922E-005
  1.763638236758691E-005
  1.852585782034698E-005
  1.937034622425726E-005
  2.017230987542337E-005
  2.097581299112506E-005
  2.198851476243990E-005
  2.308983271920251E-005
  2.421749622204189E-005
  2.543750524058155E-005
  2.678820832233477E-005
  2.790118095571197E-005
  2.953425729512836E-005
  3.100872345576436E-005
  3.308018652397957E-005
  3.452317847268379E-005
