  0.603457400927412     
  0.602862277864442     
  0.602256379383320     
  0.601644172292243     
  0.601031407619887     
  0.600426060817917     
  0.599794319548888     
  0.599166100122928     
  0.598552178622732     
  0.597929209783496     
  0.597295665108466     
  0.596660106848075     
  0.596030310670395     
  0.595391869595622     
  0.594762069880823     
  0.594149569427422     
  0.593550600135638     
  0.592946511571377     
  0.592329708330226     
  0.591743779519856     
  0.591177284574721     
  0.590577359638404     
  0.589960920882760     
  0.589343690821790     
  0.588729078616355     
  0.588105828946346     
  0.587459614458507     
  0.586824936264687     
  0.586191930623878     
  0.585570143460715     
  0.584977585491218     
  0.584392868747064     
  0.583818635492093     
  0.583255470924339     
  0.582695837478057     
  0.582176750881047     
  0.581645609962209     
  0.581127450261506     
  0.580659080937422     
  0.580202170637970     
  0.579770611469297     
  0.579369164256017     
  0.578953687727548     
  0.578495477555979     
  0.578036023931335     
  0.577580142689669     
  0.577127434552381     
  0.576674722766578     
  0.576225235993818     
  0.575781501370575     
  0.575328389090789     
  0.574905270173305     
