  1.122990897386579E-006
  1.122991160562036E-006
  1.122993874877792E-006
  1.123003204888609E-006
  1.123024583855886E-006
  1.123064457186113E-006
  1.123130140874618E-006
  1.123229727261143E-006
  1.123372016259061E-006
  1.123566462244575E-006
  1.123823131412935E-006
  1.124152666544214E-006
  1.124566257249436E-006
  1.125075614405211E-006
  1.125692947873833E-006
  1.126430946860709E-006
  1.127302762424117E-006
  1.128321991770969E-006
  1.129502664053049E-006
  5.227297990362617E-004
  1.591477731189876E-003
  2.854959508606605E-003
  4.023165654025385E-003
  5.903859880148675E-003
  7.299273897621638E-003
  8.915658403541563E-003
  1.169397179393026E-002
  1.510533542216815E-002
  1.799500055914539E-002
  2.121322755448159E-002
  2.536768977674188E-002
  3.002765627539121E-002
  3.562670481187299E-002
  4.160415676553747E-002
  4.732061572614713E-002
  5.328202412512082E-002
  6.041938566606278E-002
  6.877176148339818E-002
  7.764876230897234E-002
  8.713458165468048E-002
  9.723343046048895E-002
  0.108415946459299     
  0.120488229966535     
  0.133112774884345     
  0.145834756317605     
  0.158999084485714     
  0.174001772977509     
  0.190157758270360     
  0.207635424513226     
  0.225921539256989     
  0.245202439902514     
  0.265522566254562     
  0.287409339021094     
  0.310116324693256     
  0.333893715158109     
  0.359025643841819     
  0.385535028206617     
  0.413264624161592     
  0.442235329729241     
  0.472627962551432     
  0.503745226356157     
  0.535361170301005     
  0.568697230057565     
  0.604687415647843     
  0.642216608971043     
  0.681258825821307     
  0.721908825808984     
  0.764235730304476     
  0.808161849895502     
  0.853798620133666     
  0.901224099645281     
  0.950319001209354     
   1.00123775815492     
   1.05403076056099     
   1.10869501565954     
   1.16526852686097     
   1.22379239032723     
   1.28434249622791     
   1.34688542967436     
   1.41148664025444     
   1.47820461469731     
   1.54704904519914     
   1.61811395354621     
   1.69142134230805     
   1.76696986179815     
   1.84484550254460     
   1.92505919937561     
   2.00765132833715     
   2.09268343696729     
   2.18017791988140     
   2.27019017472515     
   2.36276506398992     
   2.45794909920192     
   2.55579354977084     
   2.65632387838811     
   2.75959868667441     
   2.86566368948508     
   2.97453776246793     
   3.08628514371581     
   3.20093581308345     
   3.31853887995197     
   3.43914561568877     
   3.56279587771966     
   3.68953634272430     
   3.81942078055842     
   3.95248797892962     
   4.08878515693831     
   4.22835627005274     
   4.37125798979381     
   4.51752804896430     
   4.66721660347159     
   4.82037310963546     
   4.97704668550511     
   5.13728765489195     
   5.30116062574384     
   5.46869095085032     
   5.63993119232889     
   5.81492703208319     
   5.99372336392679     
   6.17636986872458     
   6.36291986085155     
   6.55342116563545     
   6.74791699251309     
   6.94646448858323     
   7.14910993412465     
   7.35590116430161     
   7.56689310501996     
   7.78213535102033     
   8.00167872167692     
   8.22557428832043     
   8.45387210619228     
   8.68662428196275     
   8.92388348078602     
   9.16570315415553     
   9.41213479085108     
   9.66323140015385     
   9.91904641243961     
   10.1796376389386     
   10.4450533084937     
   10.7153390165066     
   10.9905551394026     
   11.2707530234791     
   11.5559860644664     
   11.8463096553672     
   12.1417768505353     
   12.4424426477831     
   12.7483621768692     
   13.0595902066326     
   13.3761817992471     
   13.6981896737379     
   14.0256621738285     
   14.3586607653712     
   14.6972391791579     
   15.0414491791760     
   15.3913490320339     
   15.7469931672881     
   16.1084365079601     
   16.4757367378763     
   16.8489556310104     
   17.2281480091171     
   17.6133585431117     
   18.0046574990704     
   18.4020926116302     
   18.8057179489443     
   19.2155978774312     
   19.6317832068434     
   20.0543337311614     
   20.4833111428734     
   20.9187688011896     
   21.3607670634324     
   21.8093652175705     
   22.2646179994135     
   22.7265855799977     
   23.1953271631363     
   23.6708991761245     
   24.1533623378780     
   24.6427759203180     
   25.1391982647594     
   25.6426897672580     
   26.1533117558061     
   26.6711222025682     
   27.1961822243838     
   27.7285509999487     
   28.2682876422240     
   28.8154537700740     
   29.3701104903775     
   29.9323170494849     
   30.5021353211509     
   31.0796268100245     
   31.6648514786326     
   32.2578719744916     
   32.8587501730723     
   33.4675467937494     
   34.0843244916301     
   34.7091457345740     
   35.3420716915056     
   35.9831658767879     
   36.6398896463253     
   37.3051887234954     
   37.9790722238684     
   38.6616061748191     
   39.3528569467783     
   40.0502692264263     
   40.7507515366491     
   41.4598809607167     
   42.1777570694363     
   42.9044738070312     
   43.6400540432166     
   44.3845797280694     
   45.1381336551511     
   45.9007567665047     
   46.6725186732520     
   47.4534942930386     
   48.2437441028199     
   49.0433216225718     
   49.8523085095243     
   50.6707715133780     
   51.4987578220191     
   52.3363496351145     
   53.1836185691588     
   54.0406102607938     
   54.9074047738965     
   55.7840760838630     
   56.6706733393518     
   57.5672718253781     
   58.4739469078181     
   59.3907520286055     
   60.3177590498262     
   61.2550426340381     
   62.2026613221757     
   63.1606831026928     
   64.1291809037119     
   65.1082191212139     
   66.0978645574725     
   67.0981899477259     
   68.1092618278402     
   69.1311476392802     
   70.1639182314615     
   71.2076433179877     
   72.2623885860755     
   73.3282270067394     
   74.4052264466510     
   75.4934568617969     
   76.5929877321572     
   77.7038903591820     
   78.8262337829691     
   79.9600878699766     
   81.1055238976273     
   82.2626122552731     
   83.4314226135192     
   84.6120256077274     
   85.8044926669894     
   87.0088948893960     
   88.2253025337853     
   89.4537866852536     
   90.6944185745159     
   91.9472695044518     
   93.2124111288331     
   94.4899136152302     
   95.7798510351605     
   97.0822944656596     
   98.3973208052076     
   99.7249958406774     
   101.065396072182     
   102.418593530636     
   103.784662093574     
   105.163672212956     
   106.555698887824     
   107.960816014174     
   109.379095701813     
   110.810610281037     
   112.255436003219     
   113.713645677492     
   115.185313190139     
   116.670510951259     
   118.169315537037     
   119.681800151798     
   121.208040597306     
   122.748106009363     
   124.302070976436     
   125.870016092414     
   127.452013159639     
   129.063928113572     
   130.696153067929     
   132.343069397134     
   134.004756174837     
   135.680276219985     
   137.348837349063     
   139.032003690985     
   140.729862271717     
   142.442436889572     
   144.169903087162     
   145.912423992453     
   147.669945198808     
   149.442498888485     
   151.230244673391     
   153.033338213811     
   154.851751614607     
   156.685517630003     
   158.534775124645     
   160.399677766085     
   162.280216651080     
   164.176427471119     
   166.088433178533     
   168.016382642491     
   169.960296581241     
   171.920209758996     
   173.896229784185     
   175.888491131393     
   177.897044892644     
   179.921926762992     
   181.963230686004     
   184.021075968774     
   186.095538393722     
   188.186661215859     
   190.294521850518     
   192.419231175219     
   194.560878070646     
   196.719518078389     
   198.895221310644     
   201.088081354071     
   203.298197860525     
   205.525639314477     
   207.770472084566     
   210.032779831839     
   212.312659217097     
   214.610190579768     
   216.925448209616     
   219.258503667767     
   221.609450152304     
   223.978373537284     
   226.365352467224     
   228.770464063357     
   231.193788453065     
   233.635415660075     
   236.095427884573     
   238.573906862659     
   241.070927215684     
   243.586578316753     
   246.120943099496     
   248.674106143983     
   251.246146641143     
   253.837147243863     
   256.447190989252     
   259.076362721812     
   261.724748636080     
   264.392432782630     
   267.079490514605     
   269.786008367113     
   272.512076300468     
   275.257781096061     
   278.023201766816     
   280.808417303186     
   283.613516925148     
   286.438590056866     
   289.283722742373     
   292.148991612812     
   295.034481282868     
   297.940278298188     
   300.866472462530     
   303.813157582268     
   306.780395857660     
   309.768280249260     
   312.779790671277     
   315.848385580487     
   318.938424042433     
   322.049995857722     
   325.183190656473     
   328.325869328758     
   331.461713573968     
   334.618708069660     
   337.797135616869     
   340.997068795557     
   344.218609813596     
   347.461943897114     
   350.727000909894     
   354.013928352718     
   357.322741192617     
   360.653711206791     
   364.006851729403     
   367.382146378981     
   370.778949984629     
   374.200094916606     
   377.642618888461     
   381.107312077707     
   384.595062957601     
   388.104215629364     
   391.639424106911     
   395.195827853170     
   398.774497061864     
   402.376781609653     
   406.001370164060     
   409.651320227679     
   413.324236780555     
   417.018882014954     
   420.738714161075     
   424.387846753135     
   428.271152705355     
   432.109392094213     
   435.853483768369     
   439.691870169386     
   443.486546389411     
   447.348555318864     
   451.329275447916     
   455.465448919501     
   459.248212674229     
   463.197960742617     
   467.147215502754     
   471.137731464143     
   475.391897233848     
   479.613253754898     
   483.510874635069     
   487.603615011358     
   491.674153493620     
   495.992751192962     
   500.330237549171     
   504.539943952985     
   508.642926840623     
   512.938827480098     
   517.222948760330     
   521.682972201861     
   526.076102755293     
   530.370838685651     
   534.837675132963     
   539.177411793812     
   543.701810535189     
   548.092273336304     
   552.807881913119     
   557.393781069030     
   561.873557646339     
   566.373831159123     
   570.987910447907     
   575.714834688421     
   580.504602522961     
   585.243584303590     
   589.868165267142     
   594.533000512949     
   599.326718713212     
   604.231854472980     
   609.186734634823     
   614.058977016942     
   618.851231656408     
   623.681226661580     
   628.689246657022     
   633.712235835952     
   638.852331643706     
   643.877986730868     
   648.908037861204     
   654.072715856737     
   659.254693888225     
   664.490055623695     
   669.713308109818     
   675.025370636749     
   680.283818529932     
   685.446148021984     
   690.644246472929     
   696.096460070331     
   701.432266279230     
   706.954050285907     
   712.348285265056     
   717.665194785635     
   723.121130526495     
   728.692290820789     
   734.212179452167     
   739.893756891749     
   745.486563942271     
   750.972253479003     
   756.660967082121     
   762.364432145183     
   768.074067859604     
   773.911820798739     
   779.710083840323     
   785.393267442577     
   791.270509447896     
   797.139427137714     
   803.037539381167     
   809.033068423924     
   815.036213353913     
   820.940538098696     
   826.979602588649     
   833.037001588098     
   839.123508902951     
   845.282779792059     
   851.483764651732     
   857.623113408938     
   863.821111193754     
   870.074584403029     
   876.353110625585     
   882.684702857614     
   889.075058909667     
   895.448036607821     
   901.828125366861     
   908.269914230911     
   914.746213193639     
   921.261722489289     
   927.834604152645     
   934.429942163542     
   941.019033790166     
   947.646369369642     
   954.321084915063     
