   9.04055381866652     
   9.03735383714326     
   9.03497961808995     
   9.03362759433591     
   9.03421317065642     
   9.03680185511445     
   9.04085632444879     
   9.04552912830706     
   9.04981148931611     
   9.05298357114049     
   9.05527054904801     
   9.05683722033699     
   9.05773870068433     
   9.05882658927781     
   9.06053355005950     
   9.06213318746385     
   9.06372065514347     
   9.06461251686286     
   9.06495879537598     
   9.06603315142795     
   9.06717719237136     
   9.06810893721454     
   9.06894790444377     
   9.06978983963740     
   9.06961033204157     
   9.06987579321288     
   9.06968042097309     
   9.06994165346719     
   9.07013655259677     
   9.06977645226606     
   9.06976340400741     
   9.06886067563318     
   9.06650638432580     
   9.06623307671781     
   9.06548742414181     
   9.06323927842330     
   9.05108474150700     
   9.04959580739030     
   9.04808572218618     
   9.04759571244795     
   9.04319808524573     
   9.04167926708133     
   9.03927101205965     
   9.03769202213426     
   9.03616080610536     
   9.03538279904535     
   9.03409156590538     
   9.03297020937774     
   9.03150252206509     
   9.02986116203358     
   9.02859903082228     
   9.02737981390053     
   5.40350873608848     
   5.38365253176208     
   5.36321330784062     
   5.33913592144003     
   5.31304484926552     
   5.28509065310995     
   5.25744223040101     
   5.23118651381063     
   5.20621686981669     
   5.18275018088265     
   5.16080897763366     
   5.13988387226867     
   5.12027972676662     
   5.10277504705326     
   5.08710139399906     
   5.07278201883775     
   5.05942478638686     
   5.04699063799062     
   5.03477272117727     
   5.02389060102094     
   5.01379344104089     
   5.00406984892128     
   4.99482509736710     
   4.98597781853951     
   4.97679100419373     
   4.96832561886641     
   4.96007456945459     
   4.95206760942930     
   4.94430946621135     
   4.93662222505756     
   4.92922764653315     
   4.92151965713317     
   4.91301097404640     
   4.90631287058362     
   4.89956398796475     
   4.89207534227551     
   4.87432695213982     
   4.86795278417339     
   4.86200346480058     
   4.85636145199947     
   4.84607635390246     
   4.83994726633286     
   4.83365530121976     
   4.82768897582273     
   4.82191708571175     
   4.81682658896244     
   4.81160439720889     
   4.80667288187521     
   4.80165874138691     
   4.79654341994454     
   4.79182515047777     
   4.78724037190201     
   7.49833970377962     
   7.47099896748794     
   7.44104904506465     
   7.40682639960123     
   7.36873403597904     
   7.33013787752717     
   7.29410582328016     
   7.26107680183523     
   7.23088102066838     
   7.20309534755364     
   7.17753718224303     
   7.15370238757693     
   7.13163595126477     
   7.11191532465301     
   7.09467699388885     
   7.07926277442023     
   7.06453870071833     
   7.05010689734640     
   7.03577255435997     
   7.02293224198888     
   7.01094347827193     
   6.99920060375958     
   6.98787204926908     
   6.97698717508217     
   6.96698126227821     
   6.95654398873550     
   6.94585717955714     
   6.93555375518214     
   6.92540012059958     
   6.91527608991599     
   6.90578879901205     
   6.89607080475205     
   6.88781496354121     
   6.87905031093319     
   6.87002985028632     
   6.85946438600500     
   6.83396213624503     
   6.82530223221155     
   6.81696879786642     
   6.80908090243968     
   6.79434473138432     
   6.78599472284437     
   6.77673644782151     
   6.76825687056269     
   6.76035168094513     
   6.75320179321200     
   6.74591714244396     
   6.73891688276145     
   6.73174920870854     
   6.72464314668888     
   6.71777339939610     
   6.71112620233869     
   42.9243331167510     
   42.6666121321801     
   42.4333218303363     
   42.2225009747748     
   42.0329367890777     
   41.8590223477451     
   41.6956952124546     
   41.5384156342613     
   41.3860325821570     
   41.2355308288711     
   41.0881647722040     
   40.9450662533654     
   40.8087226247176     
   40.6843131123117     
   40.5641677789777     
   40.4521974419217     
   40.3466698906910     
   40.2459915377449     
   40.1489916092034     
   40.0577107011100     
   39.9700744306344     
   39.8855933020902     
   39.8049897739988     
   39.7275554515034     
   39.6535786617258     
   39.5872017348078     
   39.5190738587578     
   39.4532686029271     
   39.3903242893400     
   39.3279867184884     
   39.2682458945871     
   39.2110287727066     
   39.1549604186990     
   39.1003884000014     
   39.0466445058543     
   38.9923393763476     
   38.9127381004343     
   38.8646383219538     
   38.8181408453481     
   38.7737824857200     
   38.7186577485797     
   38.6754437154299     
   38.6322478288148     
   38.5901189597161     
   38.5493611127052     
   38.5107736426901     
   38.4726135776107     
   38.4362323777313     
   38.3999245752697     
   38.3644312412410     
   38.3301666030705     
   38.2972763003201     
