   1.16873027189458     
   1.16887675486556     
   1.16902608672337     
   1.16918796589731     
   1.16934517739925     
   1.16949338333279     
   1.16961983790800     
   1.16972703055105     
   1.16982063074916     
   1.16992947545434     
   1.17004611838426     
   1.17017257507610     
   1.17031773446127     
   1.17042956433135     
   1.17052213928801     
   1.17061088109605     
   1.17068732676299     
   1.17077843082836     
   1.17087707097170     
   1.17095733643411     
   1.17103060865914     
   1.17110736193185     
   1.17118176473774     
   1.17125350984104     
   1.17136196979068     
   1.17142466598540     
   1.17149245743101     
   1.17156218373270     
   1.17163223458421     
   1.17171087358872     
   1.17178969328500     
   1.17190545687874     
   1.17207991523096     
   1.17215109291358     
   1.17222559658857     
   1.17231382086988     
   1.17265768318276     
   1.17273992517272     
   1.17279423219523     
   1.17284706453376     
   1.17302089956170     
   1.17310558691675     
   1.17318554304671     
   1.17327226488192     
   1.17336466684190     
   1.17343795231444     
   1.17351428342036     
   1.17358860887227     
   1.17366578944998     
   1.17375664335800     
   1.17382956315937     
   1.17390035363476     
   1.11592881151407     
   1.11568070276604     
   1.11544550507566     
   1.11519104532915     
   1.11495379548146     
   1.11469885455524     
   1.11442942194336     
   1.11413000758810     
   1.11382145657501     
   1.11355173351383     
   1.11331068012638     
   1.11307598209442     
   1.11288703626722     
   1.11270186290529     
   1.11249281018087     
   1.11231280690695     
   1.11211890743927     
   1.11197703167515     
   1.11184736914735     
   1.11171498521595     
   1.11158402363447     
   1.11146504439962     
   1.11135508033168     
   1.11124967080181     
   1.11123759142962     
   1.11116247108344     
   1.11108004923259     
   1.11100192990850     
   1.11093416685092     
   1.11088139751472     
   1.11083555885886     
   1.11084655400128     
   1.11101051533880     
   1.11096610765207     
   1.11092926213314     
   1.11091058703850     
   1.11117792710633     
   1.11117354839698     
   1.11113612002205     
   1.11109922860222     
   1.11119860962471     
   1.11120866701951     
   1.11120920442806     
   1.11121647819979     
   1.11123852944637     
   1.11123552285913     
   1.11124190344804     
   1.11124791618220     
   1.11125797860548     
   1.11129132060218     
   1.11129572026362     
   1.11130051348276     
   1.20328507514838     
   1.20318069337653     
   1.20315055836420     
   1.20316527953927     
   1.20320049478523     
   1.20318713205533     
   1.20308225376797     
   1.20293688744630     
   1.20275555498532     
   1.20258031820975     
   1.20241579644728     
   1.20228227486763     
   1.20218136130031     
   1.20206319637899     
   1.20192505144755     
   1.20177516460777     
   1.20165812935170     
   1.20158036013093     
   1.20153749886708     
   1.20147566335845     
   1.20140932086697     
   1.20136183976665     
   1.20132608814850     
   1.20129609436163     
   1.20123128333511     
   1.20121305626967     
   1.20122480024213     
   1.20123782891342     
   1.20125942864946     
   1.20129464297469     
   1.20131721367779     
   1.20138719585302     
   1.20135887161210     
   1.20139951157757     
   1.20145680268509     
   1.20156774613055     
   1.20211817036012     
   1.20218610549027     
   1.20224855533746     
   1.20230486136259     
   1.20257965144085     
   1.20267128110506     
   1.20279387411008     
   1.20290951159472     
   1.20301462034122     
   1.20310253452824     
   1.20319508436698     
   1.20328854025051     
   1.20339021596246     
   1.20349752686129     
   1.20359930747597     
   1.20369916694249     
   1.49565759808256     
   1.49517650565816     
   1.49437811193034     
   1.49318462992112     
   1.49168224214618     
   1.49008864714413     
   1.48864171008821     
   1.48743648158112     
   1.48644227857761     
   1.48563482056336     
   1.48495135542207     
   1.48436119232413     
   1.48383652540603     
   1.48331738240612     
   1.48291571115648     
   1.48255786162455     
   1.48220191626984     
   1.48186370117302     
   1.48151180845004     
   1.48115891620045     
   1.48082822538081     
   1.48049131508438     
   1.48014670772366     
   1.47980421759858     
   1.47947605571181     
   1.47904203988857     
   1.47866987465040     
   1.47828551787987     
   1.47788540341898     
   1.47750992814865     
   1.47713900110211     
   1.47676803573635     
   1.47645747998012     
   1.47611891112839     
   1.47577419997761     
   1.47541169071132     
   1.47457783649302     
   1.47426814497181     
   1.47395130211118     
   1.47359747730113     
   1.47296054690316     
   1.47261929817173     
   1.47226499805292     
   1.47192883660924     
   1.47161984358185     
   1.47132305236379     
   1.47103461991414     
   1.47075523288128     
   1.47048647594903     
   1.47022256197059     
   1.46996807154437     
   1.46971833632250     
