  0.384640388696724     
  0.384471560777401     
  0.384292679341343     
  0.384105138903423     
  0.383926872884558     
  0.383769576495355     
  0.383639798023304     
  0.383525964977118     
  0.383412711294540     
  0.383289285222435     
  0.383157644637083     
  0.383017808143585     
  0.382877565759048     
  0.382749740156167     
  0.382637892965770     
  0.382539771774033     
  0.382442696507113     
  0.382339614216868     
  0.382227032118710     
  0.382128101681527     
  0.382038582386360     
  0.381947816062851     
  0.381858408367227     
  0.381772749216214     
  0.381689542121797     
  0.381607586998693     
  0.381521849410436     
  0.381436319360873     
  0.381351036595349     
  0.381263070863349     
  0.381177194390567     
  0.381097094579282     
  0.381020146075445     
  0.380939011544218     
  0.380860436157337     
  0.380780778785885     
  0.380759564457909     
  0.380685025447893     
  0.380611080686517     
  0.380552009534310     
  0.380549583931484     
  0.380473309693604     
  0.380390381127651     
  0.380308895052488     
  0.380229951403238     
  0.380157510744642     
  0.380087921381529     
  0.380017292739942     
  0.379944981224891     
  0.379871780761819     
  0.379801006872317     
  0.379737324478295     
