  0.822520702917587     
  0.822466767037303     
  0.822438178232275     
  0.822430173279559     
  0.822438253820394     
  0.822444613011292     
  0.822439560682866     
  0.822432133043176     
  0.822435893181700     
  0.822457174849974     
  0.822494339113334     
  0.822549208320437     
  0.822614623005811     
  0.822674080550442     
  0.822722829273875     
  0.822761641137873     
  0.822806544478492     
  0.822863951082550     
  0.822932303327121     
  0.822993893295946     
  0.823046086858618     
  0.823101932024863     
  0.823156119680315     
  0.823206870402306     
  0.823244230916930     
  0.823283230496918     
  0.823321745361178     
  0.823370543642035     
  0.823422552258023     
  0.823471740630496     
  0.823523161853073     
  0.823570180651151     
  0.823603090366477     
  0.823646718881909     
  0.823691440550880     
  0.823738169483047     
  0.823949987619861     
  0.823976182024024     
  0.823996953979634     
  0.824033477836382     
  0.824156348322431     
  0.824211807015311     
  0.824264493282319     
  0.824328391604138     
  0.824388270242462     
  0.824444229101417     
  0.824496208704248     
  0.824546635833026     
  0.824597611065964     
  0.824653251005575     
  0.824705098830074     
  0.824749903122615     
