  0.560788281923328     
  0.560724274007033     
  0.560683415737672     
  0.560702654039518     
  0.560761040032411     
  0.560829755539355     
  0.560882727939685     
  0.560925383089565     
  0.560994861900818     
  0.561093125753615     
  0.561213778897265     
  0.561367689766901     
  0.561554673348294     
  0.561723045055118     
  0.561854242980464     
  0.561982306090206     
  0.562116872707989     
  0.562281815295955     
  0.562465520664578     
  0.562612536053654     
  0.562737629909592     
  0.562865931004790     
  0.562989954810794     
  0.563108888000810     
  0.563246437169998     
  0.563364884439488     
  0.563479307302727     
  0.563597576481523     
  0.563716713310874     
  0.563837498871954     
  0.563953961197403     
  0.564106375015959     
  0.564298128137618     
  0.564409680681847     
  0.564532386783552     
  0.564709684012135     
  0.565549127992945     
  0.565679396549997     
  0.565782883945083     
  0.565893942361647     
  0.566322015730570     
  0.566473403382427     
  0.566631596735419     
  0.566788289634775     
  0.566938158459105     
  0.567055289459305     
  0.567180764333878     
  0.567295724099743     
  0.567417236892829     
  0.567550366959731     
  0.567664747553279     
  0.567775501551328     
