  0.637724114555643     
  0.637851086308868     
  0.637971942735505     
  0.638121011525879     
  0.638286183303483     
  0.638474733236414     
  0.638673587567288     
  0.638869501637881     
  0.639058902018836     
  0.639229580361666     
  0.639383778799420     
  0.639528252404149     
  0.639659727294703     
  0.639777523549472     
  0.639882924474364     
  0.639976579107864     
  0.640060175276722     
  0.640125678912943     
  0.640188953681220     
  0.640250299018970     
  0.640306318121694     
  0.640359115611438     
  0.640408878568138     
  0.640457869222921     
  0.640502554658436     
  0.640543762208575     
  0.640575070543726     
  0.640613861131293     
  0.640649453225109     
  0.640676692993526     
  0.640709609720523     
  0.640743317968150     
  0.640776653425005     
  0.640805322807104     
  0.640827589008723     
  0.640845468808071     
  0.640866537439288     
  0.640884617081030     
  0.640892964455831     
  0.640916318717527     
  0.640944791396709     
  0.640963585182762     
  0.640966599090948     
  0.640983450288681     
  0.641001072911200     
  0.641019258491302     
  0.641033607888727     
  0.641046781040093     
  0.641056218191540     
  0.641065372272009     
  0.641075333715720     
  0.641085489879337     
