  0.569883509186213     
  0.569868725488162     
  0.569838359044771     
  0.569804201366299     
  0.569773507995484     
  0.569764793925119     
  0.569781042084990     
  0.569808397542297     
  0.569828947920893     
  0.569825617888370     
  0.569802256698762     
  0.569762682454469     
  0.569710163977187     
  0.569660224364043     
  0.569621935497073     
  0.569590500693149     
  0.569552917821136     
  0.569495355591653     
  0.569424604800509     
  0.569365776819787     
  0.569315701010553     
  0.569261619563493     
  0.569205922705938     
  0.569152984461937     
  0.569099518891682     
  0.569045817578518     
  0.568985248584610     
  0.568923219446104     
  0.568858119779903     
  0.568786698564117     
  0.568716038216255     
  0.568647403971054     
  0.568577628434395     
  0.568508160898591     
  0.568441627647114     
  0.568374347519062     
  0.568431888007702     
  0.568362519405874     
  0.568293911807148     
  0.568247006614355     
  0.568306583073897     
  0.568229718647231     
  0.568141997855709     
  0.568055002467602     
  0.567968226149375     
  0.567889924971304     
  0.567815106450206     
  0.567735791717610     
  0.567652932581200     
  0.567566871172513     
  0.567482993083815     
  0.567409240397533     
