  0.142677118923486     
  0.142799626607348     
  0.142933977214332     
  0.143078311522951     
  0.143230573204553     
  0.143389609016259     
  0.143544439604432     
  0.143694460251576     
  0.143840448280186     
  0.143981672855590     
  0.144121993091200     
  0.144267111541885     
  0.144404497338104     
  0.144514468084151     
  0.144601380063299     
  0.144668739724221     
  0.144727703716456     
  0.144776197350991     
  0.144829300770604     
  0.144879257449238     
  0.144929230427533     
  0.144986788909749     
  0.145037626692361     
  0.145080596538339     
  0.145113473966841     
  0.145147683067619     
  0.145177184412425     
  0.145214173128953     
  0.145251022256704     
  0.145283003097161     
  0.145324822563470     
  0.145370054636174     
  0.145405652598155     
  0.145441557805652     
  0.145475571743132     
  0.145508989839524     
  0.145626159214970     
  0.145657932435625     
  0.145677296628154     
  0.145714251639117     
  0.145796236340897     
  0.145840266467666     
  0.145878942300403     
  0.145926261223396     
  0.145971646879093     
  0.146013928416379     
  0.146051476540759     
  0.146088384427306     
  0.146124509070889     
  0.146163275131194     
  0.146200677192153     
  0.146234835195975     
  0.552967571620953     
  0.552945174471085     
  0.552906487096058     
  0.552864732103300     
  0.552827015684496     
  0.552813261727607     
  0.552827274153505     
  0.552854138465636     
  0.552875202802337     
  0.552870515133354     
  0.552844491070958     
  0.552801953875158     
  0.552745022704957     
  0.552692156763478     
  0.552653538772989     
  0.552622929726809     
  0.552586561800694     
  0.552528264998928     
  0.552455499713146     
  0.552394891360114     
  0.552343515750525     
  0.552287881904726     
  0.552231052071689     
  0.552177685801707     
  0.552122153745734     
  0.552066559791772     
  0.552003787821087     
  0.551939430978745     
  0.551871247745449     
  0.551796148009164     
  0.551722199291168     
  0.551649030103841     
  0.551572180068470     
  0.551500107631313     
  0.551430116926452     
  0.551359717663209     
  0.551412724732709     
  0.551337559060033     
  0.551264496167216     
  0.551213761116297     
  0.551268830691920     
  0.551186504103927     
  0.551091278219690     
  0.550998490678192     
  0.550905769168927     
  0.550823093361195     
  0.550744152597203     
  0.550660631928360     
  0.550573063283458     
  0.550481502046861     
  0.550392498009176     
  0.550314265161933     
  0.656939632569544     
  0.656928667743034     
  0.656904647347962     
  0.656876294982572     
  0.656850792430146     
  0.656843060022646     
  0.656856015227040     
  0.656878349004018     
  0.656894593397694     
  0.656890668823983     
  0.656870073577806     
  0.656835865182454     
  0.656790552727392     
  0.656748106273329     
  0.656715427273809     
  0.656688411110182     
  0.656656283033413     
  0.656607147530042     
  0.656546540015805     
  0.656496471804423     
  0.656454070124099     
  0.656408473490362     
  0.656361542572452     
  0.656317010454650     
  0.656270733835016     
  0.656225438945461     
  0.656173693517492     
  0.656120687226396     
  0.656065202368871     
  0.656004234467803     
  0.655943936041025     
  0.655885505527594     
  0.655824245536586     
  0.655764753673977     
  0.655708112541680     
  0.655651103510381     
  0.655717478863807     
  0.655657184580203     
  0.655597994139711     
  0.655558279519341     
  0.655619494700891     
  0.655553982968520     
  0.655479518623059     
  0.655405405025057     
  0.655331157906665     
  0.655264436015274     
  0.655200954786403     
  0.655133087206572     
  0.655061940011540     
  0.654988376307916     
  0.654916244911586     
  0.654852907722922     
  0.125227855456068     
  0.125228989806845     
  0.125235282982972     
  0.125242992339252     
  0.125249760790743     
  0.125249767194850     
  0.125242287324015     
  0.125231884242146     
  0.125224056957134     
  0.125223269152226     
  0.125228611751319     
  0.125239140821883     
  0.125253061476078     
  0.125267132319418     
  0.125278192527947     
  0.125287298120685     
  0.125298582421999     
  0.125315875962459     
  0.125337253609215     
  0.125354834319936     
  0.125369689650871     
  0.125385767931746     
  0.125402478682234     
  0.125418438585154     
  0.125434747302251     
  0.125450916751252     
  0.125469359209114     
  0.125488281039619     
  0.125507931412041     
  0.125529621824720     
  0.125551226866198     
  0.125572299721615     
  0.125589951939579     
  0.125611434541678     
  0.125631418476513     
  0.125651067873249     
  0.125615165231242     
  0.125636032997017     
  0.125656994190448     
  0.125670306086985     
  0.125640026142037     
  0.125662621707233     
  0.125688383243065     
  0.125714487207153     
  0.125740609377716     
  0.125764419648958     
  0.125786795974499     
  0.125810971933809     
  0.125836294914850     
  0.125862603952282     
  0.125888403845217     
  0.125910824023872     
