  0.703480850580235     
  0.701953943931820     
  0.700289170498462     
  0.698477749198211     
  0.696526338567039     
  0.694602675942557     
  0.692856127763289     
  0.691260887000321     
  0.689764625220666     
  0.688236269474423     
  0.686692029608336     
  0.685146555456161     
  0.683618540157283     
  0.682297897142684     
  0.681183358084036     
  0.680246832551868     
  0.679369144079123     
  0.678438141808343     
  0.677454694123306     
  0.676545557715244     
  0.675732597677755     
  0.674919426892943     
  0.674155421342435     
  0.673444983911256     
  0.672796166836892     
  0.672187258046329     
  0.671569379465980     
  0.670890632443554     
  0.670197384432933     
  0.669528507781662     
  0.668867742579480     
  0.668188450189628     
  0.667546179914379     
  0.666974895668935     
  0.666382062034881     
  0.665801309050937     
  0.663957074418406     
  0.663496762870504     
  0.663099302674755     
  0.662576798182401     
  0.661315883474170     
  0.660688714059982     
  0.660088155271395     
  0.659422113974780     
  0.658772365774854     
  0.658183400868079     
  0.657636828606035     
  0.657108077952011     
  0.656569818788468     
  0.655988020749051     
  0.655435939709004     
  0.654927868603678     
