   1.12122046358581     
   1.12094775290653     
   1.12063083732677     
   1.12037856735755     
   1.12032372274249     
   1.12054654367550     
   1.12100304431117     
   1.12154645328181     
   1.12199770449239     
   1.12228317480516     
   1.12241641055159     
   1.12241247862447     
   1.12234085501228     
   1.12227236857027     
   1.12228426893268     
   1.12233735310323     
   1.12234186143324     
   1.12224716746416     
   1.12205070656772     
   1.12196892531539     
   1.12192259065907     
   1.12183695083120     
   1.12173339409168     
   1.12163239759533     
   1.12152763291043     
   1.12139720115563     
   1.12120190877032     
   1.12104115529774     
   1.12087108758074     
   1.12064534339283     
   1.12045348287296     
   1.12026240866311     
   1.12007262206383     
   1.11984718485922     
   1.11958228429639     
   1.11915097359882     
   1.11773200189110     
   1.11745383893137     
   1.11714132915846     
   1.11696164314055     
   1.11648815671068     
   1.11614637350325     
   1.11566140847266     
   1.11524747033070     
   1.11487551318716     
   1.11457871865953     
   1.11425195307331     
   1.11393224654923     
   1.11356864559560     
   1.11319077940691     
   1.11283943970876     
   1.11252349884724     
