  8.681998361908957E-002
  8.669496169546145E-002
  8.656111847095846E-002
  8.641370221305519E-002
  8.624741674603148E-002
  8.607390735602027E-002
  8.590742106336030E-002
  8.575039163978171E-002
  8.560545132582878E-002
  8.546065150833884E-002
  8.531796632360716E-002
  8.517886422091550E-002
  8.504157602969284E-002
  8.492461702947046E-002
  8.482168407058249E-002
  8.473268528221223E-002
  8.465144663281290E-002
  8.456686181507347E-002
  8.448042047149032E-002
  8.439659629488797E-002
  8.432085188485128E-002
  8.424634451299315E-002
  8.417650039966934E-002
  8.411150158213751E-002
  8.404950883960957E-002
  8.399640229799371E-002
  8.394362953619985E-002
  8.388275638987025E-002
  8.382091082214033E-002
  8.376256090871478E-002
  8.370242044779044E-002
  8.364010502014266E-002
  8.357639883379897E-002
  8.352556040700285E-002
  8.347721145603498E-002
  8.344139915775425E-002
  8.341103595039867E-002
  8.337293228688666E-002
  8.334462532208708E-002
  8.330321850097744E-002
  8.325517006831432E-002
  8.320557963654027E-002
  8.316715981170214E-002
  8.311630133175887E-002
  8.306324472159818E-002
  8.301306617934071E-002
  8.296981959279756E-002
  8.292577363065565E-002
  8.288264627288727E-002
  8.283504451594983E-002
  8.278935351511568E-002
  8.274749869671422E-002
