  0.147709170439290     
  0.147780645934985     
  0.147853065972846     
  0.147934039517573     
  0.148031302128670     
  0.148143794118483     
  0.148262604043120     
  0.148379475345355     
  0.148485604097552     
  0.148580678503317     
  0.148665399311494     
  0.148740382403896     
  0.148808660935724     
  0.148866089266031     
  0.148918333124372     
  0.148964250343894     
  0.149003576932229     
  0.149036966075588     
  0.149064754357065     
  0.149096230939159     
  0.149126469704876     
  0.149153955355616     
  0.149177207309618     
  0.149198193420559     
  0.149215004812599     
  0.149228351010031     
  0.149237779177859     
  0.149251093862151     
  0.149264110393700     
  0.149271614906693     
  0.149279619438614     
  0.149291085940798     
  0.149300358042536     
  0.149302058616032     
  0.149305594689697     
  0.149304283354078     
  0.149420440499463     
  0.149414012405378     
  0.149402893226344     
  0.149412638439442     
  0.149512544331266     
  0.149512349906212     
  0.149502266043003     
  0.149497902638112     
  0.149493888685748     
  0.149491321721961     
  0.149486995132847     
  0.149479696288074     
  0.149470279934489     
  0.149461781310908     
  0.149452835227408     
  0.149446563711448     
