  2.123209234979186E-002
  2.127218120741449E-002
  2.131743035446594E-002
  2.136571235663205E-002
  2.141321248423639E-002
  2.145421880120716E-002
  2.148596264902717E-002
  2.151189629857649E-002
  2.153792196595925E-002
  2.156661800326286E-002
  2.159805258772804E-002
  2.163201370736772E-002
  2.166591499977667E-002
  2.169641437584615E-002
  2.171956836117166E-002
  2.173743578449679E-002
  2.175559454951516E-002
  2.177595458394351E-002
  2.179939676856214E-002
  2.181862046875641E-002
  2.183531123392091E-002
  2.185285406573234E-002
  2.186948518446412E-002
  2.188493152150602E-002
  2.189737370810001E-002
  2.191238612381419E-002
  2.192837087109405E-002
  2.194402423930504E-002
  2.196030686786278E-002
  2.197690394870183E-002
  2.199168762591761E-002
  2.200656841812444E-002
  2.201757745556844E-002
  2.203123303329420E-002
  2.204823661231708E-002
  2.207256509112153E-002
  2.220504209286558E-002
  2.221816734611056E-002
  2.223245535001456E-002
  2.224853169068131E-002
  2.232176124983498E-002
  2.234128158210917E-002
  2.236596548916677E-002
  2.238791138922988E-002
  2.240708615652236E-002
  2.242312507207412E-002
  2.244021197773999E-002
  2.245531891752914E-002
  2.247185085459071E-002
  2.248909716605310E-002
  2.250513419502802E-002
  2.252023383053829E-002
