 -4.034871422441494E-003
 -3.775725392133222E-003
 -3.530806530944619E-003
 -3.281125076557728E-003
 -3.045125557047390E-003
 -2.805837298342911E-003
 -2.567397661454307E-003
 -2.335626505951482E-003
 -2.117886735449964E-003
 -1.923834820180076E-003
 -1.751421710198098E-003
 -1.594605973706892E-003
 -1.458448590755612E-003
 -1.339076400731942E-003
 -1.224764025454461E-003
 -1.120584882196574E-003
 -1.029840032356899E-003
 -9.652833342426725E-004
 -9.085771477287952E-004
 -8.511259323230047E-004
 -7.924840920918719E-004
 -7.386624822200982E-004
 -6.897055203531344E-004
 -6.421044818504529E-004
 -5.965438127081002E-004
 -5.563673880286946E-004
 -5.221463995152553E-004
 -4.904945203792199E-004
 -4.640115782815757E-004
 -4.433456732297891E-004
 -4.239987671040280E-004
 -4.051084908004154E-004
 -3.875397487513588E-004
 -3.752404078130600E-004
 -3.632472561889699E-004
 -3.537756145138293E-004
 -2.655185766813895E-004
 -2.632496316272437E-004
 -2.619989531351674E-004
 -2.489519047369215E-004
 -1.682461321660667E-004
 -1.778239230211254E-004
 -1.978591428418164E-004
 -2.191903312804000E-004
 -2.417113808868276E-004
 -2.598316875890294E-004
 -2.767635104506394E-004
 -2.986180354332957E-004
 -3.249658647556386E-004
 -3.560847812294488E-004
 -3.876409431465555E-004
 -4.130920075344768E-004
