  0.674817326514670     
  0.673942000550150     
  0.673040864708579     
  0.671784190760667     
  0.670740571595590     
  0.669611214124907     
  0.668485083261592     
  0.667334714742913     
  0.666170929615445     
  0.665098602318908     
  0.664081051099939     
  0.662974246924966     
  0.661939129684819     
  0.661025481244447     
  0.660079602257994     
  0.659225226368045     
  0.658370252625934     
  0.657735360920216     
  0.657088119584913     
  0.656485781777416     
  0.655896743469861     
  0.655330715155804     
  0.654806401556668     
  0.654305901618435     
  0.653887999396897     
  0.653454807264597     
  0.653034786497731     
  0.652611250040837     
  0.652217072871749     
  0.651842924843377     
  0.651462393671167     
  0.651135398684715     
  0.650966182291183     
  0.650643482020220     
  0.650334941153659     
  0.650082846288567     
  0.649986682840524     
  0.649749067189324     
  0.649507466017617     
  0.649270884665932     
  0.649106149703994     
  0.648898870469769     
  0.648688030087966     
  0.648484414640082     
  0.648297137786194     
  0.648098238767899     
  0.647916853317270     
  0.647742921199894     
  0.647578376924091     
  0.647433151249079     
  0.647265397035442     
  0.647101854582664     
