  0.176665713403333     
  0.173150191981175     
  0.169190147778636     
  0.164296349548881     
  0.158415342515160     
  0.151884455992057     
  0.145552121559733     
  0.140048348404348     
  0.135626814759291     
  0.132257942047387     
  0.129713017470104     
  0.127713021896423     
  0.126080976000113     
  0.124690726116682     
  0.123446316376004     
  0.122305596293047     
  0.121215516683326     
  0.120182788631935     
  0.119160129129633     
  0.118170649876576     
  0.117198556912991     
  0.116230557466514     
  0.115267988318902     
  0.114303724587423     
  0.113337180927699     
  0.112351827142083     
  0.111354769005485     
  0.110351288966058     
  0.109348868251361     
  0.108352963684079     
  0.107372449771537     
  0.106411066923671     
  0.105480996068148     
  0.104558436335591     
  0.103646045242083     
  0.102734698896794     
  0.101563948560031     
  0.100720926610945     
  9.989134207155652E-002
  9.907399500865398E-002
  9.813069844547251E-002
  9.733728487359219E-002
  9.654681852421509E-002
  9.577791426712665E-002
  9.503185208345097E-002
  9.430983463135387E-002
  9.360284025939833E-002
  9.291927761817327E-002
  9.225185890069906E-002
  9.160403802700090E-002
  9.098037957914112E-002
  9.038159254361597E-002
  7.845178603906815E-002
  7.611664529117228E-002
  7.341251083291675E-002
  7.018112505023671E-002
  6.639528289553318E-002
  6.256378920970165E-002
  5.914984658447014E-002
  5.638726615237555E-002
  5.428338123745505E-002
  5.270120174915131E-002
  5.148548919882789E-002
  5.051342810553983E-002
  4.968238962171195E-002
  4.893685461950334E-002
  4.825896197972252E-002
  4.762105382858602E-002
  4.701003088705934E-002
  4.640223648474847E-002
  4.580816157671835E-002
  4.522694348496364E-002
  4.465645919354411E-002
  4.408967117736412E-002
  4.352459553130137E-002
  4.295991758809570E-002
  4.239628029396256E-002
  4.182776612604498E-002
  4.125740425874101E-002
  4.069206314030579E-002
  4.013322910695601E-002
  3.958540488554234E-002
  3.905431194251480E-002
  3.853659848499678E-002
  3.803659112956742E-002
  3.755072930220069E-002
  3.707614843176500E-002
  3.660798382150239E-002
  3.605266947340896E-002
  3.562219954648947E-002
  3.520327064244038E-002
  3.479441448855070E-002
  3.434676986959851E-002
  3.395816791335620E-002
  3.357618311984355E-002
  3.320823246370594E-002
  3.285384997964282E-002
  3.251369179647912E-002
  3.218441109072546E-002
  3.186876231364007E-002
  3.156455785695874E-002
  3.127254524761881E-002
  3.099478698084736E-002
  3.073104044547225E-002
  0.744882487644475     
  0.750733149801724     
  0.757397328450518     
  0.765522512452169     
  0.775189361632403     
  0.785551741836635     
  0.795298018893304     
  0.803564372483322     
  0.810089791047861     
  0.815040843253698     
  0.818801480387160     
  0.821773537059318     
  0.824236621443828     
  0.826372406332647     
  0.828294708715029     
  0.830073336949913     
  0.831774439501199     
  0.833414961954227     
  0.835031696363406     
  0.836602393707633     
  0.838144970961720     
  0.839679758423252     
  0.841207403215445     
  0.842736344888511     
  0.844266525839716     
  0.845820393790924     
  0.847387813791412     
  0.848956634946970     
  0.850517889692832     
  0.852061618478324     
  0.853573225331220     
  0.855052321634209     
  0.856482399841847     
  0.857890821398764     
  0.859277793359766     
  0.860657304312009     
  0.862383369009083     
  0.863656860881440     
  0.864905374320245     
  0.866131577535820     
  0.867522518728019     
  0.868704534254031     
  0.869876985393337     
  0.871013840304409     
  0.872114284969951     
  0.873176460603342     
  0.874212735678808     
  0.875211947094709     
  0.876183570266170     
  0.877123403746778     
  0.878024820459102     
  0.878887354028045     
