  0.205474009542742     
  0.198678048414792     
  0.191869992554882     
  0.183831273879998     
  0.176958189523409     
  0.170101567691650     
  0.163471199003192     
  0.156984670442137     
  0.150580496374982     
  0.144467038077877     
  0.138526415697835     
  0.131873865574936     
  0.125640904168938     
  0.120211474179539     
  0.114364365627158     
  0.109541916100089     
  0.104715364486778     
  0.103276422161315     
  0.102960760481943     
  0.102836388784304     
  0.102698244788270     
  0.102533034855062     
  0.102426777667850     
  0.102325802085886     
  0.102141493799067     
  0.101983079876615     
  0.101887163913338     
  0.101745649649460     
  0.101656860901050     
  0.101569644933732     
  0.101430596920472     
  0.101306349777619     
  0.101140566679916     
  0.101067448438430     
  0.100976810423352     
  0.100889756939565     
  0.100611206106165     
  0.100546701902899     
  0.100481163006009     
  0.100414699739867     
  0.100254047841951     
  0.100171038559640     
  0.100090387304238     
  0.100019764065229     
  9.994754713791740E-002
  9.988893096023900E-002
  9.982938507224748E-002
  9.977461692820702E-002
  9.971845599102351E-002
  9.966230214572083E-002
  9.960876962291296E-002
  9.955774189447968E-002
