  0.512938813914922     
  0.510920268701020     
  0.508926031113997     
  0.506466194782606     
  0.508104097035749     
  0.505598635047498     
  0.503046000029730     
  0.500486345276901     
  0.497939647082382     
  0.495536519472087     
  0.493246444360733     
  0.490921641348585     
  0.488732345561366     
  0.486751740623907     
  0.484819971971661     
  0.483034693062666     
  0.481318600684789     
  0.479879114063733     
  0.478460003663371     
  0.477137299153559     
  0.475873662158849     
  0.474668911420742     
  0.473538333800663     
  0.472456604184677     
  0.471418196753626     
  0.470426707580486     
  0.469487249353353     
  0.468554690806205     
  0.472122949432034     
  0.471293780961099     
  0.470469172612608     
  0.469692644473180     
  0.468973348837697     
  0.468251454190105     
  0.467560126436772     
  0.466925276294404     
  0.466289766769227     
  0.465698826988596     
  0.465140495429999     
  0.464584544639956     
  0.464035085029156     
  0.463508354874306     
  0.463025586324056     
  0.462534220105894     
  0.462057547128147     
  0.461595134974892     
  0.461156979519793     
  0.460732847857578     
  0.460322131677405     
  0.459922449308441     
  0.459527305900993     
  0.459141530931442     
  0.254752283527262     
  0.253681777154860     
  0.252579517328832     
  0.251737926328575     
  0.253291641168745     
  0.252139382791373     
  0.251064155646930     
  0.250128848307695     
  0.249340353439083     
  0.248581434427154     
  0.247884180631306     
  0.247385502503963     
  0.246921636101024     
  0.246450911603937     
  0.246123823887279     
  0.245812493897704     
  0.245538658137088     
  0.245072449785342     
  0.244646383628481     
  0.244235461684615     
  0.243856001180369     
  0.243474026371057     
  0.243079512363652     
  0.242690275765680     
  0.242318968301129     
  0.241938414976930     
  0.241540897550879     
  0.241154851844703     
  0.244264410469055     
  0.243889032395208     
  0.243543181550088     
  0.243171447054255     
  0.242784003770378     
  0.242432968737588     
  0.242070499420122     
  0.241624205860107     
  0.240434387987895     
  0.240065424376295     
  0.239718849086909     
  0.239356067028249     
  0.238628939954735     
  0.238252386219562     
  0.237854975742459     
  0.237471876924815     
  0.237109924097021     
  0.236778766173812     
  0.236444504614697     
  0.236121680485023     
  0.235795741502424     
  0.235465564380083     
  0.235156613178525     
  0.234859528126880     
  0.232308900190407     
  0.235397951773978     
  0.238494449183872     
  0.241795876511923     
  0.238604259493423     
  0.242261979856350     
  0.245889842016365     
  0.249384804106514     
  0.252719997167524     
  0.255882043787356     
  0.258869372691952     
  0.261692853828620     
  0.264346016015925     
  0.266797345447900     
  0.269056201814654     
  0.271152810711286     
  0.273142738847747     
  0.275048433818258     
  0.276893610372966     
  0.278627236824678     
  0.280270334321883     
  0.281857059867512     
  0.283382151493214     
  0.284853117705466     
  0.286262832599338     
  0.287634875094995     
  0.288971850746324     
  0.290290454997936     
  0.283612637823297     
  0.284817184366376     
  0.285987643558403     
  0.287135906192031     
  0.288242645109649     
  0.289315574788411     
  0.290369371857498     
  0.291450515557548     
  0.293275842948665     
  0.294235746339127     
  0.295140653185382     
  0.296059386032779     
  0.297335972714644     
  0.298239256603023     
  0.299119435628381     
  0.299993900662470     
  0.300832526466443     
  0.301626096541613     
  0.302398513554473     
  0.303145469345063     
  0.303882124506440     
  0.304611983996313     
  0.305316078603983     
  0.305998938623938     
