  2.840449268540479E-002
  2.759683956607484E-002
  2.757059476520884E-002
  2.695667817656067E-002
  2.681658253121244E-002
  2.616754297733781E-002
  2.610985087973394E-002
  2.546101606808915E-002
  2.542375649167561E-002
  2.472873598571890E-002
  2.412089262602712E-002
  2.385387914936821E-002
  2.365018250007600E-002
  2.328585212677159E-002
  2.271073592107242E-002
  2.244859790459586E-002
  2.232205119707897E-002
  2.220598268512752E-002
  2.190635059285551E-002
  2.182594752721378E-002
  2.175667193928821E-002
  2.168586486959956E-002
  2.150329649317295E-002
  2.142944090349508E-002
  2.132540091242330E-002
  2.124061721915860E-002
  2.113936069614097E-002
  2.110326449139621E-002
  2.107085773339590E-002
  2.102367332779886E-002
  2.091961108171170E-002
  2.085613629970240E-002
  2.081745560291526E-002
  2.077372158161850E-002
  2.045758226362238E-002
  2.040213050343720E-002
  2.036702071366603E-002
  2.021158499223386E-002
  1.994556851434426E-002
  1.973790676537501E-002
  1.988228556729688E-002
  1.957219296195722E-002
  1.951916739318693E-002
  1.954050286529274E-002
  1.889171673235213E-002
  1.849381765516545E-002
  1.853399647392229E-002
  1.837229378396499E-002
  1.767673459583741E-002
  1.736933413896302E-002
  1.674603301925526E-002
  2.690599269908300E-002
