  0.340667954809556     
  0.342408473832134     
  0.344161135963765     
  0.345983908209932     
  0.348108443776362     
  0.350374873775852     
  0.352681246947591     
  0.354947665972167     
  0.357105038659705     
  0.359151973128330     
  0.361065151435510     
  0.362809209086995     
  0.364428445071022     
  0.365934057064655     
  0.367307206754080     
  0.368593215177049     
  0.369787836676820     
  0.370961241933799     
  0.372057903263770     
  0.373094079836290     
  0.374075204293752     
  0.375008570740462     
  0.375902716093228     
  0.376760675259041     
  0.377578885946809     
  0.378371933625043     
  0.379144946835071     
  0.379890302123994     
  0.380614587117763     
  0.381316047553277     
  0.381985484036428     
  0.382644282799454     
  0.383272364760435     
  0.383882175441843     
  0.384474545226862     
  0.385098492077668     
  0.385871291185508     
  0.386473586414346     
  0.387028040059780     
  0.387552241258850     
  0.388086501051952     
  0.388579465091493     
  0.389083640938649     
  0.389553753391645     
  0.390005019909023     
  0.390431186252590     
  0.390855718697581     
  0.391267335245384     
  0.391672024451543     
  0.392066237637912     
  0.392447956485643     
  0.392818501311682     
