  0.154678143822427     
  0.154695277697805     
  0.154692181532922     
  0.154680505012838     
  0.154662907580844     
  0.154649354865816     
  0.154642975207146     
  0.154638013473344     
  0.154627027681443     
  0.154612175829020     
  0.154591478026117     
  0.154564195003548     
  0.154538949750063     
  0.154510961927018     
  0.154483490903823     
  0.154463527450816     
  0.154437094254342     
  0.154408870433524     
  0.154375942237719     
  0.154346397720713     
  0.154320549900563     
  0.154292914965669     
  0.154264399890186     
  0.154236191678716     
  0.154224837827605     
  0.154202388345063     
  0.154178854986485     
  0.154152309411877     
  0.154125611789692     
  0.154100688855877     
  0.154074527647524     
  0.154063587068248     
  0.154077485522382     
  0.154051118154129     
  0.154027345247318     
  0.154006199285877     
  0.154017484703971     
  0.154004489598111     
  0.153987115815038     
  0.153970686301077     
  0.153980260088837     
  0.153958980753171     
  0.153933085795702     
  0.153902856713153     
  0.153877597857121     
  0.153849879982283     
  0.153826758339475     
  0.153801712262906     
  0.153776495304957     
  0.153752256978713     
  0.153725217103507     
  0.153702329596740     
