  8.343710544817157E-002
  8.447374644327353E-002
  8.551599242185981E-002
  8.662313759965035E-002
  8.782297104826411E-002
  8.908629918598217E-002
  9.035134096473738E-002
  9.157853817463607E-002
  9.274451212658244E-002
  9.384038858736875E-002
  9.486714287934371E-002
  9.583053999393913E-002
  9.672743280129986E-002
  9.755049979530295E-002
  9.832884165405138E-002
  9.905011879475269E-002
  9.973187383346659E-002
  0.100374671481833     
  0.100987447132617     
  0.101573053624916     
  0.102131270530322     
  0.102667958411381     
  0.103181997465049     
  0.103678562401104     
  0.104140255238035     
  0.104580872464054     
  0.105012912845647     
  0.105445087004365     
  0.105863102030747     
  0.106263000473523     
  0.106655370895760     
  0.107024431937653     
  0.107360660068731     
  0.107715313172020     
  0.108057370599495     
  0.108385594590266     
  0.108821464449054     
  0.109118351997455     
  0.109398540114630     
  0.109694710772276     
  0.110056756336974     
  0.110333437917537     
  0.110592732397020     
  0.110862877130750     
  0.111123019816601     
  0.111379496583255     
  0.111623605625703     
  0.111859652618973     
  0.112088496555745     
  0.112312183846933     
  0.112532615500255     
  0.112745734741198     
