  0.429418278181358     
  0.426969141046035     
  0.424487409251576     
  0.421469914162655     
  0.418330864535770     
  0.414806733809765     
  0.411120174420889     
  0.407392492494282     
  0.403698447046444     
  0.400185953203278     
  0.396857087764155     
  0.393610186392738     
  0.390577157284548     
  0.387806172714129     
  0.385179492338084     
  0.382754349858146     
  0.380462152187468     
  0.378441691004784     
  0.376499742681367     
  0.374696548963117     
  0.372992430895567     
  0.371376015110648     
  0.369851924915433     
  0.368399140625656     
  0.367007896095996     
  0.365671951247499     
  0.364402571940193     
  0.363163212639051     
  0.371906331831223     
  0.370792103585802     
  0.369703316461390     
  0.368671243300730     
  0.367700020527995     
  0.366751026857707     
  0.365841446970660     
  0.364976935113657     
  0.364037844784825     
  0.363263529918724     
  0.362529556055767     
  0.361818221315074     
  0.361091515179174     
  0.360435983356110     
  0.359819553933611     
  0.359218292322277     
  0.358645247034521     
  0.358098731207835     
  0.357580987710125     
  0.357086378457398     
  0.356610849887804     
  0.356151326568920     
  0.355705064810166     
  0.355274401908121     
  0.209029369651800     
  0.207386623504772     
  0.205633520540145     
  0.203934571650091     
  0.201761643185602     
  0.199551631823120     
  0.197422008089106     
  0.195470374135961     
  0.193720309443765     
  0.192082630831347     
  0.190571953954094     
  0.189272557621115     
  0.188056415482371     
  0.186893706721994     
  0.185887522312468     
  0.184940770860998     
  0.184052169017952     
  0.183054586229942     
  0.182102969404084     
  0.181182332334143     
  0.180304788156304     
  0.179439793288807     
  0.178583294899004     
  0.177745586342594     
  0.176938723158097     
  0.176131510523629     
  0.175326159171682     
  0.174537521953889     
  0.179550691669932     
  0.178804928186881     
  0.178092634117966     
  0.177375882888654     
  0.176675349791091     
  0.176006408128712     
  0.175338848707956     
  0.174638093656784     
  0.173342358056283     
  0.172731448482657     
  0.172142508285372     
  0.171549521546801     
  0.170639842736338     
  0.170055068195718     
  0.169463136696248     
  0.168892619603577     
  0.168349987220379     
  0.167840978433384     
  0.167340523815075     
  0.166859600728140     
  0.166382307123722     
  0.165906678736874     
  0.165452828764722     
  0.165014733512934     
  0.361552348068134     
  0.365644231346294     
  0.369879066100756     
  0.374595510074614     
  0.379907488160777     
  0.385641630244508     
  0.391457813363404     
  0.397137129239703     
  0.402581239376222     
  0.407731411828177     
  0.412570954140878     
  0.417117251841465     
  0.421366423084649     
  0.425300116412047     
  0.428932981194700     
  0.432304875123469     
  0.435485674634517     
  0.438503718602278     
  0.441397283748402     
  0.444121114534084     
  0.446702776777189     
  0.449184187427302     
  0.451564776010062     
  0.453855268854103     
  0.456053376566004     
  0.458196534046825     
  0.460271264703556     
  0.462299261220306     
  0.448542972489929     
  0.450402964216035     
  0.452204045407258     
  0.453952869795134     
  0.455624625663186     
  0.457242560993758     
  0.458819700299361     
  0.460384967204817     
  0.462619793129447     
  0.464005017566986     
  0.465327931624895     
  0.466632253102595     
  0.468268638047308     
  0.469508944408780     
  0.470717305327988     
  0.471889084029590     
  0.473004761698281     
  0.474060286310036     
  0.475078484424005     
  0.476054016761628     
  0.477006838933407     
  0.477941990636863     
  0.478842102365620     
  0.479710860517457     
