  0.241745568037158     
  0.241584253006576     
  0.241443142869561     
  0.241592671639683     
  0.241436457356146     
  0.241302486689111     
  0.241163575773671     
  0.241086747082451     
  0.241084558257972     
  0.241061009093723     
  0.241051806020717     
  0.241195213081094     
  0.241333437513881     
  0.241424018960250     
  0.241591556087955     
  0.241724654837203     
  0.241897873540599     
  0.241889967597950     
  0.241924433282470     
  0.241941164597668     
  0.241971985999817     
  0.242001326432815     
  0.242011600978283     
  0.242015535980461     
  0.241971745365068     
  0.241964320271348     
  0.241952300656622     
  0.241943662954798     
  0.241919825097504     
  0.241894074683100     
  0.241882235433072     
  0.241840169377632     
  0.241673157640086     
  0.241641204807761     
  0.241607688246846     
  0.241531559121167     
  0.241191852710422     
  0.241132580813221     
  0.241093993867753     
  0.241034404561793     
  0.240837093959031     
  0.240767691612693     
  0.240719237515014     
  0.240652708229168     
  0.240579842397205     
  0.240522264648846     
  0.240459541057027     
  0.240397426181133     
  0.240333126520165     
  0.240254664903989     
  0.240201987464302     
  0.240152410676138     
