   1.00680046073805     
   1.00655735050056     
   1.00628188789515     
   1.00598786535388     
   1.00569856797227     
   1.00544908262264     
   1.00525615215455     
   1.00509842361166     
   1.00494082128925     
   1.00476662708325     
   1.00457589493865     
   1.00436991011737     
   1.00416456004300     
   1.00397985299684     
   1.00384002942462     
   1.00373204202772     
   1.00362212581351     
   1.00349905464927     
   1.00335735056252     
   1.00324141479356     
   1.00314061854823     
   1.00303465673720     
   1.00293428679121     
   1.00284099020907     
   1.00276600517962     
   1.00267553645787     
   1.00257920212672     
   1.00248465960685     
   1.00238664198468     
   1.00228669641555     
   1.00219767667481     
   1.00210794285193     
   1.00204190081634     
   1.00195999897354     
   1.00185743262809     
   1.00171105366926     
   1.00091476307935     
   1.00083661566651     
   1.00075086703924     
   1.00065465534335     
   1.00021625623124     
   1.00009974963504     
  0.999952054312557     
  0.999820788666171     
  0.999706216724826     
  0.999610499630060     
  0.999508352391720     
  0.999418201460623     
  0.999319507344983     
  0.999216616700416     
  0.999120925602346     
  0.999031980443883     
