  0.132719464292236     
  0.132772128134133     
  0.132829662933201     
  0.132914738095459     
  0.132978605942962     
  0.133040435919017     
  0.133093999316658     
  0.133143829274866     
  0.133195686742316     
  0.133244564369083     
  0.133293613610718     
  0.133353384623995     
  0.133410702395052     
  0.133459896436458     
  0.133508193027475     
  0.133550198056155     
  0.133593702860347     
  0.133624022032816     
  0.133659654430272     
  0.133689708316830     
  0.133718308353303     
  0.133747034697627     
  0.133773406677813     
  0.133798546452183     
  0.133821842504161     
  0.133846281600135     
  0.133870010124782     
  0.133893956284241     
  0.133916506998030     
  0.133938854066273     
  0.133961058525784     
  0.133981123033241     
  0.133996418976734     
  0.134015787031601     
  0.134037291637919     
  0.134062538226210     
  0.134158308136263     
  0.134174626550570     
  0.134192319948278     
  0.134210617230625     
  0.134265831132700     
  0.134285997196583     
  0.134309278130682     
  0.134330551226204     
  0.134349669137181     
  0.134366781069283     
  0.134384426848315     
  0.134400375885526     
  0.134417156913725     
  0.134433902521651     
  0.134450222685665     
  0.134465924876642     
