  1.746516214703415E-002
  1.773138034006430E-002
  1.799856114309918E-002
  1.830462708169932E-002
  1.860277395602219E-002
  1.891643199503138E-002
  1.923241752445857E-002
  1.954506150459348E-002
  1.984987008419638E-002
  2.013927858087964E-002
  2.041522091649752E-002
  2.069894339641511E-002
  2.096418535549285E-002
  2.120038274461407E-002
  2.144091963080081E-002
  2.165000922220025E-002
  2.185308852965569E-002
  2.196745700621795E-002
  2.204858428344525E-002
  2.212183267423560E-002
  2.219155320311154E-002
  2.225812933595068E-002
  2.231960088963186E-002
  2.237828597588604E-002
  2.243530798245272E-002
  2.248755068399256E-002
  2.253575647167851E-002
  2.258538103970245E-002
  2.263158074593839E-002
  2.267449405645733E-002
  2.271810161348188E-002
  2.275988446088903E-002
  2.280066374169441E-002
  2.283731491302020E-002
  2.287245467245381E-002
  2.290472628247212E-002
  2.295418466080309E-002
  2.298366717694189E-002
  2.300955445664735E-002
  2.303971524375088E-002
  2.308266126378506E-002
  2.310919086467463E-002
  2.313111739388771E-002
  2.315522048746747E-002
  2.317888941945801E-002
  2.320214933977175E-002
  2.322382972947138E-002
  2.324440830204152E-002
  2.326368922483927E-002
  2.328257850986436E-002
  2.330098682580950E-002
  2.331917305186303E-002
