  1.149415868984770E-003
  1.150317671919947E-003
  1.151432100171320E-003
  1.152707560431289E-003
  1.154010574239725E-003
  1.155153377742782E-003
  1.156031622275837E-003
  1.156743339637838E-003
  1.157501926444998E-003
  1.158309443992114E-003
  1.159184756567882E-003
  1.160150947483256E-003
  1.161112832695640E-003
  1.162016555960669E-003
  1.162689339628245E-003
  1.163207532865636E-003
  1.163771531279617E-003
  1.164390295952057E-003
  1.165100704350489E-003
  1.165685247180254E-003
  1.166196668902799E-003
  1.166734346640710E-003
  1.167237186616464E-003
  1.167703845445734E-003
  1.168024656203331E-003
  1.168494540408448E-003
  1.168970037352738E-003
  1.169427056938807E-003
  1.169907481969879E-003
  1.170379624268950E-003
  1.170781683615543E-003
  1.171175592125061E-003
  1.171365363740257E-003
  1.171727806465109E-003
  1.172236371677607E-003
  1.173051169160228E-003
  1.178628531356315E-003
  1.178972099080817E-003
  1.179384236836505E-003
  1.179925946957356E-003
  1.183085948196350E-003
  1.183672634179680E-003
  1.184460301861302E-003
  1.185119556569233E-003
  1.185657764604684E-003
  1.186102068079252E-003
  1.186603488930433E-003
  1.187009542590195E-003
  1.187459695341948E-003
  1.187919485921753E-003
  1.188342820050947E-003
  1.188755623065931E-003
