  3.496201855214699E-002
  3.496182158423675E-002
  3.496191503452483E-002
  3.496191911933742E-002
  3.496188916892063E-002
  3.496185629117438E-002
  3.496184640844247E-002
  3.496182902709258E-002
  3.496190598611160E-002
  3.496189746177483E-002
  3.496188410196877E-002
  3.496184759608809E-002
  3.496183655849991E-002
  3.496183180380117E-002
  3.496192817360587E-002
  3.496192851765574E-002
  3.496188093541821E-002
  3.496192127991460E-002
  3.496190261996162E-002
  3.496191966893838E-002
  3.496191701516557E-002
  3.496189303658630E-002
  3.496190287874926E-002
  3.496189459753928E-002
  3.496184796716743E-002
  3.496189339264216E-002
  3.496189789547795E-002
  3.496186165797217E-002
  3.496188271737934E-002
  3.496187636624175E-002
  3.496187453588663E-002
  3.496184290082640E-002
  3.496186424562456E-002
  3.496189442557927E-002
  3.496187244698491E-002
  3.496186694744465E-002
  3.496183069275621E-002
  3.496187882011772E-002
  3.496186292936026E-002
  3.496188393183181E-002
  3.496187660488072E-002
  3.496189342024123E-002
  3.496191045610630E-002
  3.496190450337819E-002
  3.496190662263712E-002
  3.496191181825687E-002
  3.496190853077230E-002
  3.496190823338754E-002
  3.496190521782569E-002
  3.496190510417829E-002
  3.496190424768120E-002
  3.496193517293185E-002
