  2.872691241248263E-002
  2.889185138000495E-002
  2.900493926777049E-002
  2.879601374112077E-002
  2.863615888600101E-002
  2.858891245020965E-002
  2.937582854545458E-002
  2.939241961037481E-002
  2.964576791710108E-002
  2.925593353060884E-002
  2.939371710348418E-002
  2.920084241114321E-002
  2.994924578787271E-002
  2.994299982139883E-002
  3.005115834646413E-002
  2.996179631987648E-002
  2.994797830173437E-002
  2.982661398220747E-002
  2.968745573527897E-002
  2.999071929735930E-002
  2.925771737533361E-002
  3.010197519230991E-002
  2.991025325483073E-002
  2.969651577250512E-002
  3.013035253054821E-002
  3.032338878996581E-002
  3.033019805305700E-002
  3.030160048151656E-002
  3.027044568314838E-002
  3.009317898538324E-002
  3.036983706034721E-002
  3.027107725669542E-002
  3.010461861354734E-002
  3.037682026878104E-002
  3.042249618605507E-002
  3.037208517160659E-002
  3.043549257397464E-002
  3.044193698284559E-002
  3.049387530397034E-002
  3.050098890078903E-002
  3.052560662849079E-002
  3.042642121209690E-002
  3.043749183498600E-002
  3.046941847468029E-002
  3.047121943602790E-002
  3.047930569916022E-002
  3.047919604366685E-002
  3.047743049015713E-002
  3.047503468296289E-002
  3.047342252499351E-002
  3.046957705264258E-002
  3.046632538034279E-002
  4.969383345733212E-002
  4.977254526960971E-002
  4.986164804899613E-002
  4.997104916794313E-002
  4.998353115438312E-002
  5.010135178333058E-002
  5.014356444899296E-002
  5.033766295656586E-002
  5.044981332080876E-002
  5.048803986043682E-002
  5.056982109169136E-002
  5.059520286491443E-002
  5.055682623030783E-002
  5.052363460800343E-002
  5.065185803896257E-002
  5.075108723456868E-002
  5.069108044631414E-002
  5.078415309131046E-002
  5.076888485115776E-002
  5.076953593556929E-002
  5.066201670926257E-002
  5.061892380428954E-002
  5.058624545077541E-002
  5.076517385044602E-002
  5.074202715997406E-002
  5.064842926001141E-002
  5.073265326470004E-002
  5.066258188828190E-002
  5.052700509900616E-002
  5.073522352249626E-002
  5.068983420938773E-002
  5.069589137465941E-002
  5.064791030245352E-002
  5.044714421371282E-002
  5.057233122966354E-002
  5.057862399407485E-002
  5.052194515917045E-002
  5.045913971838296E-002
  5.038900947420361E-002
  5.034461759636920E-002
  5.045339467210527E-002
  5.042499166315833E-002
  5.029611245404845E-002
  5.027813437630388E-002
  5.013758819601684E-002
  5.025380142513902E-002
  5.000281448539930E-002
  4.962177812109438E-002
  4.805066078995338E-002
  4.930247673649982E-002
  4.968282403529144E-002
  4.908254857094713E-002
  6.625536716833948E-002
  6.636074816977861E-002
  6.641860706090581E-002
  6.643643116224979E-002
  6.663464272018976E-002
  6.672238385306861E-002
  6.676895132743071E-002
  6.695554358853155E-002
  6.701505016778099E-002
  6.705263349420156E-002
  6.719595348900896E-002
  6.718275697901682E-002
  6.715381430338170E-002
  6.730717006817619E-002
  6.733937267931632E-002
  6.734950749060745E-002
  6.734439549343940E-002
  6.737858003472592E-002
  6.733619762915685E-002
  6.730555632581542E-002
  6.728301533181004E-002
  6.725504863428232E-002
  6.738414670792173E-002
  6.735446009082323E-002
  6.741256149352541E-002
  6.741053136880308E-002
  6.737338862204503E-002
  6.733195126852452E-002
  6.728617926308361E-002
  6.736050364779053E-002
  6.731317871227960E-002
  6.726291921559271E-002
  6.721478312642974E-002
  6.727256490962749E-002
  6.721688745985575E-002
  6.715091049900633E-002
  6.722089758151724E-002
  6.716713411298623E-002
  6.716498385064010E-002
  6.712073689334343E-002
  6.717959580854935E-002
  6.713686426852068E-002
  6.707563184897314E-002
  6.698964887785701E-002
  6.690856688503000E-002
  6.696668682367087E-002
  6.690205915899003E-002
  6.683706996811188E-002
  6.684196692503989E-002
  6.676479152404041E-002
  6.668872128216104E-002
  6.662365297902589E-002
  9.412214628660563E-002
  9.424827808947131E-002
  9.436188242758456E-002
  9.447012192879320E-002
  9.457847436061660E-002
  9.468897563346182E-002
  9.481560981017721E-002
  9.494306061840871E-002
  9.506042746111883E-002
  9.516135733737055E-002
  9.524465477868073E-002
  9.531449235963339E-002
  9.536982238163644E-002
  9.533435527931315E-002
  9.537742775504608E-002
  9.542680388892114E-002
  9.546825477836098E-002
  9.548994450861641E-002
  9.550514567530533E-002
  9.552289437380562E-002
  9.554320973224696E-002
  9.555994525400187E-002
  9.557395361584121E-002
  9.554396274916553E-002
  9.555674902904009E-002
  9.556655675342246E-002
  9.557159479294210E-002
  9.557269445483610E-002
  9.556709049604903E-002
  9.554868751730544E-002
  9.553406840522288E-002
  9.552612983627108E-002
  9.546504552807164E-002
  9.545538755516007E-002
  9.544470297952112E-002
  9.543225763648340E-002
  9.546549053328035E-002
  9.544660037059878E-002
  9.542032597071023E-002
  9.532189131224264E-002
  9.536247826596544E-002
  9.533493123019390E-002
  9.530148795171270E-002
  9.526703362109760E-002
  9.522386164553337E-002
  9.519269897464355E-002
  9.516403732300846E-002
  9.513218978202580E-002
  9.509671046763779E-002
  9.505681302288221E-002
  9.501763947329012E-002
  9.494116627796685E-002
