  5.857815384115238E-003
  5.947104966057557E-003
  6.036717407395456E-003
  6.139371923201970E-003
  6.239370384849866E-003
  6.344571291133594E-003
  6.450552837703457E-003
  6.555413628640661E-003
  6.657646426239478E-003
  6.754714036027073E-003
  6.847265095393333E-003
  6.942425615157622E-003
  7.031387768232233E-003
  7.110608372543542E-003
  7.191284444170628E-003
  7.261413093125957E-003
  7.329525892846560E-003
  7.367885079885539E-003
  7.395095168667509E-003
  7.419662678938674E-003
  7.443046944323625E-003
  7.465376579277852E-003
  7.485994138382579E-003
  7.505677116312151E-003
  7.524802297314634E-003
  7.542324499411192E-003
  7.558492720600964E-003
  7.575136800716272E-003
  7.590632182187726E-003
  7.605025306535811E-003
  7.619651281161800E-003
  7.633665248182228E-003
  7.647342618964393E-003
  7.659635421826964E-003
  7.671421297141039E-003
  7.682245195141170E-003
  7.698833535233361E-003
  7.708721971146239E-003
  7.717404564759426E-003
  7.727520492754031E-003
  7.741924587873494E-003
  7.750822616011908E-003
  7.758176773909988E-003
  7.766260951496571E-003
  7.774199511286262E-003
  7.782000888559432E-003
  7.789272491264668E-003
  7.796174544504810E-003
  7.802641366011116E-003
  7.808976832208533E-003
  7.815150981376485E-003
  7.821250641594793E-003
