  0.133815139851487     
  0.133937803223311     
  0.134046613767014     
  0.134155825053663     
  0.134258735383130     
  0.134372293811377     
  0.134496245470703     
  0.134621909730509     
  0.134738151104552     
  0.134833326623054     
  0.134909689785394     
  0.134971722899780     
  0.135018900092281     
  0.135059737629028     
  0.135104298907305     
  0.135147550004822     
  0.135182019299003     
  0.135195719236715     
  0.135199510004506     
  0.135208976630166     
  0.135222763947679     
  0.135232238201559     
  0.135238934415556     
  0.135246051857248     
  0.135252728419191     
  0.135256071190961     
  0.135253477862544     
  0.135248664137446     
  0.135240002191575     
  0.135226196289425     
  0.135212345188076     
  0.135199071493104     
  0.135185879582941     
  0.135168667873242     
  0.135150924011350     
  0.135129191382184     
  0.135147507441878     
  0.135125102388000     
  0.135102358996119     
  0.135091206674514     
  0.135126945962561     
  0.135092844601743     
  0.135048480375229     
  0.135003562041043     
  0.134959056586194     
  0.134920702074176     
  0.134883903006750     
  0.134843705018278     
  0.134799310900922     
  0.134750643248441     
  0.134702881423109     
  0.134661912808513     
