  7.553014376819112E-002
  7.529749633295231E-002
  7.504942018199443E-002
  7.474990692942469E-002
  7.445470187333725E-002
  7.414943423403771E-002
  7.385142870009891E-002
  7.355960557018244E-002
  7.326872860800451E-002
  7.297743654437251E-002
  7.268531967153427E-002
  7.236850629211951E-002
  7.206149041005622E-002
  7.178691470806917E-002
  7.151016665872746E-002
  7.127419917183997E-002
  7.103752394108252E-002
  7.089845587069678E-002
  7.079392793243153E-002
  7.070556160805336E-002
  7.062624678507817E-002
  7.054683924974414E-002
  7.047143650879209E-002
  7.040019416751074E-002
  7.033077017225596E-002
  7.026430261491498E-002
  7.019733077478653E-002
  7.012628463905468E-002
  7.005590654606948E-002
  6.998480056019003E-002
  6.991271775754616E-002
  6.984367888320679E-002
  6.977600897665766E-002
  6.970982311281523E-002
  6.964517559477072E-002
  6.958035295712572E-002
  6.953265855308538E-002
  6.947083441979367E-002
  6.941353704535187E-002
  6.936208700617734E-002
  6.934048350602209E-002
  6.927093770081515E-002
  6.919727575132500E-002
  6.912017609870121E-002
  6.904406103281233E-002
  6.897464002758820E-002
  6.890889225524160E-002
  6.884121393834387E-002
  6.877107509224624E-002
  6.869718280219006E-002
  6.862483936824219E-002
  6.855955394212349E-002
