  8.244548760835151E-002
  8.243970252636716E-002
  8.242479730453794E-002
  8.240767427474328E-002
  8.238412253313622E-002
  8.236780470515032E-002
  8.236316788848637E-002
  8.236517939947446E-002
  8.236681805339485E-002
  8.235787517063743E-002
  8.234022388089382E-002
  8.231677551757259E-002
  8.228814478129329E-002
  8.226501698171880E-002
  8.225199337581424E-002
  8.224612377765080E-002
  8.223959872639838E-002
  8.222193296272307E-002
  8.219631167049148E-002
  8.217616288463062E-002
  8.216171599346553E-002
  8.214462682627625E-002
  8.212735211053544E-002
  8.211186958183414E-002
  8.209786527525290E-002
  8.208407250731600E-002
  8.206648737168785E-002
  8.204470013476527E-002
  8.202023006275196E-002
  8.199346519988422E-002
  8.196605093060205E-002
  8.193850940570045E-002
  8.191128954317806E-002
  8.188415278350182E-002
  8.185690905085062E-002
  8.182879907817907E-002
  8.180678587838956E-002
  8.177960843802611E-002
  8.175530269140348E-002
  8.173415875307612E-002
  8.173170832846290E-002
  8.169182279781899E-002
  8.164741998327855E-002
  8.159864431067140E-002
  8.155000493266822E-002
  8.150686529649379E-002
  8.146665810496657E-002
  8.142401914686463E-002
  8.137838366799673E-002
  8.132814010979546E-002
  8.127910453175828E-002
  8.123611688282473E-002
  1.417330237913229E-002
  1.408063165161501E-002
  1.398771554125609E-002
  1.387600985980088E-002
  1.376054577224658E-002
  1.363332942565771E-002
  1.350287723850236E-002
  1.337316261322565E-002
  1.324634899210184E-002
  1.312790492417199E-002
  1.301730590144921E-002
  1.291000560008805E-002
  1.281088880674389E-002
  1.272113740459807E-002
  1.263595462475046E-002
  1.255812007530652E-002
  1.248390386007711E-002
  1.241939404296183E-002
  1.235706413719594E-002
  1.229964242066742E-002
  1.224536379762536E-002
  1.219376566286764E-002
  1.214508710816861E-002
  1.209857067849420E-002
  1.205566093707541E-002
  1.201375497193461E-002
  1.197332422349455E-002
  1.193371403306888E-002
  1.189607455669747E-002
  1.185992656243333E-002
  1.182447699013512E-002
  1.179170873379106E-002
  1.176381632049818E-002
  1.173234673124106E-002
  1.170227723056728E-002
  1.167314934585562E-002
  1.164622591806886E-002
  1.161947812927351E-002
  1.159355092189379E-002
  1.156925694168349E-002
  1.154900126802727E-002
  1.152583427290100E-002
  1.150240339043685E-002
  1.147984976836391E-002
  1.145845763659269E-002
  1.143768198118798E-002
  1.141756746118402E-002
  1.139815950329901E-002
  1.137922078500758E-002
  1.136119829068538E-002
  1.134295624867736E-002
  1.132541283027435E-002
  7.086861611834396E-003
  7.049126672994191E-003
  7.010102481258990E-003
  6.974813943372438E-003
  6.924830951973097E-003
  6.872267170262016E-003
  6.819494442242348E-003
  6.769996655226367E-003
  6.725091909926216E-003
  6.682695045213054E-003
  6.643829882487435E-003
  6.612029482766343E-003
  6.583110867489440E-003
  6.555590290505062E-003
  6.532546779610013E-003
  6.510866987371655E-003
  6.491757315724741E-003
  6.469246751838388E-003
  6.448982712405773E-003
  6.429696474168400E-003
  6.411972435977711E-003
  6.395068062059446E-003
  6.378438939112874E-003
  6.362333521644642E-003
  6.346343533757600E-003
  6.331282200803868E-003
  6.316535852558707E-003
  6.302234693142941E-003
  6.288025859358519E-003
  6.274300846288722E-003
  6.261394349916040E-003
  6.248699789172247E-003
  6.234499498605610E-003
  6.222331992676247E-003
  6.210597249733104E-003
  6.197632596950576E-003
  6.177840711271812E-003
  6.166172249803336E-003
  6.155584796014637E-003
  6.144982612426909E-003
  6.132093606003168E-003
  6.121632984567594E-003
  6.111514535378874E-003
  6.101238636901846E-003
  6.091294842614416E-003
  6.081987792719382E-003
  6.072822199765140E-003
  6.063803784636107E-003
  6.054866527968468E-003
  6.045807006867604E-003
  6.037470025358390E-003
  6.029533824098237E-003
  2.896007238318412E-002
  2.921802470041422E-002
  2.947256633978969E-002
  2.974461941531497E-002
  3.003522555153547E-002
  3.034373913256421E-002
  3.065467427919614E-002
  3.095682772294494E-002
  3.124239022268442E-002
  3.150654203904039E-002
  3.174914536399514E-002
  3.197276135187030E-002
  3.217564280405939E-002
  3.235597639624543E-002
  3.252111478750068E-002
  3.266923163162685E-002
  3.280298786552203E-002
  3.292075518324130E-002
  3.303205078006220E-002
  3.313778960351909E-002
  3.323751505170762E-002
  3.333204330371375E-002
  3.342081907112178E-002
  3.350557422982840E-002
  3.358483401690058E-002
  3.365846697049796E-002
  3.372816037744935E-002
  3.379858821953049E-002
  3.386576423079662E-002
  3.392812405654941E-002
  3.398964123380687E-002
  3.404897797231567E-002
  3.410490885691765E-002
  3.415810855935682E-002
  3.420890410852231E-002
  3.425655919203801E-002
  3.433802640278982E-002
  3.438087147181629E-002
  3.441853634996903E-002
  3.446288242037112E-002
  3.453105681187092E-002
  3.456988191227529E-002
  3.460268216427338E-002
  3.463870976853601E-002
  3.467364140971337E-002
  3.470806493569428E-002
  3.474025175190400E-002
  3.477071304088664E-002
  3.479938022460755E-002
  3.482757835517061E-002
  3.485500779726365E-002
  3.488209364825018E-002
