   1.33636026591547     
   1.33603757748385     
   1.33567194666129     
   1.33528168060882     
   1.33489768642041     
   1.33456653608707     
   1.33431045295869     
   1.33410109453492     
   1.33389190364784     
   1.33366068979314     
   1.33340752457380     
   1.33313411396139     
   1.33286154587000     
   1.33261637796737     
   1.33243078541608     
   1.33228745009587     
   1.33214155459126     
   1.33197819807706     
   1.33179010945529     
   1.33163622399231     
   1.33150243373051     
   1.33136178703885     
   1.33122856261857     
   1.33110472691311     
   1.33100519675018     
   1.33088511455935     
   1.33075724674700     
   1.33063175726628     
   1.33050165516490     
   1.33036899403436     
   1.33025083512498     
   1.33013172839025     
   1.33004406856521     
   1.32993535748224     
   1.32979921770675     
   1.32960492396934     
   1.32854798056697     
   1.32844425286573     
   1.32833043581577     
   1.32820273078133     
   1.32762082882868     
   1.32746618568741     
   1.32727014469605     
   1.32709591136884     
   1.32694383616032     
   1.32681678762667     
   1.32668120414622     
   1.32656154376966     
   1.32643054373563     
   1.32629397350697     
   1.32616695947961     
   1.32604889956581     
