  0.197593999609424     
  0.197423159704965     
  0.197305856673009     
  0.197244810963639     
  0.197230597677455     
  0.197225372182174     
  0.197203085397726     
  0.197176017117562     
  0.197176815094058     
  0.197201186452246     
  0.197248152626049     
  0.197328961077016     
  0.197435974030357     
  0.197533499884809     
  0.197608688714025     
  0.197672513512379     
  0.197753658712498     
  0.197863352882481     
  0.197993598537007     
  0.198105410493283     
  0.198199074842822     
  0.198297256760636     
  0.198389524265781     
  0.198474563635797     
  0.198543489595476     
  0.198616430919513     
  0.198690525652743     
  0.198776897055024     
  0.198867782174538     
  0.198954404983132     
  0.199039358488589     
  0.199128528553583     
  0.199203089569095     
  0.199278094570190     
  0.199362670334451     
  0.199467272726939     
  0.200029377034434     
  0.200091058946220     
  0.200142387003903     
  0.200220813790571     
  0.200547404724952     
  0.200651072302517     
  0.200759723227062     
  0.200876993382822     
  0.200984722871823     
  0.201076992620480     
  0.201165105644003     
  0.201247217172204     
  0.201333574686780     
  0.201428713849568     
  0.201517011944107     
  0.201597691542534     
  0.649211095030219     
  0.649208680843137     
  0.649274165392608     
  0.649396867677774     
  0.649546822272607     
  0.649656051669905     
  0.649721642232105     
  0.649770941645618     
  0.649846849903583     
  0.649975767310348     
  0.650149744664105     
  0.650370458104803     
  0.650619529418301     
  0.650840021306444     
  0.651015396344338     
  0.651157889216249     
  0.651315777846174     
  0.651514716830482     
  0.651749243358387     
  0.651952702204967     
  0.652123734635354     
  0.652304573555438     
  0.652478811290429     
  0.652641530985168     
  0.652776481917266     
  0.652914021505812     
  0.653054037512330     
  0.653218405934684     
  0.653388381319999     
  0.653541225308596     
  0.653695457475830     
  0.653852930780374     
  0.653986058858337     
  0.654124306680822     
  0.654274197544297     
  0.654453337937145     
  0.655322930361406     
  0.655440455141478     
  0.655538655284090     
  0.655679471049735     
  0.656189854497618     
  0.656383160133294     
  0.656580079638101     
  0.656796736919679     
  0.656999376108806     
  0.657178151260708     
  0.657349506939704     
  0.657513456973550     
  0.657683100034729     
  0.657866758082063     
  0.658037290732063     
  0.658191494487173     
  0.875265590766154     
  0.875172978868710     
  0.875103833302750     
  0.875053790728803     
  0.875020776396133     
  0.874992322975347     
  0.874960622458765     
  0.874930185060837     
  0.874907087905487     
  0.874899702617023     
  0.874908238112275     
  0.874928702846529     
  0.874959099249207     
  0.874992265023814     
  0.875026438526214     
  0.875053789313012     
  0.875084900670610     
  0.875123671166611     
  0.875170400205256     
  0.875221071060472     
  0.875267852030921     
  0.875319538455898     
  0.875372151956407     
  0.875423002064250     
  0.875457979860788     
  0.875492193013124     
  0.875523290780635     
  0.875567979898370     
  0.875616373213438     
  0.875661268486769     
  0.875712974195713     
  0.875754448934928     
  0.875777363364950     
  0.875818355469931     
  0.875853307281728     
  0.875872106448983     
  0.875884655763603     
  0.875894954109338     
  0.875898714901404     
  0.875916511438220     
  0.875930983176274     
  0.875972095761045     
  0.876001213601775     
  0.876049216106877     
  0.876091538188773     
  0.876138298360808     
  0.876178579913807     
  0.876220574484237     
  0.876258724570697     
  0.876299677439696     
  0.876336429501797     
  0.876365135128120     
  2.122729554255663E-007
  2.097678989478308E-007
  2.065761992155538E-007
  2.191367167426408E-007
  2.105775766227409E-007
  2.149666469502013E-007
  2.133149132235616E-007
  2.127924318526049E-007
  2.119158523280963E-007
  2.218963030008621E-007
  2.167614205459097E-007
  2.216148395133725E-007
  2.153893536775876E-007
  2.149866636640330E-007
  2.141496689614084E-007
  2.172264552087451E-007
  2.255976109717095E-007
  2.165284655070420E-007
  2.198173484029651E-007
  2.190640288846367E-007
  2.163397295535615E-007
  2.184347033899801E-007
  2.208315733733461E-007
  2.185793730402950E-007
  2.226523006135296E-007
  2.203123851039588E-007
  2.203988241570404E-007
  2.153469516325941E-007
  2.117294998485064E-007
  2.167607441050191E-007
  2.167280340659534E-007
  2.208349158774107E-007
  2.146403639532107E-007
  2.138955946413082E-007
  2.242807422591086E-007
  2.168010269485256E-007
  2.221232172096077E-007
  2.244994242247641E-007
  2.182117417957851E-007
  2.241615499373102E-007
  2.242108540189810E-007
  2.639539941542325E-007
  2.706695205071475E-007
  2.858072533159076E-007
  3.039137413187184E-007
  3.272028905628718E-007
  3.340523409771281E-007
  3.420864947087090E-007
  3.557499977769212E-007
  3.668907060300542E-007
  3.871248837501039E-007
  3.944217938226502E-007
