  0.422457530153946     
  0.422559183925316     
  0.422650353519615     
  0.422758203317399     
  0.422914577850170     
  0.423131005409475     
  0.423389091164364     
  0.423656441152236     
  0.423892786321460     
  0.424090698454118     
  0.424251996106698     
  0.424378997629997     
  0.424486986635979     
  0.424572716263045     
  0.424662428813536     
  0.424747625365102     
  0.424813282433411     
  0.424856366097530     
  0.424875598905026     
  0.424916125502471     
  0.424959608672127     
  0.424993066355637     
  0.425016788318913     
  0.425037088869430     
  0.425053168927566     
  0.425052809802633     
  0.425038812273962     
  0.425036747028429     
  0.425032216182100     
  0.425011196386395     
  0.424996239261263     
  0.424990902879731     
  0.424989188256746     
  0.424959169254094     
  0.424925867471814     
  0.424860096141147     
  0.424853042240194     
  0.424801333363408     
  0.424733371702830     
  0.424720175185217     
  0.424817909144830     
  0.424767736717070     
  0.424676392235762     
  0.424608281517144     
  0.424548216125465     
  0.424500229590018     
  0.424444611931807     
  0.424385584128944     
  0.424316951141374     
  0.424249129621005     
  0.424183121055378     
  0.424127039207023     
