  0.595625853133025     
  0.595436387811374     
  0.595213424584217     
  0.594977059315426     
  0.594752603333773     
  0.594580791062614     
  0.594474419390581     
  0.594402249127506     
  0.594323261592568     
  0.594203402097077     
  0.594048441296596     
  0.593863847900725     
  0.593664070949647     
  0.593486052898984     
  0.593347537957537     
  0.593237615237362     
  0.593123296934656     
  0.592977584332564     
  0.592801253273018     
  0.592655774469527     
  0.592531876580948     
  0.592399579463561     
  0.592267775831322     
  0.592143383412330     
  0.592023815270581     
  0.591902901586122     
  0.591768056040445     
  0.591629373206627     
  0.591485739445215     
  0.591332261899633     
  0.591183126877167     
  0.591039197585976     
  0.590900074138737     
  0.590755581252290     
  0.590609345815958     
  0.590448297906880     
  0.590249405477360     
  0.590109232976958     
  0.589970987340129     
  0.589859820402937     
  0.589789995548364     
  0.589622353773828     
  0.589430553783877     
  0.589240078032782     
  0.589056067759497     
  0.588892960633471     
  0.588734910685788     
  0.588573856197266     
  0.588403628099573     
  0.588224682362328     
  0.588052531844070     
  0.587899023667622     
