  0.386120671798595     
  0.386065807662978     
  0.386013001334282     
  0.385961748782321     
  0.385912362982596     
  0.385865309183086     
  0.385820170981009     
  0.385777111190351     
  0.385736225428283     
  0.385697521435721     
  0.385660932296171     
  0.385626218916371     
  0.385593790776967     
  0.385563366589377     
  0.385534913303290     
  0.385508272626084     
  0.385483422529859     
  0.385460270670479     
  0.385438699832855     
  0.385418666364866     
  0.385400055425608     
  0.385382851598381     
  0.385366927567812     
  0.385352206561513     
  0.385338608841060     
  0.385326061221881     
  0.385314491707655     
  0.385303830959337     
  0.385293943633604     
  0.385284922832731     
  0.385276635937754     
  0.385269016716765     
  0.385262009301922     
  0.385255575236801     
  0.385249655947695     
  0.385244208631115     
  0.385239193982793     
  0.385234572827974     
  0.385230303708059     
  0.385226361297232     
  0.385222710345666     
  0.385219328926316     
  0.385216189352357     
  0.385213274138969     
  0.385210562700567     
  0.385208037599315     
  0.385205684716038     
  0.385203477255361     
  0.385201434999657     
  0.385199532252227     
  0.385197775044304     
  0.385195982217589     
  0.385194447429435     
  0.385193015546018     
  0.385191676152807     
  0.385190421251066     
  0.385189245475664     
  0.385188147686791     
  0.385187127670588     
  0.385186174871534     
  0.385185290401722     
  0.385184466612621     
  0.385183703996422     
  0.385182995228088     
  0.385182338446810     
  0.385181729975266     
  0.385181169937315     
  0.385180649847456     
  0.385180171859338     
  0.385179732759346     
  0.385179323008548     
  0.385178950327006     
  0.385178609108574     
  0.385178295006194     
  0.385178006962248     
  0.385177743065394     
  0.385177502668824     
  0.385177285728461     
  0.385177089475578     
  0.385176906631286     
  0.385176745614599     
  0.385176597485176     
  0.385176466436004     
  0.385176346782609     
  0.385176243194582     
  0.385176148446555     
  0.385176065144446     
  0.385175991268722     
  0.385175925553655     
  0.385175870614490     
  0.385175821790527     
  0.385175780745261     
  0.385175748198998     
  0.385175718945434     
  0.385175697907133     
  0.385175681889763     
  0.385175671551406     
  0.385175668427470     
  0.385175669250588     
  0.385174697951032     
