  0.175700272088132     
  0.175700639075294     
  0.175704424073905     
  0.175717434379177     
  0.175747246444584     
  0.175802848116862     
  0.175894441241449     
  0.176033310243366     
  0.176231726228421     
  0.176502872922872     
  0.176860787206725     
  0.177320309981925     
  0.177897044681126     
  0.178607321616123     
  0.179468166909531     
  0.180497275102490     
  0.181712984764487     
  0.183134256592780     
  0.184780653603609     
  0.185906614019272     
  0.187168999921120     
  0.188421029671641     
  0.189581762486116     
  0.191211467415821     
  0.193255727358942     
  0.195144871079204     
  0.196257602153246     
  0.197943949459505     
  0.200299939102380     
  0.202029388110635     
  0.203917487924513     
  0.205617718667012     
  0.207138142231988     
  0.209610807838736     
  0.212485903804909     
  0.214877299682607     
  0.216719149676952     
  0.218792902279185     
  0.220930805331891     
  0.223251319347477     
  0.225483114063514     
  0.227513433631054     
  0.230035087494627     
  0.233561669369073     
  0.236811222371717     
  0.239277837985910     
  0.241968488901170     
  0.244452533013993     
  0.246851969675626     
  0.249522173931297     
  0.252372206479108     
  0.254907314376843     
  0.257470986915921     
  0.260385695106311     
  0.263344145134925     
  0.266142174832927     
  0.268967429339632     
  0.272039718964520     
  0.276430684758635     
  0.281109832801833     
  0.284604236314295     
  0.287954434921243     
  0.291504744339453     
  0.294953029006607     
  0.298621884680396     
  0.302432642604988     
  0.306112584348658     
  0.310038098138293     
  0.314113441864031     
  0.318091568482469     
  0.322386236836385     
  0.326773302683257     
  0.331230616945798     
  0.335826379846319     
  0.340539452754399     
  0.345425037971695     
  0.350354301384467     
  0.355484361403122     
  0.360746217772959     
  0.366145427690530     
  0.371720066275548     
  0.377422965235026     
  0.383233445896209     
  0.389248049293581     
  0.395390753036871     
  0.401728242573770     
  0.408231909728465     
  0.414920339303360     
  0.421786206436952     
  0.428814807235717     
  0.436015731873455     
  0.443385452217172     
  0.450907664397194     
  0.458620149247006     
  0.466508521863390     
  0.474574857325680     
  0.482825075984635     
  0.491281656225983     
  0.499930158275176     
  0.508788690121694     
  0.517841338265626     
  0.527108390338731     
  0.536591998276523     
  0.546286464192939     
  0.556173272629460     
  0.566271538761828     
  0.576587028724394     
  0.587122271683895     
  0.597881410377124     
  0.608860109040769     
  0.620062490136204     
  0.631494702754165     
  0.643150450419722     
  0.655036936100459     
  0.667147502898416     
  0.679473009603808     
  0.692050892180752     
  0.704870789892136     
  0.717940598331642     
  0.731264230961282     
  0.744844855469300     
  0.758688581750898     
  0.772787148615409     
  0.787166100131880     
  0.801801824399112     
  0.816701803213491     
  0.831867969413678     
  0.847310725259114     
  0.863032197733387     
  0.879034631414084     
  0.895321889535511     
  0.911896984306765     
  0.928765141210549     
  0.945927966424238     
  0.963389668946919     
  0.981150282042606     
  0.999213466321869     
   1.01758298551469     
   1.03626160349679     
   1.05524519423603     
   1.07452955428901     
   1.09414676316872     
   1.11407961570116     
   1.13433622950509     
   1.15492142416487     
   1.17583563119513     
   1.19708325434244     
   1.21866785550019     
   1.24059256958412     
   1.26286127660932     
   1.28547565271276     
   1.30843604808869     
   1.33175178383504     
   1.35542865088137     
   1.37946215244673     
   1.40385974217745     
   1.42862463630114     
   1.45375759442578     
   1.47926457386301     
   1.50514899627420     
   1.53141272468499     
   1.55806402833614     
   1.58508306273769     
   1.61250702208753     
   1.64032552938703     
   1.66853679831880     
   1.69716183998255     
   1.72619195322665     
   1.75563204791724     
   1.78549301745177     
   1.81576985077955     
   1.84646830700609     
   1.87759487556534     
   1.90914789205744     
   1.94113420255241     
   1.97356075777452     
   2.00642850404325     
   2.03974512021298     
   2.07351431129234     
   2.10773692701761     
   2.14242102357962     
   2.17756985597137     
   2.21318429731446     
   2.24927036775411     
   2.28582949403853     
   2.32286602803889     
   2.36038495285077     
   2.39838974946220     
   2.43688436148370     
   2.47587469992234     
   2.51536430964472     
   2.55535644663254     
   2.59585694366425     
   2.63686910147868     
   2.67839626542213     
   2.72044360420065     
   2.76301358995234     
   2.80610774813073     
   2.84973427933314     
   2.89389303061686     
   2.93279150652947     
   2.96997759325837     
   3.00747722927486     
   3.04529160303492     
   3.08342181107539     
   3.12298920796386     
   3.17052591444287     
   3.21867258866456     
   3.26739097399691     
   3.31663802211602     
   3.36646467303234     
   3.41687407265604     
   3.46783026816762     
   3.51937634812010     
   3.57151509877638     
   3.62421457276144     
   3.67750927392066     
   3.73140724585003     
   3.78588763180873     
   3.84096993937064     
   3.89666586856371     
   3.95296297450033     
   4.00987151453681     
   4.06740271662773     
   4.12555278871213     
   4.18432331582554     
   4.24372612275512     
   4.30376193203237     
   4.36442932882995     
   4.42573839478681     
   4.48769641693291     
   4.55030179745386     
   4.61356060121607     
   4.67748281322145     
   4.74206732028973     
   4.80732075286760     
   4.87325123486094     
   4.93985932090912     
   5.00714865807900     
   5.07512712795504     
   5.14379772690089     
   5.21316413432319     
   5.28323056386763     
   5.35400266730991     
   5.42548348004347     
   5.49767677223160     
   5.57058810421958     
   5.64421955962715     
   5.71857614623580     
   5.79366138454942     
   5.86948079807927     
   5.94603692859927     
   6.02333586350096     
   6.10138236197304     
   6.18018056466636     
   6.25973496572720     
   6.34005392123524     
   6.42114142893033     
   6.50300160541819     
   6.58563345706139     
   6.66904732216803     
   6.75324809741618     
   6.83823671739484     
   6.92401527477418     
   7.01059368238667     
   7.09797473077957     
   7.18616121292473     
   7.27515561471418     
   7.36496781555361     
   7.45560043897488     
   7.54705608599221     
   7.63933840773367     
   7.73245723016719     
   7.82641265824128     
   7.92120994023738     
   8.01685343115003     
   8.11334930153086     
   8.21070307159991     
   8.30891605924651     
   8.40799272268124     
   8.50794294586177     
   8.60877547132208     
   8.71048813509742     
   8.81308594028630     
   8.91245695003246     
   8.99455436645576     
   9.07716580856143     
   9.16029264913280     
   9.24393683750802     
   9.33977466892014     
   9.44797246204192     
   9.55697813651679     
   9.66691662530215     
   9.77806549685693     
   9.88988151533295     
   10.0024895902943     
   10.1160460422063     
   10.2307907237990     
   10.3462739591650     
   10.4625741371486     
   10.5798330647150     
   10.6982499299750     
   10.8174784398571     
   10.9375464845561     
   11.0585737379936     
   11.1807281083469     
   11.3037750739388     
   11.4276888125183     
   11.5525588679454     
   11.6785272624994     
   11.8054605857085     
   11.9332954664309     
   12.0620888823812     
   12.1919553579130     
   12.3228409414669     
   12.4546726804350     
   12.5874725536030     
   12.7213245890944     
   12.8562298267587     
   12.9921294507188     
   13.1290155042291     
   13.2669441864963     
   13.4059434510650     
   13.5459820255465     
   13.6870390556366     
   13.8291396436569     
   13.9723164904274     
   14.1165666742519     
   14.2618665522799     
   14.4082234335289     
   14.5556597808596     
   14.7041928425670     
   14.8538118463046     
   15.0045079661666     
   15.1562941755372     
   15.3091906192479     
   15.4631999995262     
   15.6183176802699     
   15.7745427081260     
   15.9318851756155     
   16.0903642911184     
   16.2499816800829     
   16.4107287901817     
   16.5726108397646     
   16.7356461040442     
   16.8998353812123     
   17.0651891583924     
   17.2317005782380     
   17.3993787678419     
   17.5682289571091     
   17.7382626873982     
   17.9094848253500     
   18.0818949252865     
   18.2554914145901     
   18.4302883824012     
   18.6062972132593     
   18.7835191023256     
   18.9619520646597     
   19.1416034711957     
   19.3224792607238     
   19.5045913566304     
   19.6879492817765     
   19.8725424081401     
   20.0583835135222     
   20.2454837730932     
   20.4338483730782     
   20.6234798349652     
   20.7784713171690     
   20.9305319894489     
   21.0833319914615     
   21.2368731026421     
   21.3947940339983     
   21.5910423482038     
   21.7888532020137     
   21.9879761445277     
   22.1884202261645     
   22.3901913371524     
   22.5931813655171     
   22.7975337354109     
   23.0032227304009     
   23.2102604224429     
   23.4186506351674     
   23.6283021458014     
   23.8393353651408     
   24.0517326734899     
   24.2655027878212     
   24.4806511981658     
   24.6971086503774     
   24.9149600286060     
   25.1342053049751     
   25.3548476969264     
   25.5768960596879     
   25.8002977989157     
   26.0251102569572     
   26.2513417219283     
   26.4789985633487     
   26.7080869849781     
   26.9385762763914     
   27.1704909737778     
   27.4038529623386     
   27.6386672404029     
   27.8749371091707     
   28.1126558782408     
   28.3518289583262     
   28.5924648674771     
   28.8345833924612     
   29.0781851033294     
   29.3232704725880     
   29.5698397217004     
   29.8178968190869     
   30.0674602370225     
   30.3185348408462     
   30.5711308680042     
   30.8252398857488     
   31.0808626492982     
   31.3380122014860     
   31.5967020803608     
   31.8569424436329     
   32.1187303484083     
   32.3820601944423     
   32.6469420093403     
   32.9133889714750     
   33.1814099420144     
   33.4510083642386     
   33.7221878386076     
   33.9949453846727     
   34.2692876628390     
   34.5452339423979     
   34.8227829642229     
   35.1019490684838     
   35.3827259464248     
   35.6651142251861     
   35.9491276150502     
   36.2347743440180     
   36.5220681155262     
   36.8110047050772     
   37.1015907759016     
   37.3938223928410     
   37.6877207624580     
   37.9832857671375     
   38.2805312226965     
   38.5794568061079     
   38.8800653469398     
   39.1823613361723     
   39.4863474591126     
   39.7920456615590     
   40.0994552053637     
   40.4085864229233     
   40.7194308679326     
   41.0320027233424     
   41.3340290635136     
   41.5832054906268     
   41.8333722488507     
   42.0845312886543     
   42.3366844856065     
   42.6211473147004     
   42.9442617380839     
   43.2696625110959     
   43.5971064412888     
   43.9263604377212     
   44.2574321372872     
   44.5901991581812     
   44.9241692674691     
   45.2603132974025     
   45.5984854128386     
   45.9385128203646     
   46.2803907850995     
   46.6240006240777     
   46.9689582284226     
   47.3160306346227     
   47.6651614726487     
   48.0161892360064     
   48.3691217258302     
   48.7238404858875     
   49.0800435669913     
   49.4382929979358     
   49.7986278797383     
   50.1609235007774     
   50.5251461333504     
   50.8912271115339     
   51.2589388131065     
   51.6286461464981     
   52.0004471512337     
   52.3742702922401     
   52.7500820922262     
   53.1278182970426     
   53.5073304377089     
   53.8888009042878     
   54.2724067624267     
   54.6580975828208     
   55.0458227760237     
   55.4355281600392     
   55.8271380981458     
   56.2207933646955     
   56.6165879259725     
   57.0145025815857     
   57.4145916158948     
   57.8167763889246     
   58.2211254071439     
   58.6276088179923     
