  0.451039385254932     
  0.450450772298279     
  0.449946746991036     
  0.449514894480194     
  0.449143844371714     
  0.448821826365055     
  0.448544241240962     
  0.448305411890107     
  0.448098520075957     
  0.447918207180741     
  0.447760233533568     
  0.447620589128237     
  0.447496918094061     
  0.447387021565106     
  0.447289044532321     
  0.447201377597191     
  0.447122808162804     
  0.447052238120066     
  0.446988744439190     
  0.446931518950466     
  0.446879830561082     
  0.446832947560194     
  0.446790647385737     
  0.446752370695525     
  0.446717697755993     
  0.446686269313496     
  0.446657760967455     
  0.446631908170494     
  0.446608449330986     
  0.446587109737913     
  0.446567635993032     
  0.446549968173622     
  0.446533911960379     
  0.446519339686445     
  0.446506103182376     
  0.446494098496680     
  0.446483223110576     
  0.446473380188617     
  0.446464480732103     
  0.446456453340648     
  0.446449215389652     
  0.446442702739005     
  0.446436854905317     
  0.446431615590439     
  0.446426933581101     
  0.446422761527021     
  0.446419056090452     
  0.446415629773091     
  0.446412708246609     
  0.446410151517950     
  0.446407922378098     
  0.446405698883070     
  0.446403841633821     
  0.446402163129910     
  0.446400657246929     
  0.446399343677492     
  0.446398206433432     
  0.446397232080252     
  0.446396420726934     
  0.446395765247003     
  0.446395244623208     
  0.446394841220823     
  0.446394539681004     
  0.446394325712031     
  0.446394185376423     
  0.446394108082725     
  0.446394083578909     
  0.446394103360279     
  0.446394159150383     
  0.446394244854196     
  0.446394355948412     
  0.446394486723239     
  0.446394633780805     
  0.446394793115869     
  0.446394962125703     
  0.446395137933720     
  0.446395318799517     
  0.446395502845065     
  0.446395687671787     
  0.446395872016259     
  0.446396054285199     
  0.446396233155742     
  0.446396407986281     
  0.446396577818261     
  0.446396741846638     
  0.446396899451987     
  0.446397050944236     
  0.446397194982726     
  0.446397330793306     
  0.446397459077572     
  0.446397578396157     
  0.446397688760121     
  0.446397789964221     
  0.446397881579726     
  0.446397962506715     
  0.446398032498592     
  0.446398092003315     
  0.446398140554278     
  0.446398179492333     
  0.000000000000000E+000
