  0.604365590528728     
  0.604481124681505     
  0.604581392054269     
  0.604668924693666     
  0.604742978430662     
  0.604804742528655     
  0.604856716908452     
  0.604899556361072     
  0.604934986893759     
  0.604964250508517     
  0.604988368384919     
  0.605008330423266     
  0.605024481971035     
  0.605037549890022     
  0.605048075044424     
  0.605056492931681     
  0.605063125039564     
  0.605068274099200     
  0.605072212540322     
  0.605075125004383     
  0.605077177385580     
  0.605078450533471     
  0.605079160458806     
  0.605079382996757     
  0.605079233141540     
  0.605078775048101     
  0.605078048191681     
  0.605077109513652     
  0.605076049115291     
  0.605074820833105     
  0.605073501292703     
  0.605072105888857     
  0.605070662853439     
  0.605069182241640     
  0.605067680130812     
  0.605066181927784     
  0.605064690132304     
  0.605063217114571     
  0.605061752826801     
  0.605060315144163     
  0.605058911936877     
  0.605057540372125     
  0.605056216716840     
  0.605054927844853     
  0.605053688876773     
  0.605052497980768     
  0.605051357769936     
  0.605050271399487     
  0.605049242650191     
  0.605048282175078     
  0.605047548945121     
  0.605046710596071     
  0.605045855291571     
  0.605045000086525     
  0.605044137547325     
  0.605043308217341     
  0.605042495435351     
  0.605041700543405     
  0.605040901319566     
  0.605040116334238     
  0.605039345787650     
  0.605038588429306     
  0.605037841233789     
  0.605037122752965     
  0.605036417416213     
  0.605035736126217     
  0.605035082443753     
  0.605034453626122     
  0.605033845764882     
  0.605033260187234     
  0.605032703897053     
  0.605032166957316     
  0.605031651971297     
  0.605031160598190     
  0.605030694117323     
  0.605030246305456     
  0.605029827994725     
  0.605029429885573     
  0.605029052252042     
  0.605028702093745     
  0.605028367197465     
  0.605028055502684     
  0.605027761642218     
  0.605027488659470     
  0.605027231379202     
  0.605026993737363     
  0.605026775207458     
  0.605026573994485     
  0.605026389815900     
  0.605026218496747     
  0.605026064523514     
  0.605025926924582     
  0.605025800082737     
  0.605025693185031     
  0.605025600051816     
  0.605025521451822     
  0.605025458040188     
  0.605025410788102     
  0.605025402798901     
  0.605025771061122     
