  7.984497316015550E-002
  4.173571016735000E-002
  3.211902373024232E-008
  7.094286202010987E-006
  1.747441987097915E-007
  3.788963810327302E-005
  9.572063089100479E-005
  1.330025600492526E-004
  1.056579566277923E-004
  3.269632222943010E-004
  8.456939832273127E-005
  3.611016995138980E-004
  1.222799305380691E-004
  6.083232639073499E-004
  2.183429192854657E-004
  5.426142614235835E-004
  5.814785363890194E-004
  5.540804450083402E-004
  4.175155111595412E-004
  2.276276238228275E-004
  3.340249837242153E-004
  5.842140311466432E-004
  6.263641592989898E-004
  5.447324876718531E-004
  5.266912513761843E-004
  4.571619200494044E-004
  4.132108772231147E-004
  5.486875014226070E-004
  5.966110346658284E-004
  6.388308045175824E-004
  5.661166123587046E-004
  5.105272328849036E-004
  5.322536990064317E-004
  5.660872599278464E-004
  6.046650530358868E-004
  5.846651293177094E-004
  5.466691526512368E-004
  5.551367361239705E-004
  6.365790663784642E-004
  6.223813424078586E-004
  5.872444804865633E-004
  5.693887246832835E-004
  6.116233818885886E-004
  5.945682688078407E-004
  5.800567726742460E-004
  6.010780788054197E-004
  6.341339984368979E-004
  6.236340511309057E-004
  6.189003469992256E-004
  6.370999988757295E-004
  6.537358728391693E-004
  6.519584323924235E-004
  6.603515990003267E-004
  6.642641060507351E-004
  6.716717984810001E-004
  6.844925698282598E-004
  6.867365630332559E-004
  6.609364563098280E-004
  6.643529582134941E-004
  6.682359319526369E-004
  6.692532998178321E-004
  6.789432914839572E-004
  6.835714164526510E-004
  6.817319491491216E-004
  6.890580676974575E-004
  6.923885842523606E-004
  6.941128424347527E-004
  7.014048013898980E-004
  7.036714713828586E-004
  7.057678222916064E-004
  7.087171728761632E-004
  7.111226312067386E-004
  7.158173518631576E-004
  7.176264863000346E-004
  7.217960043593902E-004
  7.247492029669743E-004
  7.271524045322445E-004
  7.291252101256700E-004
  7.306106558006491E-004
  7.357859084748542E-004
  7.347745608113230E-004
  7.336786548584168E-004
  7.545563239369595E-004
  7.109985763897430E-004
  7.836608129437651E-004
  7.059668388140349E-004
  6.981916379279363E-004
  6.953822626920548E-004
  6.943593604250578E-004
  6.925247218212151E-004
  6.913529977966949E-004
  6.908740906968907E-004
  6.887090300785224E-004
  6.892045421026708E-004
  6.848367605886128E-004
  6.901319847705534E-004
  6.740074578749063E-004
  6.994045393076305E-004
  6.511777970485092E-004
  7.138422110468906E-004
  6.408096746467690E-004
  6.307601334121179E-004
  6.268964816679040E-004
  6.191147078163576E-004
  6.214003994308126E-004
  6.031117829720934E-004
  6.248243486975477E-004
  5.772033526536204E-004
  6.332816743771116E-004
  5.640901569708443E-004
  5.565043791695421E-004
  5.435502384643514E-004
  5.478871295823304E-004
  5.253745363350465E-004
  5.402592304486323E-004
  5.201122099066161E-004
  4.858913398134115E-004
  4.860588685381764E-004
  4.618792134923709E-004
  4.789346180932178E-004
  4.487663541576593E-004
  4.324214473578969E-004
  4.074733225567399E-004
  4.201602004355694E-004
  3.982754557539598E-004
  3.666301381717223E-004
  3.687944215213405E-004
  3.566913200525832E-004
  3.261766364034740E-004
  3.272395526118219E-004
  3.034383125693341E-004
  2.920973806828435E-004
  2.755372340148875E-004
  2.616589900740233E-004
  2.460144603114266E-004
  2.314839776499867E-004
  2.168457054174097E-004
  2.024555885875562E-004
  1.883847964643108E-004
  1.746390330445459E-004
  1.612494009743546E-004
  1.482784323972214E-004
  1.357726026075678E-004
  1.238872469381365E-004
  1.127366181210869E-004
  1.022397883611663E-004
  9.260853296264013E-005
  8.383193795658669E-005
  7.585278878293487E-005
  6.925118907101414E-005
  6.377689287009450E-005
  5.976279531486878E-005
  5.688960954859064E-005
  5.432044958503174E-005
  5.193689571466384E-005
  4.970186517508657E-005
  4.759903763932543E-005
  4.563438147628210E-005
  4.379819823943046E-005
  4.205042883029298E-005
  4.040541247561501E-005
  3.884360379990747E-005
  3.735933589167003E-005
  3.594846983674441E-005
  3.459037810878260E-005
  3.328824948980937E-005
  3.204823126949262E-005
  3.086262027935845E-005
  2.972127701382438E-005
  2.862953708757250E-005
  2.758269193091277E-005
  2.657414692297045E-005
  2.561629182285114E-005
  2.469290553432840E-005
  2.379476720212293E-005
  2.295034340576586E-005
  2.213531912682400E-005
  2.134190752515821E-005
  2.059888318908183E-005
  1.986785722547670E-005
  1.915428097290180E-005
  1.850010473451701E-005
  1.783915599546144E-005
  1.719466269417740E-005
  1.661804070008630E-005
  1.601720439373003E-005
  1.544225835834962E-005
  1.493841963972881E-005
  1.438452823560015E-005
  1.386551410888635E-005
  1.342825055677708E-005
  1.291729047443735E-005
  1.245076859016510E-005
  1.206937563609672E-005
  1.159073129505936E-005
  1.117270765842299E-005
  1.084433595482149E-005
  1.039655443240378E-005
  1.001868898249796E-005
  9.736431043204120E-006
  9.399623013847664E-006
  9.080122383223474E-006
  8.832496387710204E-006
  8.522888842520457E-006
  8.220620833657764E-006
  7.929248326879442E-006
  7.650366813158047E-006
  7.377731986560316E-006
  7.115652083910432E-006
  6.866066134297101E-006
  6.623765973687411E-006
  6.388195589572829E-006
  6.160269508669248E-006
  5.941181350565761E-006
  5.730297969667817E-006
  5.526101499373740E-006
  5.328623084067852E-006
  5.138649073617197E-006
  4.955451260425768E-006
  4.778465588424110E-006
  4.607793791087736E-006
  4.442844424356283E-006
  4.283713825300046E-006
  4.130532107256234E-006
  3.983040086268910E-006
  3.840227409591654E-006
  3.701863239265197E-006
  3.568070466460335E-006
  3.439735414099543E-006
  3.315885441170513E-006
  3.195253105031784E-006
  3.079527433733193E-006
  2.968960899694070E-006
  2.860794210445055E-006
  2.756653691582333E-006
  2.657443436020527E-006
  2.561670256336459E-006
  2.468435602769297E-006
  2.378363621964173E-006
  2.291829710906989E-006
  2.208038416535799E-006
  2.127027654845969E-006
  2.049415982898452E-006
  1.974620275007207E-006
  1.901597477439441E-006
  1.831758772589138E-006
  1.764950159354350E-006
  1.700109468446626E-006
  1.636548846898494E-006
  1.577028997616909E-006
  1.519181834384209E-006
  1.462771381817038E-006
  1.408761217948232E-006
  1.356733674710296E-006
  1.306183352083858E-006
  1.257407770532679E-006
  1.211091686971001E-006
  1.166024261518940E-006
  1.122278697331246E-006
  1.080217759462110E-006
  1.040662381435109E-006
  1.001513510897665E-006
  9.638104358719771E-007
  9.281401557749593E-007
  8.945499441444526E-007
  8.601991173996759E-007
  8.272410957669428E-007
  7.968159554180038E-007
  7.682608075656190E-007
  7.379130676474760E-007
  7.094914892212104E-007
  6.836989867252284E-007
  6.594817163309687E-007
  6.325411403355629E-007
  6.082682636611808E-007
  5.864205042273395E-007
  5.658853007911669E-007
  5.418789791648244E-007
  5.213977753458002E-007
  5.028671792828736E-007
  4.853051755889749E-007
  4.643621668987051E-007
  4.468528674606101E-007
  4.305521444407154E-007
  4.167567705096791E-007
  4.025505002140699E-007
  3.872279769207544E-007
  3.728212810338917E-007
  3.587148172738982E-007
  3.449265340207784E-007
  3.317620768870321E-007
  3.191161670405832E-007
  3.068981397191825E-007
  2.950730816070435E-007
  2.837769956027292E-007
  2.729158769607080E-007
  2.624214777059586E-007
  2.522872153561314E-007
  2.426055630291129E-007
  2.332911373724159E-007
  2.242765959660303E-007
  2.155903161566782E-007
  2.073010344086662E-007
  1.993277754141304E-007
  1.915881827471941E-007
  1.841316961987386E-007
  1.770348826867383E-007
  1.702270751283660E-007
  1.635914912556127E-007
  1.571846622175541E-007
  1.511018429937948E-007
  1.453082849523558E-007
  1.396302249882117E-007
  1.341263756371643E-007
  1.288885700599564E-007
  1.239797978226422E-007
  1.191695456774217E-007
  1.145278272293052E-007
  1.099908958391595E-007
  1.057110532285802E-007
  1.016797557430306E-007
  9.771298033174465E-008
  9.388593471785682E-008
  9.019552575122406E-008
  8.663752465634907E-008
  8.325994250535293E-008
  7.999421163878854E-008
  7.681647365373949E-008
  7.377457059136178E-008
  7.087610611757807E-008
  6.808977637728355E-008
  6.539540402481506E-008
  6.278687942016981E-008
  6.028545307234404E-008
  5.790793163990223E-008
  5.560017309301166E-008
  5.341467244490830E-008
  5.128453945402163E-008
  4.920766807189275E-008
  4.723252887072532E-008
  4.533756379542558E-008
  4.356509315882192E-008
  4.179601226653585E-008
  4.008371016742409E-008
  3.847369631295033E-008
  3.692071843532237E-008
  3.549910021983246E-008
  3.401302105692399E-008
  3.260723177654242E-008
  3.129788338267266E-008
  3.002732075712195E-008
  2.890071590213075E-008
  2.763733366523026E-008
  2.649245057249468E-008
  2.542790664732333E-008
  2.439036753441452E-008
  2.350748798950033E-008
  2.242177044558153E-008
  2.149735703217003E-008
  2.063059209994116E-008
  1.979264816530051E-008
  1.910629993423645E-008
  1.818124942232421E-008
  1.742665231264141E-008
  1.671303784620780E-008
  1.604480698358824E-008
  1.552083547346470E-008
  1.487783959537506E-008
  1.425677234169184E-008
  1.365863547657823E-008
  1.309272534213204E-008
  1.255284819833485E-008
  1.202906295244994E-008
  1.152380381373240E-008
  1.103543788737556E-008
  1.057506826712241E-008
  1.013663734280837E-008
  9.709909258378013E-009
  9.298912029805502E-009
  8.901432720298908E-009
  8.528695094638247E-009
  8.174271758939136E-009
  7.826890813188666E-009
  7.493218724167933E-009
  7.169290976974851E-009
  6.867364386498836E-009
  6.583269738255887E-009
  6.306445783595916E-009
  6.036941210094499E-009
  5.771225125177990E-009
  5.521766667957123E-009
  5.292673432642435E-009
  5.068825895908156E-009
  4.851754722768079E-009
  4.637778022028623E-009
  4.434679993444748E-009
  4.250368818042067E-009
  4.069150487610846E-009
  3.892715218736781E-009
  3.718875008628906E-009
  3.555794991347928E-009
  3.405152791782053E-009
  3.261294842345605E-009
  3.121785329326175E-009
  2.979988827388322E-009
  2.843857604892838E-009
  2.722306043707445E-009
  2.608551784714409E-009
  2.497997828652463E-009
  2.386534091226225E-009
  2.276221887507573E-009
  2.172462359229678E-009
  2.079305442868348E-009
  1.993293821769291E-009
  1.906861021768928E-009
  1.817859782478513E-009
  1.731812734030148E-009
  1.654243547233998E-009
  1.585482101827935E-009
  1.520401032894712E-009
  1.451532016816159E-009
  1.379948543769684E-009
  1.313566418646005E-009
  1.256259888227591E-009
  1.206712891759106E-009
  1.157191365766697E-009
  1.101129405909363E-009
  1.043376357746844E-009
  9.930070446626009E-010
  9.516191185474980E-010
  9.169336922746716E-010
  8.790525564215204E-010
  8.326528475935752E-010
  7.858151013539757E-010
  7.484092803063995E-010
  7.189442954081837E-010
  6.953113588900563E-010
  6.661126102796900E-010
  6.281981466452180E-010
  5.892360150249748E-010
  5.615751340955633E-010
  5.410858164065610E-010
  5.257417727770777E-010
  5.041975635885997E-010
  4.728412656871258E-010
  4.399728193979609E-010
  4.189762457401893E-010
  4.052512419129510E-010
  3.963029333236707E-010
  3.806429495066140E-010
  3.550792642033581E-010
  3.302117164307859E-010
  3.142160450784406E-010
  3.055669918553915E-010
  2.988489112435184E-010
  2.860336688207141E-010
  2.646061732090481E-010
  2.434546274264259E-010
  2.310610507234965E-010
  2.260177037191131E-010
  2.233167620745299E-010
  2.148930221847795E-010
  1.966635719917977E-010
  1.776989321227301E-010
  1.673881687405788E-010
  1.647924627307289E-010
  1.656906791218203E-010
  1.618066502006284E-010
  1.464317553218388E-010
  1.281089051545683E-010
  1.185150019538664E-010
  1.171744369823468E-010
  1.209721056218426E-010
  1.227744747043689E-010
  1.105803903654078E-010
  9.128512020821727E-011
  8.116040589127169E-011
  8.007730120486444E-011
  8.466650792194803E-011
  9.279600343001503E-011
  8.619836472447178E-011
  6.534346778443779E-011
  5.262380851046717E-011
  5.181453663503135E-011
  5.440486591319359E-011
  6.605722091001719E-011
  7.168039010423929E-011
  4.905514013452760E-011
  3.149447521689495E-011
  2.872091175298179E-011
  3.405084566498282E-011
  3.418263838396817E-011
  6.121212878971895E-011
  4.582837675419341E-011
  1.514665848535089E-011
  1.263519637022935E-011
  1.266802220281921E-011
  2.311902938327747E-011
  1.207202736199271E-011
  7.389515016494031E-011
