  0.582104125318130     
  0.582868053721495     
  0.583522094266054     
  0.584078233006681     
  0.584553642273742     
  0.584964430162901     
  0.585314984352558     
  0.585612672744272     
  0.585866348717220     
  0.586083464138493     
  0.586270092503195     
  0.586431628946966     
  0.586571778860033     
  0.586694067732594     
  0.586801022573114     
  0.586894980280827     
  0.586977712809901     
  0.587050801661042     
  0.587115550800022     
  0.587173074158071     
  0.587224399465054     
  0.587270601129885     
  0.587311837022095     
  0.587348850319084     
  0.587382194745656     
  0.587412311299814     
  0.587439584099012     
  0.587464322121199     
  0.587486813815231     
  0.587507407760763     
  0.587526327378598     
  0.587543650677229     
  0.587559552189731     
  0.587574158955238     
  0.587587600730796     
  0.587599968034901     
  0.587611345044135     
  0.587621813203399     
  0.587631442540090     
  0.587640293402742     
  0.587648430544271     
  0.587655904138096     
  0.587662763631822     
  0.587669052204784     
  0.587674810948370     
  0.587680077988976     
  0.587684887633943     
  0.587689283145992     
  0.587693282055526     
  0.587696916778674     
  0.587700236660486     
  0.587703731548660     
  0.587706695437650     
  0.587709465900785     
  0.587712005277975     
  0.587714307535151     
  0.587716385935075     
  0.587718261138465     
  0.587719938780741     
  0.587721421289102     
  0.587722729703332     
  0.587723881958659     
  0.587724894203181     
  0.587725782797172     
  0.587726561534078     
  0.587727243190617     
  0.587727839903828     
  0.587728360636997     
  0.587728815318993     
  0.587729211116160     
  0.587729553498308     
  0.587729849919858     
  0.587730104861394     
  0.587730323550512     
  0.587730509918039     
  0.587730667205292     
  0.587730799822440     
  0.587730909761565     
  0.587731000356747     
  0.587731073727576     
  0.587731132464526     
  0.587731178886640     
  0.587731214419219     
  0.587731240538454     
  0.587731259262996     
  0.587731271472689     
  0.587731277759810     
  0.587731280165447     
  0.587731279752769     
  0.587731276554744     
  0.587731272558222     
  0.587731268165961     
  0.587731263791538     
  0.587731260729981     
  0.587731260198380     
  0.587731262739345     
  0.587731268095624     
  0.587731277310142     
  0.587731291060176     
  0.000000000000000E+000
