  0.417895874681870     
  0.417131946278505     
  0.416477905733946     
  0.415921766993319     
  0.415446357726258     
  0.415035569837099     
  0.414685015647442     
  0.414387327255728     
  0.414133651282780     
  0.413916535861507     
  0.413729907496805     
  0.413568371053034     
  0.413428221139967     
  0.413305932267406     
  0.413198977426886     
  0.413105019719173     
  0.413022287190099     
  0.412949198338958     
  0.412884449199978     
  0.412826925841929     
  0.412775600534946     
  0.412729398870115     
  0.412688162977905     
  0.412651149680916     
  0.412617805254344     
  0.412587688700186     
  0.412560415900988     
  0.412535677878800     
  0.412513186184768     
  0.412492592239237     
  0.412473672621402     
  0.412456349322771     
  0.412440447810269     
  0.412425841044762     
  0.412412399269204     
  0.412400031965099     
  0.412388654955864     
  0.412378186796601     
  0.412368557459910     
  0.412359706597258     
  0.412351569455729     
  0.412344095861904     
  0.412337236368178     
  0.412330947795216     
  0.412325189051630     
  0.412319922011024     
  0.412315112366058     
  0.412310716854008     
  0.412306717944474     
  0.412303083221326     
  0.412299763339514     
  0.412296268451340     
  0.412293304562350     
  0.412290534099215     
  0.412287994722025     
  0.412285692464849     
  0.412283614064925     
  0.412281738861535     
  0.412280061219259     
  0.412278578710898     
  0.412277270296668     
  0.412276118041341     
  0.412275105796819     
  0.412274217202828     
  0.412273438465922     
  0.412272756809383     
  0.412272160096172     
  0.412271639363003     
  0.412271184681007     
  0.412270788883840     
  0.412270446501692     
  0.412270150080142     
  0.412269895138606     
  0.412269676449488     
  0.412269490081961     
  0.412269332794708     
  0.412269200177559     
  0.412269090238435     
  0.412268999643253     
  0.412268926272424     
  0.412268867535474     
  0.412268821113360     
  0.412268785580780     
  0.412268759461546     
  0.412268740737004     
  0.412268728527311     
  0.412268722240190     
  0.412268719834553     
  0.412268720247231     
  0.412268723445256     
  0.412268727441778     
  0.412268731834039     
  0.412268736208462     
  0.412268739270019     
  0.412268739801620     
  0.412268737260654     
  0.412268731904376     
  0.412268722689858     
  0.412268708939824     
  0.000000000000000E+000
