  2.117789487653467E-002
  2.117727349888789E-002
  2.117861572631499E-002
  2.118235475451606E-002
  2.118752743578635E-002
  2.119373478307277E-002
  2.120074202816945E-002
  2.120830617431943E-002
  2.121622216255663E-002
  2.122432661474748E-002
  2.123244692022637E-002
  2.124049438326736E-002
  2.124837692068750E-002
  2.125607033294068E-002
  2.126352240973046E-002
  2.127069642157016E-002
  2.127756409988008E-002
  2.128410312740002E-002
  2.129030400656677E-002
  2.129615446105158E-002
  2.130165782591829E-002
  2.130679860728883E-002
  2.131161567813213E-002
  2.131611177310355E-002
  2.132029044518276E-002
  2.132416634038022E-002
  2.132775678380210E-002
  2.133107708731309E-002
  2.133414720398938E-002
  2.133695510142938E-002
  2.133952943397054E-002
  2.134189790810719E-002
  2.134407506109223E-002
  2.134607451082265E-002
  2.134791309179905E-002
  2.134960192534810E-002
  2.135115412499250E-002
  2.135258171241101E-002
  2.135389987888883E-002
  2.135511543198144E-002
  2.135623772122380E-002
  2.135727580830445E-002
  2.135823545515454E-002
  2.135912500770533E-002
  2.135994921669589E-002
  2.136071291814994E-002
  2.136142105497445E-002
  2.136207781501884E-002
  2.136268329185120E-002
  2.136324119644169E-002
  2.136372006905295E-002
  2.136417811486582E-002
  2.136461247044658E-002
  2.136502281782604E-002
  2.136541329147704E-002
  2.136578162557298E-002
  2.136613161973390E-002
  2.136646297997769E-002
  2.136677898368007E-002
  2.136707765368141E-002
  2.136735968292590E-002
  2.136762685184961E-002
  2.136787973504545E-002
  2.136811735532436E-002
  2.136834203288111E-002
  2.136855345050553E-002
  2.136875122979411E-002
  2.136893715727792E-002
  2.136911163567774E-002
  2.136927519132988E-002
  2.136942875862111E-002
  2.136957278194200E-002
  2.136970748155052E-002
  2.136983338785928E-002
  2.136995088584881E-002
  2.137006134055730E-002
  2.137016302387247E-002
  2.137025725815361E-002
  2.137034474143566E-002
  2.137042588310362E-002
  2.137050107460299E-002
  2.137057046429444E-002
  2.137063453086215E-002
  2.137069396354804E-002
  2.137074846675371E-002
  2.137079864810242E-002
  2.137084462063255E-002
  2.137088687565604E-002
  2.137092583850483E-002
  2.137096153793339E-002
  2.137099431918063E-002
  2.137102436167167E-002
  2.137105214444737E-002
  2.137107739657665E-002
  2.137110080254967E-002
  2.137112247222787E-002
  2.137114264002027E-002
  2.137116093957846E-002
  2.137117403627009E-002
  2.137172339988126E-002
