  0.999999996032049     
  0.999999996028402     
  0.999999996025041     
  0.999999996021972     
  0.999999996019198     
  0.999999996016680     
  0.999999996014431     
  0.999999996012449     
  0.999999996010724     
  0.999999996009231     
  0.999999996007944     
  0.999999996006855     
  0.999999996005929     
  0.999999996005134     
  0.999999996004458     
  0.999999996003886     
  0.999999996003404     
  0.999999996002999     
  0.999999996002663     
  0.999999996002386     
  0.999999996002160     
  0.999999996001978     
  0.999999996001833     
  0.999999996001719     
  0.999999996001633     
  0.999999996001570     
  0.999999996001525     
  0.999999996001497     
  0.999999996001482     
  0.999999996001478     
  0.999999996001485     
  0.999999996001498     
  0.999999996001516     
  0.999999996001538     
  0.999999996001563     
  0.999999996001589     
  0.999999996001617     
  0.999999996001645     
  0.999999996001674     
  0.999999996001702     
  0.999999996001730     
  0.999999996001756     
  0.999999996001782     
  0.999999996001806     
  0.999999996001829     
  0.999999996001850     
  0.999999996001870     
  0.999999996001896     
  0.999999996001915     
  0.999999996001931     
  0.999999996001946     
  0.999999996001960     
  0.999999996001973     
  0.999999996001986     
  0.999999996001999     
  0.999999996002011     
  0.999999996002022     
  0.999999996002033     
  0.999999996002041     
  0.999999996002049     
  0.999999996002055     
  0.999999996002061     
  0.999999996002066     
  0.999999996002070     
  0.999999996002074     
  0.999999996002077     
  0.999999996002079     
  0.999999996002081     
  0.999999996002083     
  0.999999996002084     
  0.999999996002085     
  0.999999996002086     
  0.999999996002087     
  0.999999996002087     
  0.999999996002087     
  0.999999996002087     
  0.999999996002087     
  0.999999996002087     
  0.999999996002087     
  0.999999996002086     
  0.999999996002086     
  0.999999996002085     
  0.999999996002084     
  0.999999996002084     
  0.999999996002083     
  0.999999996002082     
  0.999999996002081     
  0.999999996002081     
  0.999999996002080     
  0.999999996002079     
  0.999999996002078     
  0.999999996002077     
  0.999999996002076     
  0.999999996002075     
  0.999999996002074     
  0.999999996002073     
  0.999999996002072     
  0.999999996002071     
  0.999999996002070     
  0.000000000000000E+000
