  0.130376159941671     
  0.130376076622580     
  0.130374326350412     
  0.130371471765026     
  0.130368287328433     
  0.130365182017702     
  0.130362106758826     
  0.130359192995912     
  0.130356436471564     
  0.130353827034214     
  0.130351356762494     
  0.130348892883270     
  0.130346705073654     
  0.130344621092126     
  0.130342661837383     
  0.130340790054614     
  0.130339025757780     
  0.130337358160746     
  0.130335771894448     
  0.130334285977961     
  0.130332872502633     
  0.130331572739202     
  0.130330347328385     
  0.130329198975876     
  0.130328124670419     
  0.130327124432504     
  0.130326194575591     
  0.130325333679569     
  0.130324498450097     
  0.130323770152585     
  0.130323101698603     
  0.130322486396564     
  0.130321921679718     
  0.130321407365641     
  0.130320937133067     
  0.130320509718989     
  0.130320120220678     
  0.130319765605506     
  0.130319441695931     
  0.130319146150064     
  0.130318874931647     
  0.130318626115456     
  0.130318396769933     
  0.130318184753971     
  0.130317988773610     
  0.130317806771473     
  0.130317637360128     
  0.130317477000791     
  0.130317329022741     
  0.130317191443582     
  0.130317064116688     
  0.130316915643707     
  0.130316786653703     
  0.130316667918924     
  0.130316562163303     
  0.130316455640672     
  0.130316357251173     
  0.130316261296871     
  0.130316174247832     
  0.130316092098111     
  0.130316014458434     
  0.130315943561798     
  0.130315877351117     
  0.130315815782712     
  0.130315758800905     
  0.130315705975378     
  0.130315656673818     
  0.130315610859664     
  0.130315568870319     
  0.130315530222402     
  0.130315492970079     
  0.130315459498383     
  0.130315428818397     
  0.130315400205772     
  0.130315373757968     
  0.130315349275510     
  0.130315326363942     
  0.130315305847140     
  0.130315287359723     
  0.130315268808592     
  0.130315252663312     
  0.130315237737926     
  0.130315224451476     
  0.130315212072236     
  0.130315200930289     
  0.130315190777151     
  0.130315181720490     
  0.130315173341096     
  0.130315165551076     
  0.130315158867620     
  0.130315152945759     
  0.130315147808844     
  0.130315143676381     
  0.130315139424403     
  0.130315136588101     
  0.130315134226445     
  0.130315132486372     
  0.130315131559893     
  0.130315130363831     
  0.130314952904014     
