  2.192401187312190E-002
  2.187952377973656E-002
  2.184272865128244E-002
  2.181195920216235E-002
  2.178649021266788E-002
  2.176527499103074E-002
  2.174768509374884E-002
  2.173321644563559E-002
  2.172127294318808E-002
  2.171139177603272E-002
  2.170319860908099E-002
  2.169639314196499E-002
  2.169072928973769E-002
  2.168601181209037E-002
  2.168208148835606E-002
  2.167880992272797E-002
  2.167609360617738E-002
  2.167384599914376E-002
  2.167199489197037E-002
  2.167047982286958E-002
  2.166925050241847E-002
  2.166826320406517E-002
  2.166748251981801E-002
  2.166687728724748E-002
  2.166642072401525E-002
  2.166609028831090E-002
  2.166586651777785E-002
  2.166573393923883E-002
  2.166567808987992E-002
  2.166568496464082E-002
  2.166574388966620E-002
  2.166584575460160E-002
  2.166598242716810E-002
  2.166614798033807E-002
  2.166633564740558E-002
  2.166654096241178E-002
  2.166675991395939E-002
  2.166698888538408E-002
  2.166722492260646E-002
  2.166746570620064E-002
  2.166770849007274E-002
  2.166795158919701E-002
  2.166819345637121E-002
  2.166843289721516E-002
  2.166866880420875E-002
  2.166890026397811E-002
  2.166912656330693E-002
  2.166934709539364E-002
  2.166956119504491E-002
  2.166976836019302E-002
  2.166996670997305E-002
  2.167015802231528E-002
  2.167034218934020E-002
  2.167051915827303E-002
  2.167068902669843E-002
  2.167085166346882E-002
  2.167100726641306E-002
  2.167115628990629E-002
  2.167130002905028E-002
  2.167143893073450E-002
  2.167157277123355E-002
  2.167170138246146E-002
  2.167182472759032E-002
  2.167194268075861E-002
  2.167205520823749E-002
  2.167216235170571E-002
  2.167226409410125E-002
  2.167236057659299E-002
  2.167245193679020E-002
  2.167253826907626E-002
  2.167261978823674E-002
  2.167269673782890E-002
  2.167276920523460E-002
  2.167283742279727E-002
  2.167290156378359E-002
  2.167296186404053E-002
  2.167301839736138E-002
  2.167307139302973E-002
  2.167312098934760E-002
  2.167316737771994E-002
  2.167321070726110E-002
  2.167325109180539E-002
  2.167328870891206E-002
  2.167332370916771E-002
  2.167335615719864E-002
  2.167338619078433E-002
  2.167341392468496E-002
  2.167343943790923E-002
  2.167346283507179E-002
  2.167348422413722E-002
  2.167350364891878E-002
  2.167352114695718E-002
  2.167353679470731E-002
  2.167355060966738E-002
  2.167356259968336E-002
  2.167357280357108E-002
  2.167358121347128E-002
  2.167358776044832E-002
  2.167359220466896E-002
  2.167364252606116E-002
