   1.33680338240638     
   1.33680842236528     
   1.33679753570678     
   1.33676721027834     
   1.33672526062792     
   1.33667492526061     
   1.33661811042449     
   1.33655678843984     
   1.33649262322538     
   1.33642694003432     
   1.33636113816876     
   1.33629593625785     
   1.33623207994720     
   1.33616976465234     
   1.33610941252806     
   1.33605132017128     
   1.33599571555426     
   1.33594277839717     
   1.33589258461511     
   1.33584523262798     
   1.33580069453199     
   1.33575909484695     
   1.33572011822039     
   1.33568374183273     
   1.33564993629803     
   1.33561858255156     
   1.33558953993448     
   1.33556268414612     
   1.33553785341333     
   1.33551514470284     
   1.33549432596324     
   1.33547517287814     
   1.33545756767960     
   1.33544140006944     
   1.33542653377228     
   1.33541287873653     
   1.33540032882509     
   1.33538878674930     
   1.33537812961266     
   1.33536830231502     
   1.33535922921573     
   1.33535083701151     
   1.33534307908357     
   1.33533588793035     
   1.33532922511998     
   1.33532305153546     
   1.33531732719974     
   1.33531201824279     
   1.33530712389325     
   1.33530261414029     
   1.33529874326939     
   1.33529504077957     
   1.33529152981209     
   1.33528821293254     
   1.33528505671754     
   1.33528207947821     
   1.33527925049896     
   1.33527657215315     
   1.33527401794762     
   1.33527160386113     
   1.33526932429050     
   1.33526716484294     
   1.33526512087245     
   1.33526320027567     
   1.33526138429782     
   1.33525967550147     
   1.33525807694384     
   1.33525657418410     
   1.33525516396630     
   1.33525384203546     
   1.33525260083868     
   1.33525143678355     
   1.33525034808924     
   1.33524933046822     
   1.33524838080843     
   1.33524748807677     
   1.33524666624003     
   1.33524590461010     
   1.33524519754497     
   1.33524454173560     
   1.33524393401802     
   1.33524337319292     
   1.33524285539129     
   1.33524237504237     
   1.33524193453513     
   1.33524152895850     
   1.33524115739879     
   1.33524081588504     
   1.33524050097954     
   1.33524021244986     
   1.33523994750565     
   1.33523970469672     
   1.33523948015135     
   1.33523927605921     
   1.33523908688812     
   1.33523891175013     
   1.33523874875069     
   1.33523860085069     
   1.33523849500113     
   1.33523405497935     
