  0.421983205592832     
  0.421658359067144     
  0.421378081732419     
  0.421134150769932     
  0.420927955467017     
  0.420754942127930     
  0.420610274517342     
  0.420491038883246     
  0.420393380742071     
  0.420314088053550     
  0.420250213747415     
  0.420199705319793     
  0.420160100316823     
  0.420129599149115     
  0.420106679049680     
  0.420090127910626     
  0.420078852716174     
  0.420071964156044     
  0.420068702172390     
  0.420068424833242     
  0.420070628410383     
  0.420074913995727     
  0.420080726392712     
  0.420087792222062     
  0.420095828011622     
  0.420104597599649     
  0.420113905156375     
  0.420123583264436     
  0.420133497294903     
  0.420143512948144     
  0.420153556225773     
  0.420163479931622     
  0.420173254193537     
  0.420182821971367     
  0.420192142057436     
  0.420201175713084     
  0.420209898876239     
  0.420218294364652     
  0.420226357217269     
  0.420234075564081     
  0.420241446690328     
  0.420248472363502     
  0.420255153873944     
  0.420261499593711     
  0.420267514737239     
  0.420273206354644     
  0.420278583538713     
  0.420283759872141     
  0.420288554356454     
  0.420293048942928     
  0.420297202669102     
  0.420301299569906     
  0.420305096610683     
  0.420308709470017     
  0.420312140177551     
  0.420315365019285     
  0.420318396075467     
  0.420321244220002     
  0.420323925833334     
  0.420326446647861     
  0.420328815976469     
  0.420331042277805     
  0.420333133723515     
  0.420335094999410     
  0.420336935101862     
  0.420338659525881     
  0.420340272602422     
  0.420341781947017     
  0.420343194103027     
  0.420344513336517     
  0.420345745218142     
  0.420346896585922     
  0.420347969867662     
  0.420348970767894     
  0.420349902935697     
  0.420350772318465     
  0.420351578780910     
  0.420352327395945     
  0.420353021887430     
  0.420353665797649     
  0.420354262185844     
  0.420354813299949     
  0.420355322271721     
  0.420355792205762     
  0.420356223862778     
  0.420356620005632     
  0.420356981730908     
  0.420357311307075     
  0.420357610966528     
  0.420357881409223     
  0.420358124348336     
  0.420358340064777     
  0.420358529886038     
  0.420358693807284     
  0.420358832865402     
  0.420358947542412     
  0.420359037006652     
  0.420359099596314     
  0.420359127034450     
  0.420357607608963     
