  0.595161240280454     
  0.595007123748874     
  0.594876212247678     
  0.594764138638254     
  0.594667542298186     
  0.594582813330690     
  0.594508426362339     
  0.594442629238217     
  0.594384084109734     
  0.594331807871234     
  0.594284742472069     
  0.594242671714499     
  0.594204310326396     
  0.594169572560252     
  0.594138013594541     
  0.594109370119842     
  0.594083303386589     
  0.594059570136228     
  0.594037984204285     
  0.594018296196064     
  0.594000377890805     
  0.593983977662138     
  0.593969014482487     
  0.593955346876220     
  0.593942865628024     
  0.593931453196600     
  0.593921012150901     
  0.593911457638242     
  0.593902818514303     
  0.593894789564139     
  0.593887415561744     
  0.593880637540146     
  0.593874404026887     
  0.593868651156338     
  0.593863344833029     
  0.593858443341874     
  0.593853909590450     
  0.593849712122071     
  0.593845824075689     
  0.593842217350093     
  0.593838877366873     
  0.593835777264085     
  0.593832902456585     
  0.593830233891495     
  0.593827757866961     
  0.593825461388555     
  0.593823332337257     
  0.593821370933783     
  0.593819539179273     
  0.593817842189962     
  0.593816279202853     
  0.593814967023516     
  0.593813645742225     
  0.593812432180501     
  0.593811310411151     
  0.593810281369255     
  0.593809339977550     
  0.593808480721678     
  0.593807686175985     
  0.593806962520476     
  0.593806302024736     
  0.593805697446680     
  0.593805145242670     
  0.593804642599492     
  0.593804186610139     
  0.593803770023287     
  0.593803389504054     
  0.593803049386505     
  0.593802736425007     
  0.593802455210591     
  0.593802204175774     
  0.593801976033219     
  0.593801766673973     
  0.593801580497297     
  0.593801414577809     
  0.593801265831081     
  0.593801134240307     
  0.593801012796701     
  0.593800904974538     
  0.593800814980106     
  0.593800729097643     
  0.593800655739553     
  0.593800587843481     
  0.593800530237295     
  0.593800473524703     
  0.593800425752727     
  0.593800380538328     
  0.593800338492802     
  0.593800301476487     
  0.593800261691653     
  0.593800224861590     
  0.593800188327739     
  0.593800148875998     
  0.593800109190511     
  0.593800064071114     
  0.593800014019352     
  0.593799957292583     
  0.593799889077229     
  0.593799816375836     
  0.593798364307912     
