   1.82538610877018     
   1.82545850635253     
   1.82520568235492     
   1.82476604066301     
   1.82421513554924     
   1.82360140812171     
   1.82295445775792     
   1.82229405185020     
   1.82163310984004     
   1.82098237865144     
   1.82034761734554     
   1.81973297813294     
   1.81914142674615     
   1.81857471682126     
   1.81803425850415     
   1.81752001634150     
   1.81703202135139     
   1.81656995611903     
   1.81613339672502     
   1.81572149618307     
   1.81533339704856     
   1.81496817054265     
   1.81462486616406     
   1.81430243967486     
   1.81399986227869     
   1.81371607518762     
   1.81345007725506     
   1.81320087726917     
   1.81296747361797     
   1.81274895788845     
   1.81254437446953     
   1.81235289317730     
   1.81217365228236     
   1.81200673099442     
   1.81185059566839     
   1.81170435402813     
   1.81157004928908     
   1.81144569342610     
   1.81132964529346     
   1.81122113385117     
   1.81111967967188     
   1.81102492795096     
   1.81093648482368     
   1.81085400110629     
   1.81077712101964     
   1.81070553694371     
   1.81063892557165     
   1.81057696503904     
   1.81051936710811     
   1.81046581078048     
   1.81041607163387     
   1.81036990072205     
   1.81032701132696     
   1.81028719431303     
   1.81025026938709     
   1.81021599613550     
   1.81018422263505     
   1.81015476519246     
   1.81012748462398     
   1.81010229650089     
   1.81007895728307     
   1.81005736128920     
   1.81003738682645     
   1.81001889557034     
   1.81000181024448     
   1.80998600442904     
   1.80997141672477     
   1.80995795434107     
   1.80994553415198     
   1.80993405813321     
   1.80992349253890     
   1.80991377840796     
   1.80990480278825     
   1.80989657087365     
   1.80988898502321     
   1.80988202115493     
   1.80987563156532     
   1.80986978292517     
   1.80986440788149     
   1.80985948901780     
   1.80985496402216     
   1.80985084552284     
   1.80984707062948     
   1.80984363762735     
   1.80984049601089     
   1.80983763269630     
   1.80983502578028     
   1.80983264756079     
   1.80983049083741     
   1.80982854101875     
   1.80982676053113     
   1.80982515073999     
   1.80982370737999     
   1.80982241254592     
   1.80982123354791     
   1.80982017515275     
   1.80981922963238     
   1.80981839750572     
   1.80981767146794     
   1.80981095849941     
