  0.423924128027082     
  0.409813065129501     
  0.400733007745789     
  0.394697744065048     
  0.390636885190816     
  0.387855096890002     
  0.385914049044265     
  0.384537212244128     
  0.383546564411890     
  0.382821325917337     
  0.382285998916024     
  0.381885601302038     
  0.381582358518831     
  0.381350358187235     
  0.381170679370582     
  0.381030384201090     
  0.380919782589517     
  0.380831831221034     
  0.380761305668164     
  0.380704473496937     
  0.380658395018477     
  0.380620829014537     
  0.380590074490062     
  0.380564752999055     
  0.380543921882507     
  0.380526788881604     
  0.380512687600611     
  0.380501084965052     
  0.380491594052921     
  0.380483830844278     
  0.380477526003264     
  0.380472371222420     
  0.380468116931071     
  0.380464176320973     
  0.380459930577474     
  0.380456225990963     
  0.380452463471482     
  0.380444884665529     
  0.380437029431417     
  0.380430204882217     
  0.380424170684819     
  0.380418754030840     
  0.380413818207245     
  0.380409397401147     
  0.380405755620598     
  0.380402917617591     
  0.380400753063173     
  0.380399189017938     
  0.380398114800632     
  0.380397423376972     
  0.380396917795400     
  0.380396704311019     
  0.380396750360204     
  0.380397021337888     
  0.380397468234389     
  0.380398081025245     
  0.380398823474363     
  0.380399665705139     
  0.380400581559735     
  0.380401451943373     
  0.380402393480892     
  0.380403318161694     
  0.380404256268305     
  0.380405226590428     
  0.380406188736661     
  0.380407154332605     
  0.380408114379645     
  0.380409069351150     
  0.380410016234978     
  0.380410948717235     
  0.380411863821619     
  0.380412755346503     
  0.380413621054916     
  0.380414457613308     
  0.380415263355505     
  0.380416035839351     
  0.380416776410635     
  0.380417483815804     
  0.380418157380710     
  0.380418797743789     
  0.380419404506486     
  0.380419977814450     
  0.380420518334816     
  0.380421027775705     
  0.380421506923281     
  0.380421956127344     
  0.380422375782852     
  0.380422766996986     
  0.380423131079198     
  0.380423467339426     
  0.380423776994212     
  0.380424058181504     
  0.380424309921501     
  0.380424530925336     
  0.380424716425001     
  0.380424857836840     
  0.380424943431141     
  0.380424950575607     
  0.380424849630129     
  0.000000000000000E+000
