  0.576075871972919     
  0.590186934870499     
  0.599266992254211     
  0.605302255934951     
  0.609363114809184     
  0.612144903109998     
  0.614085950955735     
  0.615462787755873     
  0.616453435588110     
  0.617178674082663     
  0.617714001083976     
  0.618114398697961     
  0.618417641481169     
  0.618649641812764     
  0.618829320629419     
  0.618969615798911     
  0.619080217410483     
  0.619168168778967     
  0.619238694331836     
  0.619295526503063     
  0.619341604981523     
  0.619379170985463     
  0.619409925509938     
  0.619435247000946     
  0.619456078117493     
  0.619473211118397     
  0.619487312399389     
  0.619498915034948     
  0.619508405947079     
  0.619516169155722     
  0.619522473996736     
  0.619527628777580     
  0.619531883068930     
  0.619535823679027     
  0.619540069422525     
  0.619543774009036     
  0.619547536528518     
  0.619555115334471     
  0.619562970568583     
  0.619569795117783     
  0.619575829315182     
  0.619581245969160     
  0.619586181792755     
  0.619590602598853     
  0.619594244379401     
  0.619597082382409     
  0.619599246936828     
  0.619600810982062     
  0.619601885199368     
  0.619602576623028     
  0.619603082204600     
  0.619603295688982     
  0.619603249639796     
  0.619602978662112     
  0.619602531765610     
  0.619601918974755     
  0.619601176525637     
  0.619600334294861     
  0.619599418440264     
  0.619598548056628     
  0.619597606519108     
  0.619596681838305     
  0.619595743731695     
  0.619594773409572     
  0.619593811263339     
  0.619592845667395     
  0.619591885620355     
  0.619590930648850     
  0.619589983765022     
  0.619589051282765     
  0.619588136178381     
  0.619587244653497     
  0.619586378945084     
  0.619585542386692     
  0.619584736644495     
  0.619583964160649     
  0.619583223589366     
  0.619582516184196     
  0.619581842619289     
  0.619581202256211     
  0.619580595493514     
  0.619580022185549     
  0.619579481665183     
  0.619578972224295     
  0.619578493076720     
  0.619578043872655     
  0.619577624217148     
  0.619577233003014     
  0.619576868920802     
  0.619576532660574     
  0.619576223005788     
  0.619575941818496     
  0.619575690078499     
  0.619575469074663     
  0.619575283574999     
  0.619575142163160     
  0.619575056568859     
  0.619575049424394     
  0.619575150369871     
  0.000000000000000E+000
