  3.526360483531241E-004
  8.207339723444453E-002
  3.446486448707042E-002
  2.311195004950343E-006
  5.262970376506559E-007
  2.654688877204731E-009
  7.169811076348847E-007
  0.000000000000000E+000
  0.000000000000000E+000
  2.684063944137613E-093
  6.123956037104829E-008
  1.415026334932401E-007
  1.811930485259613E-008
  2.184815908406141E-004
  1.986660739246669E-008
  1.103786941455210E-006
  5.646406853340434E-006
  3.633079625282608E-006
  1.570233325266929E-006
  4.428862322379937E-008
  2.609280167109861E-006
  9.090373412783946E-005
  1.557244351749905E-005
  5.508385942589493E-006
  5.647414975814598E-005
  2.209842282485281E-004
  3.700049719428143E-006
  6.428636015523029E-005
  3.301263598584611E-004
  3.426173421645859E-005
  2.206830929826551E-004
  5.029576694315187E-005
  2.192430904430772E-004
  1.356079806428229E-004
  3.440611354915262E-004
  3.639477070048446E-004
  8.587957107175435E-005
  2.740627266662929E-004
  2.739881806889854E-004
  2.243543323177949E-004
  1.524072323291689E-004
  2.485207157610001E-004
  3.489290808565980E-004
  3.410586333288571E-004
  2.396477740251482E-004
  1.063278663515060E-004
  2.305681391539284E-004
  2.743142229722026E-004
  1.600746820004333E-004
  1.732141270057498E-004
  3.218812099497878E-004
  3.353168487181146E-004
  2.835547342341132E-004
  2.425593438128207E-004
  2.405369195335336E-004
  2.635667984983984E-004
  3.449551469155219E-004
  3.362241581467437E-004
  2.763243674144576E-004
  2.369557530140904E-004
  2.619119017004585E-004
  2.737278853601928E-004
  3.410193951887045E-004
  3.281397882489680E-004
  3.431554697090363E-004
  2.912345020485013E-004
  2.987679608791238E-004
  3.105159234064250E-004
  3.066772731870703E-004
  2.741139793877499E-004
  3.098632653270554E-004
  3.552255324438245E-004
  3.513380645918913E-004
  3.105884459157131E-004
  3.153656894162282E-004
  3.247689023457361E-004
  3.476094029124895E-004
  3.461389729260037E-004
  3.153916471827069E-004
  3.014027554854590E-004
  3.345477202198697E-004
  3.401225298775111E-004
  3.278251159917094E-004
  3.535014764631136E-004
  3.727147564836550E-004
  3.816038925462907E-004
  3.431185727117754E-004
  3.085892613097760E-004
  3.167017403614759E-004
  3.241187249601758E-004
  3.426855655133240E-004
  3.903110719933285E-004
  4.120457506677787E-004
  4.014940785314066E-004
  3.354431843177627E-004
  3.328515814416520E-004
  3.469720847171544E-004
  3.561438616269026E-004
  3.752614653141333E-004
  3.976965977382797E-004
  3.933164194140817E-004
  3.680405204888063E-004
  3.536549475530090E-004
  3.741160800350912E-004
  3.771224008994840E-004
  4.041103894682562E-004
  4.099167747997431E-004
  3.991060131654909E-004
  3.749796881430004E-004
  3.906456220454323E-004
  3.938611994543293E-004
  3.952180876071443E-004
  3.960711759381467E-004
  3.891915022213055E-004
  3.912681922852486E-004
  4.043745892952090E-004
  4.082869832613928E-004
  4.081984436115044E-004
  4.057320913828760E-004
  4.046596304743753E-004
  4.125733401142656E-004
  4.173466104648816E-004
  4.183577459028239E-004
  4.117747114461110E-004
  4.125545677701289E-004
  4.235801325587078E-004
  4.280616808279122E-004
  4.279681698149246E-004
  4.198917494809862E-004
  4.139300935297736E-004
  4.123964766978714E-004
  4.160478600837839E-004
  4.204945012972531E-004
  4.231392752290282E-004
  4.198721702285223E-004
  4.188450445848197E-004
  4.206651778848451E-004
  4.255392519557496E-004
  4.283744221093410E-004
  4.255303137698833E-004
  4.228502656914539E-004
  4.247063770624154E-004
  4.299678842619601E-004
  4.309891517802571E-004
  4.262506680426592E-004
  4.244614873690223E-004
  4.298529967588786E-004
  4.360630328561575E-004
  4.325358905538049E-004
  4.264824693128017E-004
  4.287594823717001E-004
  4.391823332560053E-004
  4.387523348019095E-004
  4.309104618921498E-004
  4.261135923163143E-004
  4.408398680874620E-004
  4.423561886547919E-004
  4.354815458392637E-004
  4.233640642500634E-004
  4.429466470897901E-004
  4.468868848402676E-004
  4.398950209857127E-004
  4.208091959799476E-004
  4.450065737273987E-004
  4.507875274055248E-004
  4.456908196969233E-004
  4.175586060538570E-004
  4.461717859491527E-004
  4.531701746776886E-004
  4.487037336060677E-004
  4.168032437341965E-004
  4.013586213524298E-004
  4.084818722578436E-004
  4.381054599346200E-004
  4.087081250559881E-004
  3.933990962233313E-004
  4.023608145503652E-004
  4.351844420761657E-004
  4.033401450937533E-004
  3.870102187801791E-004
  3.972393708418458E-004
  4.337915358210206E-004
  3.988562702422968E-004
  3.822770020641330E-004
  3.947441255095552E-004
  4.355137930693714E-004
  3.965270506336507E-004
  3.780403760529823E-004
  3.921783639332382E-004
  4.380412416526795E-004
  3.923705605640173E-004
  3.733136271488019E-004
  3.893444158580543E-004
  4.408142924072224E-004
  3.855147324563715E-004
  3.671924736974434E-004
  3.875508677569120E-004
  3.842680257282481E-004
  3.512654153308630E-004
  3.572137404537647E-004
  3.835631265496845E-004
  3.784624059897313E-004
  3.404526931309878E-004
  3.512504410410094E-004
  3.816650562995051E-004
  3.731399633590691E-004
  3.292755425813538E-004
  3.464878858403672E-004
  3.804717959438796E-004
  3.667431006138771E-004
  3.164144877944938E-004
  3.426237991616797E-004
  3.531462440599554E-004
  3.118265513874202E-004
  2.995539414357907E-004
  3.361400248658945E-004
  3.470420235860223E-004
  2.985084901735945E-004
  2.883235999067838E-004
  3.324783462512989E-004
  3.415491842101733E-004
  2.847051153852678E-004
  2.770969330450730E-004
  2.980476015822281E-004
  3.032324400673772E-004
  2.667466793162592E-004
  2.642076735015177E-004
  2.903134065789079E-004
  2.947026868450133E-004
  2.528007168970095E-004
  2.531553274944087E-004
  2.621505598310587E-004
  2.547732554218698E-004
  2.336231575422237E-004
  2.405580474974613E-004
  2.515014119439239E-004
  2.440004649836757E-004
  2.143210225985995E-004
  2.042431005741366E-004
  2.253856061297578E-004
  2.302696564865134E-004
  2.005220136965079E-004
  1.888901423843341E-004
  1.982751069737069E-004
  2.009265740803107E-004
  1.822789019267318E-004
  1.742875108967386E-004
  1.777231476006601E-004
  1.723520849638608E-004
  1.607158998687500E-004
  1.584259952451804E-004
  1.554714077444829E-004
  1.468790878311743E-004
  1.421157843048332E-004
  1.390253987508001E-004
  1.317184280392644E-004
  1.275891712369118E-004
  1.222062034706391E-004
  1.172654001629758E-004
  1.121264388079050E-004
  1.072472716830369E-004
  1.024217192745764E-004
  9.758390323530302E-005
  9.288430769918780E-005
  8.824121905738849E-005
  8.354272446061157E-005
  7.895016544395577E-005
  7.467981693099154E-005
  7.054264648895814E-005
  6.639450816807239E-005
  6.238703959003001E-005
  5.875646472297444E-005
  5.533659124988519E-005
  5.196401190169284E-005
  4.878033062932670E-005
  4.604747919959544E-005
  4.359299138236830E-005
  4.125399622365823E-005
  3.915737192770923E-005
  3.758004141376298E-005
  3.638101243009622E-005
  3.532561001101893E-005
  3.434226780396258E-005
  3.341426550344010E-005
  3.251706835860758E-005
  3.165347398307888E-005
  3.082377476316722E-005
  3.002718527701335E-005
  2.925343699864388E-005
  2.851141877263155E-005
  2.779931714011508E-005
  2.712122924644439E-005
  2.645593695297664E-005
  2.580658626287769E-005
  2.517439142832721E-005
  2.457847739419624E-005
  2.399427172224376E-005
  2.342741075699414E-005
  2.287831794024973E-005
  2.234479545625943E-005
  2.182204716175672E-005
  2.131002165023256E-005
  2.081178610666578E-005
  2.032959787441629E-005
  1.986297476846634E-005
  1.940863578249266E-005
  1.896444660301475E-005
  1.853075389876591E-005
  1.810679052530174E-005
  1.769203823202429E-005
  1.728790114272138E-005
  1.689735987827450E-005
  1.651803288876670E-005
  1.614799505075856E-005
  1.578585449305917E-005
  1.543140207550580E-005
  1.508495032126962E-005
  1.474648924578245E-005
  1.441582421457852E-005
  1.409477150269606E-005
  1.378280407218798E-005
  1.347857132028353E-005
  1.317912365202758E-005
  1.288439058881857E-005
  1.259815030673658E-005
  1.232021131932828E-005
  1.204952504686725E-005
  1.178434723426113E-005
  1.152552123445949E-005
  1.127298800515286E-005
  1.102686299847251E-005
  1.078399442906573E-005
  1.054559030353184E-005
  1.031467449289175E-005
  1.009203277289325E-005
  9.875962451034115E-006
  9.660205304402533E-006
  9.446398117726825E-006
  9.239468057996679E-006
  9.039418293299874E-006
  8.842977050999807E-006
  8.648516225867536E-006
  8.458323738488687E-006
  8.276394925012460E-006
  8.098324582838186E-006
  7.920640974260794E-006
  7.745144550467917E-006
  7.576811912171185E-006
  7.413120560899439E-006
  7.251386444574401E-006
  7.090917729829143E-006
  6.934841639499076E-006
  6.784425487108194E-006
  6.635752501486261E-006
  6.488565400058777E-006
  6.344456244341908E-006
  6.205442201570638E-006
  6.071241654660193E-006
  5.935993262905432E-006
  5.803119329523145E-006
  5.673436440713124E-006
  5.548340622504124E-006
  5.427277321764218E-006
  5.303708911762515E-006
  5.185501976561444E-006
  5.070069429894285E-006
  4.958606204054275E-006
  4.849586439023524E-006
  4.735863103479528E-006
  4.630238569529583E-006
  4.526542120448276E-006
  4.427273246308651E-006
  4.329995901168202E-006
  4.226027130510772E-006
  4.132754106229313E-006
  4.038821266035167E-006
  3.949740277487774E-006
  3.861958507748959E-006
  3.766735962723354E-006
  3.684828546964363E-006
  3.600763776442261E-006
  3.521660547040092E-006
  3.442996781989280E-006
  3.355418060912883E-006
  3.283044638719361E-006
  3.207942449625512E-006
  3.137716158542416E-006
  3.067860442010323E-006
  3.002859831992938E-006
  2.953596597038885E-006
  2.884839928981107E-006
  2.820745119034963E-006
  2.756750773403331E-006
  2.694626168022853E-006
  2.632725571624829E-006
  2.571291446451761E-006
  2.512451027589894E-006
  2.454404513308389E-006
  2.398339054969751E-006
  2.342847897925263E-006
  2.287887387206269E-006
  2.235554976284187E-006
  2.183833445989176E-006
  2.133843046715938E-006
  2.084180426561175E-006
  2.035444553281340E-006
  1.988467119107667E-006
  1.942414961252310E-006
  1.897253084453773E-006
  1.852866163193223E-006
  1.809223212555298E-006
  1.767215451205835E-006
  1.726178540960241E-006
  1.685615739863196E-006
  1.645968835019151E-006
  1.606885199322219E-006
  1.569475189991855E-006
  1.533033694317759E-006
  1.496744700547189E-006
  1.461200798765725E-006
  1.426317255233780E-006
  1.392967434836599E-006
  1.360626148835888E-006
  1.328248296551302E-006
  1.296243582251095E-006
  1.264941554541123E-006
  1.234998774399410E-006
  1.206416797643794E-006
  1.177724313647342E-006
  1.149099357235702E-006
  1.121118175825263E-006
  1.094159441128635E-006
  1.068883299026355E-006
  1.043828815333626E-006
  1.018378354020884E-006
  9.930822687505459E-007
  9.692383921513329E-007
  9.465626776714732E-007
  9.242902171281271E-007
  9.020134434723637E-007
  8.797675256593260E-007
  8.580554563450536E-007
  8.373017214919873E-007
  8.175316510758204E-007
  7.980638293916533E-007
  7.783924639978853E-007
  7.589496748111209E-007
  7.402487188843541E-007
  7.224185050638025E-007
  7.054590373401405E-007
  6.883483226719670E-007
  6.709676930965169E-007
  6.540905354497363E-007
  6.380357856523338E-007
  6.227566306635463E-007
  6.083086679534350E-007
  5.930939648045538E-007
  5.778646139537572E-007
  5.633149967715483E-007
  5.494831972038536E-007
  5.366469846235956E-007
  5.246977859298470E-007
  5.108916320007333E-007
  4.972088828442390E-007
  4.847108039317434E-007
  4.727626821526021E-007
  4.620272522188143E-007
  4.521756307810353E-007
  4.394062495942334E-007
  4.276358125324016E-007
  4.169343936654122E-007
  4.066631090287618E-007
  3.976530872475201E-007
  3.893516099283324E-007
  3.774829012160690E-007
  3.677763107891351E-007
  3.584324039959845E-007
  3.492891287830540E-007
  3.417948932972044E-007
  3.349784631499642E-007
  3.239340886050555E-007
  3.155888497195040E-007
  3.075507852894435E-007
  2.999508289079696E-007
  2.938214252857461E-007
  2.878729670652915E-007
  2.806642642677734E-007
  2.734763236981261E-007
  2.664676719733679E-007
  2.598185142603055E-007
  2.533160575667644E-007
  2.469558186278643E-007
  2.407066093244341E-007
  2.345302184264428E-007
  2.285524737844735E-007
  2.228218559596754E-007
  2.172237427798287E-007
  2.117010665699543E-007
  2.062605998171747E-007
  2.009452084430633E-007
  1.958019532477825E-007
  1.908793469996540E-007
  1.860901451199967E-007
  1.813483149498925E-007
  1.766632349439689E-007
  1.721042699578711E-007
  1.676825502913050E-007
  1.634388784414270E-007
  1.593290772500798E-007
  1.552668430895020E-007
  1.513019948772930E-007
  1.474179146738319E-007
  1.435290298496066E-007
  1.398203276053173E-007
  1.363125326376609E-007
  1.328385782559563E-007
  1.294219779191975E-007
  1.260801573077856E-007
  1.228087977340960E-007
  1.195668580395104E-007
  1.165255795812975E-007
  1.135348167253300E-007
  1.105683756685653E-007
  1.077084084430970E-007
  1.049278266139934E-007
  1.022204897463692E-007
  9.955984665961944E-008
  9.695363864446978E-008
  9.438931505942514E-008
  9.194022249223782E-008
  8.954363334149289E-008
  8.723029889611830E-008
  8.494437236407540E-008
  8.271025325756112E-008
  8.053949789153441E-008
  7.843865600780935E-008
  7.638507216057008E-008
  7.437194130731694E-008
  7.241667444791270E-008
  7.051161055061105E-008
  6.864076025281902E-008
  6.682615114527958E-008
  6.506175397338825E-008
  6.333994256592583E-008
  6.166114786687663E-008
  6.004033344769146E-008
  5.845267217203073E-008
  5.689516812346233E-008
  5.537621005726249E-008
  5.389956201037372E-008
  5.245262786545334E-008
  5.107234749420672E-008
  4.973035416570698E-008
  4.840060487207385E-008
  4.708533745356417E-008
  4.581392162233095E-008
  4.458450094127680E-008
  4.338937648158711E-008
  4.227615180077033E-008
  4.119714269881304E-008
  4.004856811697345E-008
  3.890986950262367E-008
  3.785282259529860E-008
  3.683438592562878E-008
  3.583584403868218E-008
  3.494935530635544E-008
  3.406099363825107E-008
  3.310250062691984E-008
  3.209645109978184E-008
  3.122042019008070E-008
  3.037872098978964E-008
  2.955877489045670E-008
  2.886417684661691E-008
  2.812825527009211E-008
  2.729425501648618E-008
  2.641887653505091E-008
  2.569165490096328E-008
  2.499353789053700E-008
  2.432119108648762E-008
  2.378277959203479E-008
  2.318140435765238E-008
  2.255663770312701E-008
  2.194108901108849E-008
  2.131689523828916E-008
  2.072884130350375E-008
  2.016498777663825E-008
  1.958675393793210E-008
  1.904705729095821E-008
  1.853142984893869E-008
  1.802441981204669E-008
  1.750476789026787E-008
  1.702060786344114E-008
  1.655839470642288E-008
  1.608667210517787E-008
  1.564077208572179E-008
  1.521231003203537E-008
  1.478846397279180E-008
  1.435253749280321E-008
  1.395314113917154E-008
  1.357628970262326E-008
  1.318116041563099E-008
  1.282482552497341E-008
  1.247139613993868E-008
  1.211710457425688E-008
  1.177386538286787E-008
  1.144021152001833E-008
  1.111587151794065E-008
  1.079966411651428E-008
  1.049283749217133E-008
  1.019759572495365E-008
  9.908043859331775E-009
  9.623115830252321E-009
  9.349320781123018E-009
  9.082981201023098E-009
  8.824320529162097E-009
  8.573362687285881E-009
  8.328742110986722E-009
  8.087821036109458E-009
  7.851739951268862E-009
  7.624941829089161E-009
  7.406070392818135E-009
  7.194128610737241E-009
  6.990723271240153E-009
  6.791100921745350E-009
  6.593979052070607E-009
  6.399664316635029E-009
  6.211123775141796E-009
  6.029210206361063E-009
  5.854372551302691E-009
  5.688119765975513E-009
  5.525624680437291E-009
  5.364927194047768E-009
  5.205709132129946E-009
  5.049550424244098E-009
  4.899636956913544E-009
  4.757863970083678E-009
  4.622667953554533E-009
  4.489714591677596E-009
  4.359639509916930E-009
  4.226875449069239E-009
  4.099642104231207E-009
  3.971317188872798E-009
  3.857254410587326E-009
  3.745532197871040E-009
  3.640320155918458E-009
  3.536500098205964E-009
  3.435268276533413E-009
  3.328629189764143E-009
  3.223803617263311E-009
  3.124090785786299E-009
  3.029359204091026E-009
  2.940959923040918E-009
  2.858802369890944E-009
  2.777165977361433E-009
  2.697723193675914E-009
  2.609338284099014E-009
  2.525789962521255E-009
  2.447092061410115E-009
  2.372021816144711E-009
  2.303338202694714E-009
  2.239697984819880E-009
  2.175342074561285E-009
  2.113289378474841E-009
  2.039222548145430E-009
  1.973248294540171E-009
  1.910860586759482E-009
  1.851735768989334E-009
  1.799273479329160E-009
  1.751451281053606E-009
  1.700689097150726E-009
  1.652040389833138E-009
  1.589234810251298E-009
  1.536992475819314E-009
  1.487372836935265E-009
  1.440869427158105E-009
  1.400859528570333E-009
  1.366194993874305E-009
  1.327821283345885E-009
  1.290020514528042E-009
  1.248840127370033E-009
  1.206239784598225E-009
  1.165082624438211E-009
  1.127592429761750E-009
  1.092608546383111E-009
  1.061590035676138E-009
  1.033251054462906E-009
  1.003978268103647E-009
  9.715527932742497E-010
  9.367524909346544E-010
  9.027409805828910E-010
  8.722054725000056E-010
  8.458929351433378E-010
  8.227536284494503E-010
  8.011733957433107E-010
  7.792781111759068E-010
  7.540099534983417E-010
  7.259154416395507E-010
  6.983966481691243E-010
  6.741815154037328E-010
  6.532411398005000E-010
  6.347360171980705E-010
  6.187667609948807E-010
  6.031978228713929E-010
  5.841621655421427E-010
  5.613077446219185E-010
  5.382773337993874E-010
  5.184957028662503E-010
  5.020555517155278E-010
  4.878476655024932E-010
  4.756494242921417E-010
  4.653191837781105E-010
  4.520979778287028E-010
  4.337220763937234E-010
  4.137994590907758E-010
  3.968967996827616E-010
  3.835874732059337E-010
  3.728620468771719E-010
  3.634615533494275E-010
  3.569356071100105E-010
  3.495510402752033E-010
  3.358799596348771E-010
  3.180304556516672E-010
  3.026232500623587E-010
  2.910937173915681E-010
  2.827099259872807E-010
  2.760365145355970E-010
  2.710782881967330E-010
  2.687379824287820E-010
  2.614994721403848E-010
  2.455747469654607E-010
  2.302953517725235E-010
  2.196256862869972E-010
  2.122037380670008E-010
  2.076347822592577E-010
  2.044447487759492E-010
  2.016174134562396E-010
  2.036675232032603E-010
  1.931438346210872E-010
  1.769198362025788E-010
  1.652724187065749E-010
  1.579551601935589E-010
  1.533237084259571E-010
  1.518137865308414E-010
  1.503051192960080E-010
  1.496853082952668E-010
  1.569536638713315E-010
  1.397322426184612E-010
  1.249904487907709E-010
  1.166623524815736E-010
  1.119337046400463E-010
  1.094752080321524E-010
  1.101691403218668E-010
  1.096728907662790E-010
  1.113532071422063E-010
  1.229303756723955E-010
  9.718262805046123E-011
  8.679603680507894E-011
  8.080112043381982E-011
  7.781102132116690E-011
  7.675495250743140E-011
  7.903665820766720E-011
  7.912603519382388E-011
  8.273404761977444E-011
  9.781889024943552E-011
  6.504195445825944E-011
  5.884397369188841E-011
  5.401440009218263E-011
  5.226215845858610E-011
  5.227802653608831E-011
  5.551947144498149E-011
  5.609790021202111E-011
  6.142768172333976E-011
  7.904002386763195E-011
  4.242130518794845E-011
  3.787156259312147E-011
  3.433580537512384E-011
  3.357575870790146E-011
  3.430569356507851E-011
  3.812227880713000E-011
  3.915326403367024E-011
  4.484391230684678E-011
  6.535270410150209E-011
  2.556570061329514E-011
  2.197845704117544E-011
  1.929658218843297E-011
  1.930626794600818E-011
  2.025053586206444E-011
  2.449551281714751E-011
  2.536027825351639E-011
  2.904688815972990E-011
  6.057021046967067E-011
  1.220400445201548E-011
  9.940654147580302E-012
  7.757059035935229E-012
  8.698112071953492E-012
  9.511842957364709E-012
  1.274623832656405E-011
  1.602666649777006E-011
  4.769654626274284E-012
  6.878235905369930E-011
