  0.708063435779724     
  0.720506077219895     
  0.728330090809405     
  0.733434554655444     
  0.736809788762632     
  0.739083026114022     
  0.740641114552417     
  0.741724546628897     
  0.742486375155592     
  0.743029732680877     
  0.743418087457622     
  0.743697768301028     
  0.743900340641784     
  0.744047334910787     
  0.744154387345505     
  0.744232056679434     
  0.744288207186145     
  0.744328497261495     
  0.744357065715224     
  0.744376831632146     
  0.744390037921190     
  0.744398369975049     
  0.744403070454611     
  0.744405139133963     
  0.744405194152990     
  0.744403752060002     
  0.744401239053553     
  0.744397979965110     
  0.744394178753854     
  0.744390055564282     
  0.744385734944779     
  0.744381383698107     
  0.744377135577351     
  0.744373399945170     
  0.744370789559487     
  0.744368320007632     
  0.744366439333056     
  0.744368920827088     
  0.744372116798231     
  0.744374746554762     
  0.744377016063310     
  0.744379054132652     
  0.744380958676185     
  0.744382667615922     
  0.744383926195921     
  0.744384687278453     
  0.744385053591882     
  0.744385067569690     
  0.744384810828787     
  0.744384357427923     
  0.744383942703223     
  0.744383386874378     
  0.744382707856771     
  0.744381925462790     
  0.744381074055263     
  0.744380152507620     
  0.744379184600537     
  0.744378189193860     
  0.744377181992272     
  0.744376266657146     
  0.744375328205691     
  0.744374442907904     
  0.744373577136530     
  0.744372707622302     
  0.744371867413026     
  0.744371041745570     
  0.744370235856284     
  0.744369446341369     
  0.744368673910710     
  0.744367921958630     
  0.744367191487601     
  0.744366486335642     
  0.744365807293587     
  0.744365155991671     
  0.744364533060331     
  0.744363939517371     
  0.744363373944644     
  0.744362836522915     
  0.744362327455315     
  0.744361845654026     
  0.744361391418067     
  0.744360963928715     
  0.744360562758811     
  0.744360186027642     
  0.744359833113999     
  0.744359503600519     
  0.744359197032506     
  0.744358912458320     
  0.744358648788037     
  0.744358406687165     
  0.744358185030507     
  0.744357985523204     
  0.744357809176947     
  0.744357657030665     
  0.744357533415121     
  0.744357445821652     
  0.744357404840191     
  0.744357430543073     
  0.744357553089046     
  0.000000000000000E+000
