  7.157913795319583E-002
  7.211065153619622E-002
  7.244955201422627E-002
  7.267053330039670E-002
  7.281481861884526E-002
  7.290945794120766E-002
  7.297212123726433E-002
  7.301341881487670E-002
  7.304015605070197E-002
  7.305728453715292E-002
  7.306776994162154E-002
  7.307361493764872E-002
  7.307642448593436E-002
  7.307704848034940E-002
  7.307627033049245E-002
  7.307452518875902E-002
  7.307217790036441E-002
  7.306946335119051E-002
  7.306661217238013E-002
  7.306361527846511E-002
  7.306061576473968E-002
  7.305767003147697E-002
  7.305481707182236E-002
  7.305207174303169E-002
  7.304945161783170E-002
  7.304696152207842E-002
  7.304461029051273E-002
  7.304239116421925E-002
  7.304030397367919E-002
  7.303834484283106E-002
  7.303650764600203E-002
  7.303478715464609E-002
  7.303318133114106E-002
  7.303183092317825E-002
  7.303045049089026E-002
  7.302918738258785E-002
  7.302847198998628E-002
  7.302752765802360E-002
  7.302667307163099E-002
  7.302591459721162E-002
  7.302525525322584E-002
  7.302467931196792E-002
  7.302417642433348E-002
  7.302373113488635E-002
  7.302332511377048E-002
  7.302294507397605E-002
  7.302259057223483E-002
  7.302225461567624E-002
  7.302193512948733E-002
  7.302162969465438E-002
  7.302138202436360E-002
  7.302114316041756E-002
  7.302091360602450E-002
  7.302069287537208E-002
  7.302048194067080E-002
  7.302027949454983E-002
  7.302008686908590E-002
  7.301990346327436E-002
  7.301973029463896E-002
  7.301957349984581E-002
  7.301942009981585E-002
  7.301927465159992E-002
  7.301913850680217E-002
  7.301901139048586E-002
  7.301889277528667E-002
  7.301878047506447E-002
  7.301867608992162E-002
  7.301857846932493E-002
  7.301848590277911E-002
  7.301839870211276E-002
  7.301831860015540E-002
  7.301824187665863E-002
  7.301817062102720E-002
  7.301810409972533E-002
  7.301804282660301E-002
  7.301798484943348E-002
  7.301793137548540E-002
  7.301788167615943E-002
  7.301783576659059E-002
  7.301779236958859E-002
  7.301775267916319E-002
  7.301771695503892E-002
  7.301768299631524E-002
  7.301765201749495E-002
  7.301762397023227E-002
  7.301759769174153E-002
  7.301757376172938E-002
  7.301755250095557E-002
  7.301753253030277E-002
  7.301751439647697E-002
  7.301749851639842E-002
  7.301748459943522E-002
  7.301747268279658E-002
  7.301746228614225E-002
  7.301745404663616E-002
  7.301744862622361E-002
  7.301744623590571E-002
  7.301744910722781E-002
  7.301745821825802E-002
  7.462304513449095E-002
