  0.133808536498682     
  0.133328636591392     
  0.133015448670192     
  0.132802438523792     
  0.132653673557858     
  0.132547440990380     
  0.132469552941095     
  0.132410752108344     
  0.132365125998304     
  0.132329194130410     
  0.132300259190788     
  0.132276472119899     
  0.132256754717995     
  0.132240112589181     
  0.132225983647309     
  0.132213844405813     
  0.132203351525010     
  0.132194220739721     
  0.132186292597020     
  0.132179285347636     
  0.132173110989310     
  0.132167655654940     
  0.132162828065858     
  0.132158542688365     
  0.132154733711618     
  0.132151338913325     
  0.132148315209382     
  0.132145613057998     
  0.132143196315793     
  0.132141032090413     
  0.132139088114871     
  0.132137335546648     
  0.132135748696900     
  0.132134441448892     
  0.132133158573307     
  0.132131953256067     
  0.132131320225914     
  0.132130535952754     
  0.132129831983790     
  0.132129203828080     
  0.132128662804393     
  0.132128197274223     
  0.132127797941797     
  0.132127455681704     
  0.132127176884565     
  0.132126950801035     
  0.132126771813752     
  0.132126625344097     
  0.132126503523099     
  0.132126394940936     
  0.132126357610614     
  0.132126323958573     
  0.132126294960510     
  0.132126268638626     
  0.132126245740560     
  0.132126223685235     
  0.132126204135433     
  0.132126185447342     
  0.132126169069737     
  0.132126163161532     
  0.132126147590425     
  0.132126134790302     
  0.132126123774066     
  0.132126114860642     
  0.132126107045948     
  0.132126098476904     
  0.132126091901151     
  0.132126086483676     
  0.132126080891054     
  0.132126075212014     
  0.132126072872878     
  0.132126068257524     
  0.132126065251702     
  0.132126062473566     
  0.132126060898238     
  0.132126058293552     
  0.132126057024840     
  0.132126055426554     
  0.132126054731786     
  0.132126052791600     
  0.132126052088137     
  0.132126052300907     
  0.132126051547829     
  0.132126051185301     
  0.132126051311330     
  0.132126051228628     
  0.132126050831749     
  0.132126051519495     
  0.132126051360072     
  0.132126051209480     
  0.132126051551362     
  0.132126052004206     
  0.132126052371933     
  0.132126052181615     
  0.132126051796484     
  0.132126051144172     
  0.132126049759445     
  0.132126048407131     
  0.132126048851241     
  0.133731785066969     
