  2.042381843000474E-002
  1.966604288048793E-002
  1.917852716383285E-002
  1.885489685683945E-002
  1.863729162665323E-002
  1.848885998600812E-002
  1.838575751685315E-002
  1.831306051424975E-002
  1.826118899422410E-002
  1.822376997440147E-002
  1.819657846775918E-002
  1.817668789175464E-002
  1.816207461061724E-002
  1.815133146174280E-002
  1.814344115201813E-002
  1.813767872679169E-002
  1.813351142610972E-002
  1.813054778918147E-002
  1.812849641522314E-002
  1.812714705917842E-002
  1.812633199958910E-002
  1.812592568915404E-002
  1.812583242326526E-002
  1.812597812254861E-002
  1.812630558414942E-002
  1.812676952102075E-002
  1.812733372637725E-002
  1.812796992545837E-002
  1.812865568448355E-002
  1.812937237513473E-002
  1.813010501913764E-002
  1.813084056484000E-002
  1.813156341619249E-002
  1.813226035946245E-002
  1.813292558752741E-002
  1.813354512617672E-002
  1.813410100583936E-002
  1.813461183641418E-002
  1.813508601812861E-002
  1.813553277749623E-002
  1.813595254394256E-002
  1.813634846747800E-002
  1.813672038729366E-002
  1.813707491234512E-002
  1.813742886252809E-002
  1.813778650736748E-002
  1.813814322322180E-002
  1.813849586981098E-002
  1.813884100103723E-002
  1.813917447362880E-002
  1.813947789113467E-002
  1.813976839150765E-002
  1.814004646427182E-002
  1.814031230193164E-002
  1.814056595416592E-002
  1.814080739920823E-002
  1.814103677697275E-002
  1.814125412761302E-002
  1.814145960243993E-002
  1.814165321972594E-002
  1.814183558899047E-002
  1.814200743152018E-002
  1.814216904634607E-002
  1.814232096458462E-002
  1.814246370902042E-002
  1.814259782440958E-002
  1.814272391233424E-002
  1.814284275704664E-002
  1.814295476463981E-002
  1.814306022561291E-002
  1.814315949424587E-002
  1.814325269699350E-002
  1.814334016466130E-002
  1.814342212941496E-002
  1.814349884865390E-002
  1.814357057050951E-002
  1.814363758953717E-002
  1.814370015874701E-002
  1.814375849527186E-002
  1.814381285503782E-002
  1.814386341099087E-002
  1.814391039890700E-002
  1.814395398436424E-002
  1.814399441667071E-002
  1.814403186755109E-002
  1.814406649828708E-002
  1.814409844238313E-002
  1.814412787196918E-002
  1.814415493680034E-002
  1.814417967843516E-002
  1.814420225527889E-002
  1.814422262890592E-002
  1.814424084544340E-002
  1.814425683775837E-002
  1.814427043715817E-002
  1.814428123582740E-002
  1.814428861171228E-002
  1.814429156398604E-002
  1.814428885254688E-002
  1.814434730724720E-002
