   1.33610341366245     
   1.33612266661860     
   1.33608177976543     
   1.33601222050018     
   1.33591818275293     
   1.33581665268122     
   1.33570705937096     
   1.33559172585626     
   1.33547354404437     
   1.33535545128552     
   1.33523670603863     
   1.33511943812024     
   1.33500438951639     
   1.33489288849806     
   1.33478539654870     
   1.33468233510702     
   1.33458379471963     
   1.33448992880070     
   1.33440068200551     
   1.33431636425054     
   1.33423671776989     
   1.33416165978133     
   1.33409105225423     
   1.33402487893163     
   1.33396283462014     
   1.33390470749737     
   1.33385032593588     
   1.33379951557597     
   1.33375204294731     
   1.33370775318589     
   1.33366644260334     
   1.33362784475751     
   1.33359199461071     
   1.33355813982602     
   1.33352836957716     
   1.33350045961294     
   1.33347392375891     
   1.33345415803174     
   1.33343598897990     
   1.33341836520287     
   1.33340161133769     
   1.33338574882491     
   1.33337083703867     
   1.33335677603962     
   1.33334366874602     
   1.33333137887723     
   1.33331994093668     
   1.33330922493941     
   1.33329918035799     
   1.33328968903347     
   1.33328222212780     
   1.33327522217640     
   1.33326865223648     
   1.33326247204435     
   1.33325665993661     
   1.33325118746981     
   1.33324603229553     
   1.33324117991788     
   1.33323660868798     
   1.33323231404088     
   1.33322829746070     
   1.33322454670172     
   1.33322103906974     
   1.33321773885581     
   1.33321463325313     
   1.33321170593450     
   1.33320895107311     
   1.33320635603602     
   1.33320391872692     
   1.33320162717860     
   1.33319947485227     
   1.33319745344425     
   1.33319555841350     
   1.33319377970731     
   1.33319211422757     
   1.33319055001826     
   1.33318909037322     
   1.33318772347561     
   1.33318644601251     
   1.33318525094084     
   1.33318413901726     
   1.33318309739221     
   1.33318212951662     
   1.33318122653390     
   1.33318038815757     
   1.33317960980790     
   1.33317888739994     
   1.33317821780011     
   1.33317759921840     
   1.33317702951015     
   1.33317650421423     
   1.33317602173679     
   1.33317558219822     
   1.33317518098931     
   1.33317481852434     
   1.33317449185677     
   1.33317420393642     
   1.33317395393104     
   1.33317380538455     
   1.33317117819948     
