  0.419600970704697     
  0.418637805032974     
  0.417789479771838     
  0.417091907895507     
  0.416530947349646     
  0.416088551483295     
  0.415737005722179     
  0.415456071329424     
  0.415230395001067     
  0.415049885763401     
  0.414903817553471     
  0.414785744380200     
  0.414690634419799     
  0.414614202705545     
  0.414553295524404     
  0.414504993916594     
  0.414467129992647     
  0.414437880837449     
  0.414415769536593     
  0.414399522412617     
  0.414388099375807     
  0.414380656110825     
  0.414376485762340     
  0.414375023194751     
  0.414375727212801     
  0.414378160203448     
  0.414381972594126     
  0.414386872668690     
  0.414392585906702     
  0.414398915100990     
  0.414405658878534     
  0.414412708261426     
  0.414419847112695     
  0.414427283224625     
  0.414435037743179     
  0.414442356725599     
  0.414449387812597     
  0.414458657119511     
  0.414468164752580     
  0.414477000085473     
  0.414485250259267     
  0.414493052400047     
  0.414500463249773     
  0.414507529164785     
  0.414514246673656     
  0.414520647361545     
  0.414526728557408     
  0.414532486356756     
  0.414537932729538     
  0.414543072405331     
  0.414547547178728     
  0.414551719602688     
  0.414555608594193     
  0.414559231671890     
  0.414562615453696     
  0.414565754621657     
  0.414568669562703     
  0.414571373905158     
  0.414573882287903     
  0.414576278736064     
  0.414578476082790     
  0.414580548822895     
  0.414582471309400     
  0.414584234557042     
  0.414585875568565     
  0.414587390918632     
  0.414588793850440     
  0.414590094074068     
  0.414591297332483     
  0.414592411908944     
  0.414593444076570     
  0.414594399277807     
  0.414595283165559     
  0.414596101265452     
  0.414596857761059     
  0.414597558500699     
  0.414598205296489     
  0.414598803432578     
  0.414599356214891     
  0.414599867145175     
  0.414600338387747     
  0.414600774386911     
  0.414601176225384     
  0.414601546946843     
  0.414601888220808     
  0.414602202430911     
  0.414602491527665     
  0.414602757394106     
  0.414603001262501     
  0.414603224295681     
  0.414603428281688     
  0.414603613970126     
  0.414603782784399     
  0.414603934752744     
  0.414604070760998     
  0.414604191141714     
  0.414604294585749     
  0.414604383396491     
  0.414604454668748     
  0.414604815529462     
