  0.594747642590961     
  0.594103134568596     
  0.593671874180735     
  0.593358546586217     
  0.593119080566865     
  0.592929359956982     
  0.592773661576830     
  0.592642211168333     
  0.592528333970211     
  0.592429185615235     
  0.592341122248069     
  0.592262113861271     
  0.592191075581480     
  0.592126544929456     
  0.592068015918308     
  0.592014439120170     
  0.591965422088876     
  0.591920474225486     
  0.591879364183214     
  0.591841436248968     
  0.591806528405848     
  0.591774376222185     
  0.591744773866901     
  0.591717446418186     
  0.591692228042226     
  0.591668930693149     
  0.591647418065771     
  0.591627514199947     
  0.591609097096054     
  0.591592041458577     
  0.591576225676137     
  0.591561562294315     
  0.591547918061452     
  0.591535959501157     
  0.591524171312091     
  0.591513190726975     
  0.591505717560690     
  0.591496842858906     
  0.591488582918463     
  0.591481041851972     
  0.591474178635290     
  0.591467900241554     
  0.591462140001079     
  0.591456847161766     
  0.591451996914806     
  0.591447549545878     
  0.591443469163195     
  0.591439708061911     
  0.591436234221388     
  0.591433009402142     
  0.591430111033990     
  0.591427415581108     
  0.591424910970160     
  0.591422581073247     
  0.591420420812430     
  0.591418410615861     
  0.591416548057798     
  0.591414819751855     
  0.591413222381127     
  0.591411792077644     
  0.591410427472111     
  0.591409163244325     
  0.591407992308468     
  0.591406914610865     
  0.591405920524227     
  0.591404998062602     
  0.591404151506781     
  0.591403372929970     
  0.591402653302714     
  0.591401986285662     
  0.591401381193618     
  0.591400818836733     
  0.591400302461554     
  0.591399830141430     
  0.591399397600216     
  0.591398998405842     
  0.591398635830109     
  0.591398303304537     
  0.591398000411718     
  0.591397720415698     
  0.591397465769688     
  0.591397237722741     
  0.591397026333253     
  0.591396836121247     
  0.591396663498557     
  0.591396506266443     
  0.591396362615421     
  0.591396234986364     
  0.591396118076216     
  0.591396012760415     
  0.591395919208545     
  0.591395835517637     
  0.591395761870759     
  0.591395695652696     
  0.591395636009983     
  0.591395584380984     
  0.591395539274443     
  0.591395504206286     
  0.591395476274727     
  0.591395025033182     
