   8.19865466162581     
   8.13240166522213     
   8.08072613063274     
   8.03717843602802     
   7.99942569939051     
   7.96628136658039     
   7.93689021611375     
   7.91064724463438     
   7.88718246265264     
   7.86593984245340     
   7.84676329676482     
   7.82941519875411     
   7.81375573828439     
   7.79951513942267     
   7.78635932008648     
   7.77447201179556     
   7.76354320687716     
   7.75355187252188     
   7.74437254943120     
   7.73598802817040     
   7.72804837448186     
   7.72088270606875     
   7.71423013954578     
   7.70815416570307     
   7.70254358187464     
   7.69736888975985     
   7.69257560443943     
   7.68808683940962     
   7.68388635190980     
   7.68005023400343     
   7.67645788500319     
   7.67312076064247     
   7.67003669051961     
   7.66718958097719     
   7.66454520656826     
   7.66209004774040     
   7.65973278440111     
   7.65755850982801     
   7.65557598257092     
   7.65373200030084     
   7.65201848788391     
   7.65042098964640     
   7.64894108077234     
   7.64757033908633     
   7.64629851281790     
   7.64511831562820     
   7.64402303524847     
   7.64300084396622     
   7.64205194576916     
   7.64117080194762     
   7.64034847309995     
   7.63957261616294     
   7.63885964908834     
   7.63819805512595     
   7.63758270544838     
   7.63701170039915     
   7.63648162482627     
   7.63598897581317     
   7.63553258853563     
   7.63510859911855     
   7.63471562826563     
   7.63434879335607     
   7.63400849273020     
   7.63369380180527     
   7.63340309118341     
   7.63313395905072     
   7.63288533187931     
   7.63265591634494     
   7.63243983397825     
   7.63223620626946     
   7.63204707813656     
   7.63187209566580     
   7.63152440255042     
   7.63131429471451     
   7.63115164523551     
   7.63101182861323     
   7.63088663024403     
   7.63077287730047     
   7.63066966931795     
   7.63057574478444     
   7.63049052047905     
   7.63041309849751     
   7.63034270969596     
   7.63027872269448     
   7.63022040094173     
   7.63016738555346     
   7.63011930952000     
   7.63007140653048     
   7.63002831845563     
   7.62999008106538     
   7.62995573175424     
   7.62992456419969     
   7.62989593178072     
   7.62986952116332     
   7.62984488294796     
   7.62982197644943     
   7.62980003571368     
   7.62977778829715     
   7.62974815650846     
  6.987507848540050E-004
   8.19865466162581     
   8.13240166522213     
   8.08072613063274     
   8.03717843602802     
   7.99942569939051     
   7.96628136658039     
   7.93689021611375     
   7.91064724463438     
   7.88718246265264     
   7.86593984245340     
   7.84676329676482     
   7.82941519875411     
   7.81375573828439     
   7.79951513942267     
   7.78635932008648     
   7.77447201179556     
   7.76354320687716     
   7.75355187252188     
   7.74437254943120     
   7.73598802817040     
   7.72804837448186     
   7.72088270606875     
   7.71423013954578     
   7.70815416570307     
   7.70254358187464     
   7.69736888975985     
   7.69257560443943     
   7.68808683940962     
   7.68388635190980     
   7.68005023400343     
   7.67645788500319     
   7.67312076064247     
   7.67003669051961     
   7.66718958097719     
   7.66454520656826     
   7.66209004774040     
   7.65973278440111     
   7.65755850982801     
   7.65557598257092     
   7.65373200030084     
   7.65201848788391     
   7.65042098964640     
   7.64894108077234     
   7.64757033908633     
   7.64629851281790     
   7.64511831562820     
   7.64402303524847     
   7.64300084396622     
   7.64205194576916     
   7.64117080194762     
   7.64034847309995     
   7.63957261616294     
   7.63885964908834     
   7.63819805512595     
   7.63758270544838     
   7.63701170039915     
   7.63648162482627     
   7.63598897581317     
   7.63553258853563     
   7.63510859911855     
   7.63471562826563     
   7.63434879335607     
   7.63400849273020     
   7.63369380180527     
   7.63340309118341     
   7.63313395905072     
   7.63288533187931     
   7.63265591634494     
   7.63243983397825     
   7.63223620626946     
   7.63204707813656     
   7.63187209566580     
   7.63152440255042     
   7.63131429471451     
   7.63115164523551     
   7.63101182861323     
   7.63088663024403     
   7.63077287730047     
   7.63066966931795     
   7.63057574478444     
   7.63049052047905     
   7.63041309849751     
   7.63034270969596     
   7.63027872269448     
   7.63022040094173     
   7.63016738555346     
   7.63011930952000     
   7.63007140653048     
   7.63002831845563     
   7.62999008106538     
   7.62995573175424     
   7.62992456419969     
   7.62989593178072     
   7.62986952116332     
   7.62984488294796     
   7.62982197644943     
   7.62980003571368     
   7.62977778829715     
   7.62974815650846     
  8.033029368691099E-006
                     NaN
                     NaN
                     NaN
                     NaN
                     NaN
                     NaN
                     NaN
                     NaN
                     NaN
                     NaN
                     NaN
                     NaN
                     NaN
                     NaN
                     NaN
                     NaN
                     NaN
                     NaN
                     NaN
                     NaN
                     NaN
                     NaN
                     NaN
                     NaN
                     NaN
                     NaN
                     NaN
                     NaN
                     NaN
                     NaN
                     NaN
                     NaN
                     NaN
                     NaN
                     NaN
                     NaN
                     NaN
                     NaN
                     NaN
                     NaN
                     NaN
                     NaN
                     NaN
                     NaN
                     NaN
                     NaN
                     NaN
                     NaN
                     NaN
                     NaN
                     NaN
                     NaN
                     NaN
                     NaN
                     NaN
                     NaN
                     NaN
                     NaN
                     NaN
                     NaN
                     NaN
                     NaN
                     NaN
                     NaN
                     NaN
                     NaN
                     NaN
                     NaN
                     NaN
                     NaN
                     NaN
                     NaN
                     NaN
                     NaN
                     NaN
                     NaN
                     NaN
                     NaN
                     NaN
                     NaN
                     NaN
                     NaN
                     NaN
                     NaN
                     NaN
                     NaN
                     NaN
                     NaN
                     NaN
                     NaN
                     NaN
                     NaN
                     NaN
                     NaN
                     NaN
                     NaN
                     NaN
                     NaN
                     NaN
  1.346332962900101E-007
                     NaN
                     NaN
                     NaN
                     NaN
                     NaN
                     NaN
                     NaN
                     NaN
                     NaN
                     NaN
                     NaN
                     NaN
                     NaN
                     NaN
                     NaN
                     NaN
                     NaN
                     NaN
                     NaN
                     NaN
                     NaN
                     NaN
                     NaN
                     NaN
                     NaN
                     NaN
                     NaN
                     NaN
                     NaN
                     NaN
                     NaN
                     NaN
                     NaN
                     NaN
                     NaN
                     NaN
                     NaN
                     NaN
                     NaN
                     NaN
                     NaN
                     NaN
                     NaN
                     NaN
                     NaN
                     NaN
                     NaN
                     NaN
                     NaN
                     NaN
                     NaN
                     NaN
                     NaN
                     NaN
                     NaN
                     NaN
                     NaN
                     NaN
                     NaN
                     NaN
                     NaN
                     NaN
                     NaN
                     NaN
                     NaN
                     NaN
                     NaN
                     NaN
                     NaN
                     NaN
                     NaN
                     NaN
                     NaN
                     NaN
                     NaN
                     NaN
                     NaN
                     NaN
                     NaN
                     NaN
                     NaN
                     NaN
                     NaN
                     NaN
                     NaN
                     NaN
                     NaN
                     NaN
                     NaN
                     NaN
                     NaN
                     NaN
                     NaN
                     NaN
                     NaN
                     NaN
                     NaN
                     NaN
                     NaN
  1.453885756765551E-009
