  0.168208483378587     
  0.168208850848844     
  0.168212640829952     
  0.168225668261726     
  0.168255519571096     
  0.168311194436091     
  0.168402908131314     
  0.168541959935635     
  0.168740637106864     
  0.169012140723533     
  0.169370526139373     
  0.169830653786164     
  0.170408147627029     
  0.171119359456914     
  0.171981337792131     
  0.173011800440541     
  0.174229110077582     
  0.175652252314898     
  0.177300815863250     
  0.178298867117220     
  0.179241594609563     
  0.180693969852216     
  0.181851954078363     
  0.183747806322354     
  0.185690306379938     
  0.187038171088920     
  0.188251320120777     
  0.190501360455957     
  0.192191833344874     
  0.193921002569239     
  0.195702320754449     
  0.197211464089228     
  0.199475005307566     
  0.202218577478849     
  0.204466850497153     
  0.206296404169817     
  0.208190814903977     
  0.210305604296248     
  0.212405897347777     
  0.214590994658295     
  0.216680752171477     
  0.219364641340481     
  0.222774360285302     
  0.225611170709164     
  0.227853977669380     
  0.230399552182753     
  0.233023723073825     
  0.235210181818929     
  0.237702027489814     
  0.240430243536324     
  0.243134799588546     
  0.245454584552106     
  0.248164495910387     
  0.251062171449126     
  0.253779993684091     
  0.256548717948957     
  0.260603667176224     
  0.265060091523470     
  0.268457611932660     
  0.271658049816015     
  0.274830565279166     
  0.278181955690237     
  0.281564345936114     
  0.285020794165942     
  0.288652856881050     
  0.292308518314632     
  0.296022953249165     
  0.299917868310333     
  0.303861798622306     
  0.307893037704782     
  0.312120208324522     
  0.316426366061204     
  0.320858158969008     
  0.325381972239989     
  0.330053821288687     
  0.334861793308291     
  0.339762955611611     
  0.344851836563746     
  0.350069249715926     
  0.355443967170024     
  0.360971448593146     
  0.366626599675190     
  0.372421553612438     
  0.378388366768901     
  0.384502398053449     
  0.390794692679340     
  0.397255399307063     
  0.403886727909762     
  0.410694900513672     
  0.417675303897076     
  0.424829708933984     
  0.432157731295039     
  0.439650679526336     
  0.447332877269061     
  0.455192510018196     
  0.463226644423239     
  0.471468508865180     
  0.479893317767582     
  0.488525201555792     
  0.497351833295673     
  0.506382561648002     
  0.515618648910095     
  0.525060591088685     
  0.534708170987615     
  0.544568957935687     
  0.554642923717844     
  0.564933138828309     
  0.575443152051135     
  0.586174230699033     
  0.597127387451345     
  0.608307895921983     
  0.619714792316526     
  0.631353553254993     
  0.643219619025857     
  0.655299523693177     
  0.667634520695374     
  0.680204816808296     
  0.693026645917246     
  0.706094369897288     
  0.719416903038059     
  0.732992342212186     
  0.746822936996352     
  0.760919517432241     
  0.775278968225951     
  0.789907804700754     
  0.804807016408532     
  0.819982511064745     
  0.835432585833901     
  0.851160961877122     
  0.867169321157181     
  0.883461373164344     
  0.900040483916232     
  0.916909866141831     
  0.934072990790327     
  0.951530050380130     
  0.969285769233480     
  0.987342860763460     
   1.00570370873681     
   1.02436789087666     
   1.04333804746025     
   1.06262764861332     
   1.08223405504788     
   1.10216176483927     
   1.12241391377555     
   1.14299334629126     
   1.16390375345465     
   1.18514814928101     
   1.20672964138744     
   1.22865106273251     
   1.25091516374466     
   1.27352584250134     
   1.29649182093082     
   1.31981350742321     
   1.34349131689785     
   1.36753202809953     
   1.39193804244191     
   1.41671317969369     
   1.44186165471431     
   1.46738711759014     
   1.49329408266120     
   1.51958602763590     
   1.54626688208193     
   1.57333903573709     
   1.60080687003014     
   1.62866248948623     
   1.65693369920968     
   1.68560476558346     
   1.71468742446595     
   1.74418896221353     
   1.77410425346129     
   1.80444328053564     
   1.83520949535979     
   1.86640224402612     
   1.89802996204194     
   1.93009537252734     
   1.96260072243200     
   1.99555262127479     
   2.02895415735182     
   2.06280829692982     
   2.09712096827279     
   2.13189524693509     
   2.16713604154213     
   2.20284674669280     
   2.23903115236516     
   2.27569204581853     
   2.31283495392418     
   2.35046315969545     
   2.38857988535615     
   2.42719070083826     
   2.46629871256721     
   2.50590746440329     
   2.54602244519147     
   2.58664348402648     
   2.62777453299138     
   2.66942220088433     
   2.71158655574665     
   2.75427185251974     
   2.79748511335684     
   2.84122614783428     
   2.88550028216513     
   2.93031350164077     
   2.97566626588297     
   3.02156427260213     
   3.06801272908089     
   3.11501336226041     
   3.15851938767764     
   3.19794632315998     
   3.23769864287470     
   3.27777768392394     
   3.31818450905549     
   3.35892015708320     
   3.40913670230331     
   3.46028764281481     
   3.51203728418249     
   3.56433511338732     
   3.61722784157522     
   3.67073135719387     
   3.72479850163679     
   3.77947043768622     
   3.83476497277632     
   3.89064047291719     
   3.94713024537993     
   4.00425313720669     
   4.06197535422083     
   4.12032157654811     
   4.17931128966582     
   4.23891837970653     
   4.29916005756787     
   4.36005415372393     
   4.42158386717146     
   4.48375857585316     
   4.54659724151945     
   4.61009157562303     
   4.67424311902440     
   4.73906985042478     
   4.80456615901460     
   4.87073513113459     
   4.93758834016081     
   5.00512633522058     
   5.07335021310016     
   5.14226972764726     
   5.21188811015655     
   5.28220592046554     
   5.35323059562648     
   5.42496769843581     
   5.49741779679887     
   5.57058785122176     
   5.64448101881342     
   5.71910262625013     
   5.79445603863915     
   5.87054575095337     
   5.94737766349702     
   6.02495526886582     
   6.10328296388445     
   6.18236577390837     
   6.26220834128770     
   6.34281667390337     
   6.42419681930500     
   6.50634978891007     
   6.58924956529735     
   6.67287302523380     
   6.75728209752721     
   6.84247114154751     
   6.92841873801214     
   7.01513149776369     
   7.10264275024342     
   7.19094383308303     
   7.28002510739896     
   7.36990086878366     
   7.46058769285435     
   7.55207969660512     
   7.64437626419570     
   7.73748866745744     
   7.83142901251010     
   7.92619277201231     
   8.02178301798742     
   8.11821184831986     
   8.21548471237951     
   8.31360219635141     
   8.41256513318412     
   8.51238604544609     
   8.61306849312763     
   8.71461395485187     
   8.81702695426844     
   8.92031711068748     
   9.02448785093767     
   9.12954373464930     
   9.23549006264869     
   9.34233354717119     
   9.45007742709251     
   9.55323254551880     
   9.64089480941794     
   9.72910190877280     
   9.81785540086167     
   9.90715707869026     
   10.0026876442866     
   10.1161887405092     
   10.2306239418926     
   10.3460107608911     
   10.4624920364040     
   10.5798097435590     
   10.6980059157774     
   10.8171646430308     
   10.9374136553559     
   11.0585403996028     
   11.1805699830735     
   11.3035741143546     
   11.4276640597636     
   11.5526790986429     
   11.6786187900392     
   11.8055450195651     
   11.9335510766427     
   12.0625286900249     
   12.1924586822749     
   12.3233854347897     
   12.4553890232561     
   12.5884057043422     
   12.7224045410735     
   12.8574133655493     
   12.9934928723587     
   13.1306251734562     
   13.2687713455671     
   13.4079441766334     
   13.5481912723707     
   13.6895142212111     
   13.8318894659289     
   13.9753113932208     
   14.1198120049822     
   14.2654065714403     
   14.4120834591854     
   14.5598373644759     
   14.7086732544666     
   14.8586216425790     
   15.0096787553425     
   15.1618365822739     
   15.3151002375624     
   15.4694847900288     
   15.6250014224680     
   15.7816456977741     
   15.9394193545143     
   16.0983290055636     
   16.2583878702371     
   16.4195989990311     
   16.5819636723939     
   16.7454819628250     
   16.9101631497550     
   17.0760234536794     
   17.2430570232214     
   17.4112705862486     
   17.5806735568886     
   17.7512671734193     
   17.9230646481912     
   18.0960626303667     
   18.2702642120288     
   18.4456823322360     
   18.6223202162134     
   18.8001832859895     
   18.9792681201647     
   19.1595972715758     
   19.3411520470901     
   19.5239727398193     
   19.7080219817432     
   19.8933388541919     
   20.0799209118309     
   20.2677519489415     
   20.4568815121690     
   20.6472594353752     
   20.8389369020575     
   21.0319043113562     
   21.2262196790429     
   21.4216741239349     
   21.6187747153072     
   21.8165269970630     
   22.0162527336983     
   22.2172706451689     
   22.4198977862933     
   22.6146061905797     
   22.7780835821978     
   22.9423476317942     
   23.1074004386102     
   23.2732436704404     
   23.4505580505827     
   23.6644315093001     
   23.8678960315656     
   24.0861461412860     
   24.3012582872217     
   24.5177641682864     
   24.7395761381640     
   24.9490652180716     
   25.1727966926589     
   25.3960589256225     
   25.6196114644052     
   25.8489268129028     
   26.0672203804918     
   26.2927474000610     
   26.5258032692427     
   26.7566051172079     
   26.9929719486647     
   27.2205004994510     
   27.4499620279436     
   27.6908305125359     
   27.9354871595636     
   28.1664516976409     
   28.4102757367754     
   28.6442780623423     
   28.8920654840260     
   29.1481086760293     
   29.3806955807112     
   29.6338762510254     
   29.8777239997407     
   30.1303722322908     
   30.3931320051641     
   30.6374084478296     
   30.8941900838589     
   31.1513905329847     
   31.4053637303789     
   31.6746925885328     
   31.9338676327962     
   32.1930730760596     
   32.4614867651301     
   32.7218239381650     
   32.9943564564537     
   33.2680188615923     
   33.5324273328116     
   33.8079053104666     
   34.0802176569360     
   34.3547925724276     
   34.6376162908414     
   34.9150690346059     
   35.1934534646896     
   35.4772581844784     
   35.7582962338475     
   36.0465697170398     
   36.3357152758272     
   36.6223133648862     
   36.9131372001988     
   37.2044796006569     
   37.4977388164333     
   37.7951889792503     
   38.0931892218390     
   38.3905828471254     
   38.6915963299381     
   38.9925601388741     
   39.2976145079173     
   39.6033979609115     
   39.9116031559668     
   40.2200285004789     
   40.5321616884746     
   40.8411085298203     
   41.1588930452209     
   41.4730298037728     
   41.7927561314492     
   42.1125280302515     
   42.4327643809903     
   42.7532909844222     
   43.0841209658378     
   43.4166253399758     
   43.7354933918832     
   44.0574600200871     
   44.3967831115947     
   44.7298892360651     
   45.0729971624094     
   45.3621769752565     
   45.6312251085078     
   45.9013297320348     
   46.1724929507890     
   46.4447169256335     
   46.7712784536437     
   47.1252901665581     
   47.4830464617424     
   47.8274360620713     
   48.1532642571952     
   48.5267564628606     
   48.8838220356909     
   49.2482530349924     
   49.6242049440210     
   49.9657811173070     
   50.3193011615748     
   50.6890137220563     
   51.0626073128414     
   51.4385856646721     
   51.8329681486335     
   52.1743635096143     
   52.5538178196150     
   52.9213073791418     
   53.3102779714955     
   53.6983814759479     
   54.1166499747119     
   54.4488711779090     
   54.8539224210205     
   55.2308414757774     
   55.6296256014737     
   56.0291546329530     
   56.4601603538993     
   56.8126140868726     
   57.2204548056038     
   57.6174601083152     
   58.0225791402693     
   58.4336418712236     
   58.8737217373542     
