  0.778336566479004     
  0.777818598710495     
  0.777402581542990     
  0.777052669515753     
  0.776758791886091     
  0.776504313078327     
  0.776280823293316     
  0.776088278157332     
  0.775918972328096     
  0.775771579591576     
  0.775642155771058     
  0.775526469741326     
  0.775426517637372     
  0.775336037714037     
  0.775256001201160     
  0.775185228664482     
  0.775121514581921     
  0.775064836653084     
  0.775016193927783     
  0.774970835157209     
  0.774930395353658     
  0.774894027893142     
  0.774862900986816     
  0.774833387897971     
  0.774806919960398     
  0.774781819789393     
  0.774760419930528     
  0.774741256124199     
  0.774723971177728     
  0.774708315960241     
  0.774694295627130     
  0.774681591429231     
  0.774670066393630     
  0.774659653612208     
  0.774650194157822     
  0.774641661647739     
  0.774634091905032     
  0.774627140386793     
  0.774620806270129     
  0.774615071887854     
  0.774610034521582     
  0.774604483018013     
  0.774600191236474     
  0.774596298595997     
  0.774592735809597     
  0.774589504802014     
  0.774586548570059     
  0.774583838317587     
  0.774581337945252     
  0.774579027977806     
  0.774576994354055     
  0.774575080312019     
  0.774573312170528     
  0.774572600758923     
  0.774571321250592     
  0.774569970148371     
  0.774568687460206     
  0.774567510215448     
  0.774566401438110     
  0.774565378304838     
  0.774564841501084     
  0.774564058606002     
  0.774563490713687     
  0.774562745833264     
  0.774562027856806     
  0.774561368097829     
  0.774560745749597     
  0.774560179784930     
  0.774559649846565     
  0.774559171414874     
  0.774558689778287     
  0.774558226013414     
  0.774557900743614     
  0.774557613646685     
  0.774557288220752     
  0.774556977757805     
  0.774556693710281     
  0.774556431286579     
  0.774556190054176     
  0.774555966731802     
  0.774555765341662     
  0.774555580333401     
  0.774555408211446     
  0.774555249601744     
  0.774555100839490     
  0.774554965955339     
  0.774554840999492     
  0.774554729212770     
  0.774554625937223     
  0.774554528004990     
  0.774554442600395     
  0.774554367009532     
  0.774554303981312     
  0.774554252750296     
  0.774554219041713     
  0.774554210046686     
  0.774554240697632     
  0.774554312437729     
  0.774554430411294     
  0.774553324570434     
