  0.148114984385016     
  0.150300358244469     
  0.151290477268902     
  0.151822844456044     
  0.152164772656400     
  0.152408770616552     
  0.152596802456708     
  0.152749626944995     
  0.152879010377674     
  0.152990846842945     
  0.153093438956290     
  0.153186613032598     
  0.153272329086327     
  0.153349924003629     
  0.153422825072831     
  0.153495462239591     
  0.153561252152299     
  0.153625087123097     
  0.153685261195987     
  0.153742664746521     
  0.153796588872470     
  0.153852537076609     
  0.153902168490733     
  0.153950382889995     
  0.153994868863647     
  0.154036997384935     
  0.154076825720248     
  0.154114464226023     
  0.154151285566226     
  0.154186982675750     
  0.154219381997197     
  0.154250632857021     
  0.154280206513855     
  0.154307769686212     
  0.154333318698181     
  0.154357313271668     
  0.154379765741374     
  0.154402780293873     
  0.154423787997876     
  0.154442601560848     
  0.154460199121348     
  0.154476605700861     
  0.154492144306971     
  0.154506402079764     
  0.154519567732065     
  0.154531756044204     
  0.154543029262256     
  0.154553438701504     
  0.154563169844166     
  0.154572141023551     
  0.154580350201103     
  0.154588092382762     
  0.154595495064701     
  0.154602127900497     
  0.154608189674993     
  0.154613755555979     
  0.154618876919161     
  0.154623580150710     
  0.154627866782720     
  0.154631769701414     
  0.154635314672696     
  0.154638539350866     
  0.154641486024799     
  0.154644164147153     
  0.154646599004412     
  0.154648783947690     
  0.154650741354241     
  0.154652485109972     
  0.154654038090476     
  0.154655493071648     
  0.154656875651699     
  0.154658138088816     
  0.154659241609470     
  0.154664336636160     
  0.154666613256696     
  0.154668010681430     
  0.154669028653623     
  0.154669854040781     
  0.154670547170908     
  0.154671130441467     
  0.154671615222571     
  0.154672015845957     
  0.154672342299457     
  0.154672605547336     
  0.154672815669224     
  0.154672978335044     
  0.154673097300984     
  0.154673106727715     
  0.154673337228606     
  0.154673446027253     
  0.154673503210970     
  0.154673531541807     
  0.154673541012823     
  0.154673542152362     
  0.154673539594687     
  0.154673536723209     
  0.154673538716081     
  0.154673565356609     
  0.154673695861700     
  6.987507848540050E-004
  0.999999999999999     
  0.999999999999994     
  0.999999999999997     
   1.00000000000000     
  0.999999999999999     
   1.00000000000000     
  0.999999999999999     
   1.00000000000000     
  0.999999999999998     
   1.00000000000000     
  0.999999999999998     
  0.999999999999999     
  0.999999999999999     
  0.999999999999996     
   1.00000000000000     
   1.00000000000000     
   1.00000000000000     
   1.00000000000000     
   1.00000000000001     
   1.00000000000000     
  0.999999999999999     
   1.00000000000000     
   1.00000000000001     
  0.999999999999996     
   1.00000000000000     
   1.00000000000001     
  0.999999999999999     
   1.00000000000000     
   1.00000000000000     
   1.00000000000000     
  0.999999999999999     
   1.00000000000000     
  0.999999999999999     
   1.00000000000000     
   1.00000000000001     
   1.00000000000001     
   1.00000000000000     
  0.999999999999999     
   1.00000000000000     
   1.00000000000001     
   1.00000000000000     
   1.00000000000001     
  0.999999999999999     
   1.00000000000000     
   1.00000000000000     
  0.999999999999995     
  0.999999999999998     
   1.00000000000000     
   1.00000000000000     
  0.999999999999998     
  0.999999999999999     
  0.999999999999999     
   1.00000000000000     
  0.999999999999994     
  0.999999999999999     
   1.00000000000000     
   1.00000000000000     
   1.00000000000001     
   1.00000000000000     
   1.00000000000000     
   1.00000000000000     
  0.999999999999998     
   1.00000000000000     
   1.00000000000000     
  0.999999999999999     
   1.00000000000000     
   1.00000000000000     
   1.00000000000000     
  0.999999999999998     
   1.00000000000000     
   1.00000000000000     
   1.00000000000001     
  0.999999999999997     
   1.00000000000000     
   1.00000000000000     
   1.00000000000000     
   1.00000000000001     
   1.00000000000001     
   1.00000000000000     
   1.00000000000000     
   1.00000000000001     
   1.00000000000000     
  0.999999999999999     
   1.00000000000000     
   1.00000000000000     
  0.999999999999998     
   1.00000000000000     
  0.999999999999998     
  0.999999999999990     
   1.00000000000000     
   1.00000000000000     
  0.999999999999998     
   1.00000000000000     
  0.999999999999997     
   1.00000000000000     
  0.999999999999998     
   1.00000000000000     
   1.00000000000000     
   1.00000000000001     
  8.033029368691099E-006
  0.000000000000000E+000
  0.000000000000000E+000
  0.000000000000000E+000
  0.000000000000000E+000
  0.000000000000000E+000
  0.000000000000000E+000
  0.000000000000000E+000
  0.000000000000000E+000
  0.000000000000000E+000
  0.000000000000000E+000
  0.000000000000000E+000
  0.000000000000000E+000
  0.000000000000000E+000
  0.000000000000000E+000
  0.000000000000000E+000
  0.000000000000000E+000
  0.000000000000000E+000
  0.000000000000000E+000
  0.000000000000000E+000
  0.000000000000000E+000
  0.000000000000000E+000
  0.000000000000000E+000
  0.000000000000000E+000
  0.000000000000000E+000
  0.000000000000000E+000
  0.000000000000000E+000
  0.000000000000000E+000
  0.000000000000000E+000
  0.000000000000000E+000
  0.000000000000000E+000
  0.000000000000000E+000
  0.000000000000000E+000
  0.000000000000000E+000
  0.000000000000000E+000
  0.000000000000000E+000
  0.000000000000000E+000
  0.000000000000000E+000
  0.000000000000000E+000
  0.000000000000000E+000
  0.000000000000000E+000
  0.000000000000000E+000
  0.000000000000000E+000
  0.000000000000000E+000
  0.000000000000000E+000
  0.000000000000000E+000
  0.000000000000000E+000
  0.000000000000000E+000
  0.000000000000000E+000
  0.000000000000000E+000
  0.000000000000000E+000
  0.000000000000000E+000
  0.000000000000000E+000
  0.000000000000000E+000
  0.000000000000000E+000
  0.000000000000000E+000
  0.000000000000000E+000
  0.000000000000000E+000
  0.000000000000000E+000
  0.000000000000000E+000
  0.000000000000000E+000
  0.000000000000000E+000
  0.000000000000000E+000
  0.000000000000000E+000
  0.000000000000000E+000
  0.000000000000000E+000
  0.000000000000000E+000
  0.000000000000000E+000
  0.000000000000000E+000
  0.000000000000000E+000
  0.000000000000000E+000
  0.000000000000000E+000
  0.000000000000000E+000
  0.000000000000000E+000
  0.000000000000000E+000
  0.000000000000000E+000
  0.000000000000000E+000
  0.000000000000000E+000
  0.000000000000000E+000
  0.000000000000000E+000
  0.000000000000000E+000
  0.000000000000000E+000
  0.000000000000000E+000
  0.000000000000000E+000
  0.000000000000000E+000
  0.000000000000000E+000
  0.000000000000000E+000
  0.000000000000000E+000
  0.000000000000000E+000
  0.000000000000000E+000
  0.000000000000000E+000
  0.000000000000000E+000
  0.000000000000000E+000
  0.000000000000000E+000
  0.000000000000000E+000
  0.000000000000000E+000
  0.000000000000000E+000
  0.000000000000000E+000
  0.000000000000000E+000
  0.000000000000000E+000
  1.346332962900101E-007
  0.000000000000000E+000
  0.000000000000000E+000
  0.000000000000000E+000
  0.000000000000000E+000
  0.000000000000000E+000
  0.000000000000000E+000
  0.000000000000000E+000
  0.000000000000000E+000
  0.000000000000000E+000
  0.000000000000000E+000
  0.000000000000000E+000
  0.000000000000000E+000
  0.000000000000000E+000
  0.000000000000000E+000
  0.000000000000000E+000
  0.000000000000000E+000
  0.000000000000000E+000
  0.000000000000000E+000
  0.000000000000000E+000
  0.000000000000000E+000
  0.000000000000000E+000
  0.000000000000000E+000
  0.000000000000000E+000
  0.000000000000000E+000
  0.000000000000000E+000
  0.000000000000000E+000
  0.000000000000000E+000
  0.000000000000000E+000
  0.000000000000000E+000
  0.000000000000000E+000
  0.000000000000000E+000
  0.000000000000000E+000
  0.000000000000000E+000
  0.000000000000000E+000
  0.000000000000000E+000
  0.000000000000000E+000
  0.000000000000000E+000
  0.000000000000000E+000
  0.000000000000000E+000
  0.000000000000000E+000
  0.000000000000000E+000
  0.000000000000000E+000
  0.000000000000000E+000
  0.000000000000000E+000
  0.000000000000000E+000
  0.000000000000000E+000
  0.000000000000000E+000
  0.000000000000000E+000
  0.000000000000000E+000
  0.000000000000000E+000
  0.000000000000000E+000
  0.000000000000000E+000
  0.000000000000000E+000
  0.000000000000000E+000
  0.000000000000000E+000
  0.000000000000000E+000
  0.000000000000000E+000
  0.000000000000000E+000
  0.000000000000000E+000
  0.000000000000000E+000
  0.000000000000000E+000
  0.000000000000000E+000
  0.000000000000000E+000
  0.000000000000000E+000
  0.000000000000000E+000
  0.000000000000000E+000
  0.000000000000000E+000
  0.000000000000000E+000
  0.000000000000000E+000
  0.000000000000000E+000
  0.000000000000000E+000
  0.000000000000000E+000
  0.000000000000000E+000
  0.000000000000000E+000
  0.000000000000000E+000
  0.000000000000000E+000
  0.000000000000000E+000
  0.000000000000000E+000
  0.000000000000000E+000
  0.000000000000000E+000
  0.000000000000000E+000
  0.000000000000000E+000
  0.000000000000000E+000
  0.000000000000000E+000
  0.000000000000000E+000
  0.000000000000000E+000
  0.000000000000000E+000
  0.000000000000000E+000
  0.000000000000000E+000
  0.000000000000000E+000
  0.000000000000000E+000
  0.000000000000000E+000
  0.000000000000000E+000
  0.000000000000000E+000
  0.000000000000000E+000
  0.000000000000000E+000
  0.000000000000000E+000
  0.000000000000000E+000
  0.000000000000000E+000
  1.453885756765551E-009
