  9.885318460237666E-002
  9.862791839047294E-002
  9.844744705092182E-002
  9.829599660117459E-002
  9.816901559534323E-002
  9.805922781311122E-002
  9.796293080818264E-002
  9.788006724028143E-002
  9.780726785619756E-002
  9.774396990846208E-002
  9.768842005055582E-002
  9.763880720165564E-002
  9.759597010527993E-002
  9.755720715423084E-002
  9.752294637724228E-002
  9.749265564163549E-002
  9.746539942407144E-002
  9.744114719840442E-002
  9.742036324959875E-002
  9.740097592813861E-002
  9.738369630445387E-002
  9.736815863623181E-002
  9.735486238659445E-002
  9.734225857934735E-002
  9.733095648170190E-002
  9.732023989078947E-002
  9.731110423729072E-002
  9.730292315571784E-002
  9.729554688222418E-002
  9.728886529749206E-002
  9.728288261666194E-002
  9.727746401791003E-002
  9.727254657978117E-002
  9.726810521555082E-002
  9.726407068218854E-002
  9.726042979269280E-002
  9.725719771886374E-002
  9.725423888536378E-002
  9.725153830264628E-002
  9.724909151640486E-002
  9.724694455167941E-002
  9.724457846235099E-002
  9.724275023669773E-002
  9.724109254287502E-002
  9.723957572173464E-002
  9.723819992502004E-002
  9.723694209076966E-002
  9.723579157179817E-002
  9.723473126123608E-002
  9.723375525455463E-002
  9.723288894652053E-002
  9.723207501518634E-002
  9.723132413305870E-002
  9.723116149699848E-002
  9.723052043174818E-002
  9.722993545634651E-002
  9.722939748912010E-002
  9.722889677742036E-002
  9.722843125088319E-002
  9.722800067567423E-002
  9.722796458630145E-002
  9.722759020968272E-002
  9.722723820085186E-002
  9.722691838527567E-002
  9.722661982044742E-002
  9.722634124134039E-002
  9.722608074835830E-002
  9.722585488733090E-002
  9.722562510597722E-002
  9.722542858730286E-002
  9.722522668702104E-002
  9.722503368238007E-002
  9.722490720143805E-002
  9.722478713067731E-002
  9.722465095720234E-002
  9.722452114084017E-002
  9.722440420525007E-002
  9.722429514279483E-002
  9.722419533223620E-002
  9.722410198010133E-002
  9.722401865371004E-002
  9.722394173908427E-002
  9.722387026371400E-002
  9.722380396413742E-002
  9.722374159616641E-002
  9.722368557282636E-002
  9.722363271332261E-002
  9.722358574748879E-002
  9.722354257014890E-002
  9.722350123227819E-002
  9.722346542470531E-002
  9.722343307928673E-002
  9.722340599522410E-002
  9.722338390880135E-002
  9.722336906962686E-002
  9.722336451207712E-002
  9.722337632495986E-002
  9.722340515414916E-002
  9.722345372319011E-002
  9.885283839754380E-002
