  -63.4568834665003     
  -63.4568781399022     
  -63.4568232039409     
  -63.4566343848393     
  -63.4562018037933     
  -63.4553953161497     
  -63.4540676541211     
  -63.4520567855429     
  -63.4491879711911     
  -63.4452757564648     
  -63.4401260348387     
  -63.4335382700925     
  -63.4253079321969     
  -63.4152291768099     
  -63.4030977759632     
  -63.3887142857296     
  -63.3718874148532     
  -63.3524375367152     
  -63.3302002664017     
  -63.3049330777587     
  -63.2763616007314     
  -63.2443069039741     
  -63.2085813285406     
  -63.1690515114520     
  -63.1255954936843     
  -63.0780493313477     
  -63.0261255807488     
  -62.9696894213594     
  -62.9086205663695     
  -62.8427969838095     
  -62.7721304989991     
  -62.6964009358481     
  -62.6154722486866     
  -62.5293276587594     
  -62.4378822637518     
  -62.3410150311335     
  -62.2385297617803     
  -62.1304002948398     
  -62.0165914771342     
  -61.8970359516409     
  -61.7715983255789     
  -61.6401627523742     
  -61.5028710846318     
  -61.3596972563569     
  -61.2103585846588     
  -61.0548641726301     
  -60.8933886051151     
  -60.7257684890813     
  -60.5517850009193     
  -60.3716771149108     
  -60.1855007160383     
  -59.9929230296107     
  -59.7940381979428     
  -59.5890967517102     
  -59.3779373968319     
  -59.1605342897370     
  -58.9370083697822     
  -58.7074545403578     
  -58.4718889399420     
  -58.2304399005343     
  -57.9831509606543     
  -57.7300121397819     
  -57.4712117599880     
  -57.2067955152960     
  -56.9368957467809     
  -56.6616856674344     
  -56.3812118879239     
  -56.0956190893411     
  -55.8050868077089     
  -55.5097096580856     
  -55.2096844205579     
  -54.9052114981873     
  -54.5964408077330     
  -54.2835291820993     
  -53.9666546491175     
  -53.6460193080409     
  -53.3217813659574     
  -52.9941534450356     
  -52.6633439590545     
  -52.3295539502219     
  -51.9929904288384     
  -51.6538317044647     
  -51.3122526862126     
  -50.9684582919213     
  -50.6226377114749     
  -50.2749946285911     
  -49.9257280456570     
  -49.5750294006168     
  -49.2230900276133     
  -48.8700920585391     
  -48.5162109674127     
  -48.1616154768394     
  -47.8064595623910     
  -47.4509099146996     
  -47.0951211850204     
  -46.7392356845652     
  -46.3834163550443     
  -46.0278043430160     
  -45.6725482449083     
  -45.3177834693129     
  -44.9636429458410     
  -44.6102547113550     
  -44.2577396974273     
  -43.9062114577679     
  -43.5557817401821     
  -43.2065563211346     
  -42.8586358928087     
  -42.5121171053855     
  -42.1670910422960     
  -41.8236427973330     
  -41.4818544503306     
  -41.1418018019566     
  -40.8035575282438     
  -40.4671862722965     
  -40.1327387570856     
  -39.8002813435152     
  -39.4698696961267     
  -39.1415596026627     
  -38.8154006774394     
  -38.4914408122064     
  -38.1697229883858     
  -37.8502859279555     
  -37.5331686797782     
  -37.2184055731134     
  -36.9060285738376     
  -36.5960664056111     
  -36.2885458816104     
  -35.9834896820340     
  -35.6809175221067     
  -35.3808464799140     
  -35.0832913342965     
  -34.7882648993890     
  -34.4957779731905     
  -34.2058394913544     
  -33.9184557254265     
  -33.6336312170596     
  -33.3513689013764     
  -33.0716699112952     
  -32.7945328696625     
  -32.5199544681007     
  -32.2479324379653     
  -31.9784631910970     
  -31.7115413622526     
  -31.4471605469070     
  -31.1853131690802     
  -30.9259906261583     
  -30.6691833310105     
  -30.4148807129625     
  -30.1630712324358     
  -29.9137423838977     
  -29.6668809435181     
  -29.4224738488947     
  -29.1805075245675     
  -28.9409669788132     
  -28.7038367342766     
  -28.4691010253677     
  -28.2367434883949     
  -28.0067474459731     
  -27.7790958783150     
  -27.5537714069171     
  -27.3307564003314     
  -27.1100329234458     
  -26.8915826164693     
  -26.6753867693489     
  -26.4614255911952     
  -26.2496798039383     
  -26.0401309138497     
  -25.8327588354868     
  -25.6275443932365     
  -25.4244680367581     
  -25.2235095800266     
  -25.0246493407599     
  -24.8278672659476     
  -24.6331430894610     
  -24.4404568430584     
  -24.2497883425231     
  -24.0611173898093     
  -23.8744239842630     
  -23.6896880026869     
  -23.5068893530559     
  -23.3260080935877     
  -23.1470242936865     
  -22.9699181057984     
  -22.7946697181310     
  -22.6212592995094     
  -22.4496670486921     
  -22.2798733450553     
  -22.1118585886053     
  -21.9456032726398     
  -21.7810880735972     
  -21.6182937169777     
  -21.4572010263629     
  -21.2977909534728     
  -21.1400443404581     
  -20.9839421689309     
  -20.8294657023600     
  -20.6765960979440     
  -20.5253147330455     
  -20.3756032788773     
  -20.2274433044254     
  -20.0808166448802     
  -19.9357054340584     
  -19.7920917422542     
  -19.6499579059000     
  -19.5092865480996     
  -19.3700609583478     
  -19.2322685462640     
  -19.0958931014931     
  -18.9609181568661     
  -18.8273308043697     
  -18.6951150575375     
  -18.5642518813992     
  -18.4347249395353     
  -18.3065185696679     
  -18.1796146590595     
  -18.0539973424248     
  -17.9296515468788     
  -17.8065601566677     
  -17.6847077741083     
  -17.5640798395195     
  -17.4446602286053     
  -17.3264340017382     
  -17.2093870642479     
  -17.0935042314284     
  -16.9787710544280     
  -16.8651738785579     
  -16.7526983749277     
  -16.6413305951729     
  -16.5310572803916     
  -16.4218648660522     
  -16.3137399541436     
  -16.2066697376207     
  -16.1006413763061     
  -15.9956420657213     
  -15.8916594308679     
  -15.7886811900765     
  -15.6866950955969     
  -15.5856892021902     
  -15.4856517355698     
  -15.3865709812663     
  -15.2884354310655     
  -15.1912337721926     
  -15.0949547894500     
  -14.9995874160363     
  -14.9051207697904     
  -14.8115440978433     
  -14.7188467726695     
  -14.6270183280751     
  -14.5360484446817     
  -14.4459269285470     
  -14.3566437262347     
  -14.2681889314483     
  -14.1805527702353     
  -14.0937255984297     
  -14.0076979087340     
  -13.9224603268711     
  -13.8380029948703     
  -13.7543156273887     
  -13.6713892933177     
  -13.5892149728272     
  -13.5077832836826     
  -13.4270850794984     
  -13.3471118878834     
  -13.2678550950659     
  -13.1893059721108     
  -13.1114560981776     
  -13.0342973964868     
  -12.9578217199065     
  -12.8820209409056     
  -12.8068871920918     
  -12.7324128100221     
  -12.6585901210174     
  -12.5854115238691     
  -12.5128696242549     
  -12.4409571714109     
  -12.3696669426292     
  -12.2989918121691     
  -12.2289248246136     
  -12.1594591259841     
  -12.0905879053189     
  -12.0223044371794     
  -11.9546021512915     
  -11.8874745649982     
  -11.8209152504569     
  -11.7549178641903     
  -11.6894761932423     
  -11.6245841076433     
  -11.5602355589475     
  -11.4964245813972     
  -11.4331453052435     
  -11.3703920101648     
  -11.3081607121594     
  -11.2464464062376     
  -11.1852434503222     
  -11.1245463471137     
  -11.0643509864401     
  -11.0046507864303     
  -10.9454396915274     
  -10.8867125023415     
  -10.8284651455151     
  -10.7706916432430     
  -10.7133863320652     
  -10.6565442148496     
  -10.6001612022579     
  -10.5442318857199     
  -10.4887509447805     
  -10.4337135740296     
  -10.3791156951111     
  -10.3249524097233     
  -10.2712187312387     
  -10.2179100427218     
  -10.1650222987554     
  -10.1125510276494     
  -10.0604915766618     
  -10.0088395213107     
  -9.95759087378899     
  -9.90674149845414     
  -9.85628707078226     
  -9.80622337063709     
  -9.75654649370722     
  -9.70725255879596     
  -9.65833754888284     
  -9.60979746363192     
  -9.56162850985540     
  -9.51382700587028     
  -9.46638921314121     
  -9.41931136247078     
  -9.37258979128572     
  -9.32622096416975     
  -9.28020136610001     
  -9.23452745472559     
  -9.18919572985692     
  -9.14420279286902     
  -9.09954530843554     
  -9.05521994309439     
  -9.01122337491727     
  -8.96755234545916     
  -8.92420366948502     
  -8.88117419505646     
  -8.83846078005964     
  -8.79606031519914     
  -8.75396975128477     
  -8.71218609023398     
  -8.67070635811969     
  -8.62952760070914     
  -8.58864690321495     
  -8.54806140168014     
  -8.50776827072469     
  -8.46776470845655     
  -8.42804794304053     
  -8.38861524800802     
  -8.34946393310546     
  -8.31059133281661     
  -8.27199480072797     
  -8.23367172462160     
  -8.19561953891929     
  -8.15783570592225     
  -8.12031770823308     
  -8.08306304981384     
  -8.04606927202797     
  -8.00933395637293     
  -7.97285470741636     
  -7.93662914830367     
  -7.90065492556227     
  -7.86492972200723     
  -7.82945125545332     
  -7.79421726373051     
  -7.75922550260666     
  -7.72447375195474     
  -7.68995982638706     
  -7.65568157704353     
  -7.62163687186439     
  -7.58782359093038     
  -7.55423963012506     
  -7.52088292589210     
  -7.48775145658948     
  -7.45484322828334     
  -7.42215691982731     
  -7.38969086540039     
  -7.35744309691317     
  -7.32541168738057     
  -7.29359469998590     
  -7.26199010530331     
  -7.23059597948953     
  -7.19941046379529     
  -7.16843175187612     
  -7.13765801124099     
  -7.10708735030976     
  -7.07671793607587     
  -7.04654801068745     
  -7.01657586752714     
  -6.98679977399670     
  -6.95721796499410     
  -6.92782868867635     
  -6.89863029467555     
  -6.86962114575947     
  -6.84079961877355     
  -6.81216405945982     
  -6.78371280034796     
  -6.75544428482359     
  -6.72735694044787     
  -6.69944925464405     
  -6.67171964795511     
  -6.64416657909806     
  -6.61678854519540     
  -6.58958404792384     
  -6.56255166993423     
  -6.53568989297506     
  -6.50899729134905     
  -6.48247242875951     
  -6.45611388054248     
  -6.42992029567767     
  -6.40389025504314     
  -6.37802241087655     
  -6.35231540634975     
  -6.32676789183424     
  -6.30137854823556     
  -6.27614606581427     
  -6.25106914803063     
  -6.22614651441056     
  -6.20137688861305     
  -6.17675900260563     
  -6.15229162338594     
  -6.12797351245325     
  -6.10380345887669     
  -6.07978025417695     
  -6.05590269600366     
  -6.03216959997700     
  -6.00857979895196     
  -5.98513213675502     
  -5.96182546987094     
  -5.93865866022725     
  -5.91563057679639     
  -5.89274010916215     
  -5.86998615720433     
  -5.84736763473512     
  -5.82488346335584     
  -5.80253257077924     
  -5.78031389478279     
  -5.75822639006577     
  -5.73626902121305     
  -5.71444076494724     
  -5.69274060467950     
  -5.67116753028676     
  -5.64972054312761     
  -5.62839865820006     
  -5.60720090015136     
  -5.58612630402623     
  -5.56517391132391     
  -5.54434277041599     
  -5.52363194328502     
  -5.50304049891715     
  -5.48256751195520     
  -5.46221206993090     
  -5.44197327091127     
  -5.42185022247364     
  -5.40184204444291     
  -5.38194784044760     
  -5.36216675076732     
  -5.34249789857716     
  -5.32294044775316     
  -5.30349355429121     
  -5.28415648696681     
  -5.26492879181684     
  -5.24580968127314     
  -5.22679832496347     
  -5.20789392693384     
  -5.18909552300977     
  -5.17040206415816     
  -5.15181307038126     
  -5.13332777299627     
  -5.11494543537539     
  -5.09666524602224     
  -5.07848637971318     
  -5.06040786809824     
  -5.04242920091253     
  -5.02454962148305     
  -5.00676848650241     
  -4.98908502021870     
  -4.97149846373929     
  -4.95400795396176     
  -4.93661294547327     
  -4.91931268687583     
  -4.90210661897236     
  -4.88499403622786     
  -4.86797420638593     
  -4.85104637229834     
  -4.83420998541614     
  -4.81746426194342     
  -4.80080874369418     
  -4.78424280276663     
  -4.76776574181765     
  -4.75137687483884     
  -4.73507565399189     
  -4.71886132157876     
  -4.70273346844443     
  -4.68669152601990     
  -4.67073487005125     
  -4.65486288233498     
  -4.63907506978046     
