   1.33281231709496     
   1.33202163840498     
   1.33120109089099     
   1.33042732430230     
   1.32968968823931     
   1.32899431532321     
   1.32833854753284     
   1.32771051196950     
   1.32711294620562     
   1.32654357408629     
   1.32600134568791     
   1.32548788369488     
   1.32499624449867     
   1.32453268129316     
   1.32409609922856     
   1.32368026293692     
   1.32329019181668     
   1.32292144783232     
   1.32257205717586     
   1.32224617031955     
   1.32194192031237     
   1.32165417336127     
   1.32138335876697     
   1.32113021178693     
   1.32089227901831     
   1.32067076224074     
   1.32046106159089     
   1.32026521840262     
   1.32008200120923     
   1.31990985904191     
   1.31974865178669     
   1.31959809094203     
   1.31945715812170     
   1.31932509480021     
   1.31920165724147     
   1.31908638154779     
   1.31898021777975     
   1.31888013030014     
   1.31878633194811     
   1.31869858107190     
   1.31861650582616     
   1.31854133119799     
   1.31846987802691     
   1.31840310777290     
   1.31834074032121     
   1.31828245822886     
   1.31822796534555     
   1.31817708543453     
   1.31812949165617     
   1.31808482135322     
   1.31804414608818     
   1.31800637423833     
   1.31797106461482     
   1.31793764165066     
   1.31790624744824     
   1.31787732125500     
   1.31785050951631     
   1.31782529323586     
   1.31780184616146     
   1.31777979730214     
   1.31775927698788     
   1.31773974894979     
   1.31772132587867     
   1.31770443550973     
   1.31768870018992     
   1.31767392063289     
   1.31766010322900     
   1.31764724328563     
   1.31763509715774     
   1.31762377767497     
   1.31761334930757     
   1.31760367735637     
   1.31759547991148     
   1.31758773097542     
   1.31758051500617     
   1.31757356311342     
   1.31756701028895     
   1.31756083253319     
   1.31755508282573     
   1.31754966612023     
   1.31754462645877     
   1.31753990999387     
   1.31753550067466     
   1.31753138631509     
   1.31752751810102     
   1.31752391769556     
   1.31752058791935     
   1.31751750530142     
   1.31751465359243     
   1.31751198755003     
   1.31750953860196     
   1.31750727626854     
   1.31750519116052     
   1.31750327781484     
   1.31750150372928     
   1.31749990791196     
   1.31749845764498     
   1.31749718021028     
   1.31749625145301     
   1.31748114677657     
