   9.59082720862680     
   9.54854812930937     
   9.50711688420370     
   9.46589077940737     
   9.42548964392289     
   9.38573248263345     
   9.34351081592867     
   9.30223301317724     
   9.26042820170286     
   9.21916157967181     
   9.17757753108106     
   9.13694888966443     
   9.09656851754655     
   9.05577114317396     
   9.01606413179369     
   8.97741960401488     
   8.93964827637974     
   8.90188342841109     
   8.86481949785215     
   8.82859269154805     
   8.79438535725225     
   8.75687488912894     
   8.71889500374173     
   8.68096381020669     
   8.64367263218078     
   8.60687459704286     
   8.56965570695144     
   8.53194346712381     
   8.49522530115022     
   8.45951281661793     
   8.42413000849404     
   8.38876089421975     
   8.35389079034173     
   8.31928346703341     
   8.28514393541940     
   8.25069774330315     
   8.21687114028035     
   8.18405992865965     
   8.15175371069701     
   8.11984096163655     
   8.08686791854773     
   8.05510210578200     
   8.02651068499455     
   7.99551037045707     
   7.96399341105401     
   7.93304824544740     
   7.90167042984742     
   7.87107692371618     
   7.83990647272222     
   7.80825456154060     
   7.77913316123190     
   7.74845729164051     
   6.18408584368223     
   6.17621877744681     
   6.16870084149805     
   6.16101650524925     
   6.15347521886501     
   6.14557798602879     
   6.13716813662910     
   6.12966231727339     
   6.12169330330236     
   6.11410083900741     
   6.10636618122624     
   6.09919584748573     
   6.09202670519435     
   6.08456423233518     
   6.07766920419479     
   6.07136774699835     
   6.06551362591917     
   6.05938977148499     
   6.05388278329495     
   6.04846383142975     
   6.04340338201180     
   6.03719510789074     
   6.03156113451236     
   6.02589625606111     
   6.02065175577212     
   6.01563653415008     
   6.01086058644369     
   6.00577865296572     
   6.00141812283740     
   5.99768312825225     
   5.99419860428496     
   5.99079689196052     
   5.98767351761242     
   5.98460710881705     
   5.98192990909189     
   5.97956985849238     
   5.97764275544345     
   5.97642297707290     
   5.97549061156252     
   5.97468001970993     
   5.97229757452768     
   5.96976987544200     
   5.96936273570546     
   5.96853098341284     
   5.96717512497888     
   5.96561127282289     
   5.96321336972073     
   5.96120820117048     
   5.95782796860788     
   5.95333079247500     
   5.95063175301336     
   5.94460559321178     
                     NaN
                     NaN
                     NaN
                     NaN
                     NaN
                     NaN
                     NaN
                     NaN
                     NaN
                     NaN
                     NaN
                     NaN
                     NaN
                     NaN
                     NaN
                     NaN
                     NaN
                     NaN
                     NaN
                     NaN
                     NaN
                     NaN
                     NaN
                     NaN
                     NaN
                     NaN
                     NaN
                     NaN
                     NaN
                     NaN
                     NaN
                     NaN
                     NaN
                     NaN
                     NaN
                     NaN
                     NaN
                     NaN
                     NaN
                     NaN
                     NaN
                     NaN
                     NaN
                     NaN
                     NaN
                     NaN
                     NaN
                     NaN
                     NaN
                     NaN
                     NaN
                     NaN
   47.2900066765704     
   47.0339373434311     
   46.7778575855859     
   46.5253416228759     
   46.2812258651551     
   46.0470242516099     
   45.7935907443298     
   45.5378291823565     
   45.2841253136835     
   45.0304484774332     
   44.7748124592370     
   44.5212872609630     
   44.2704842747166     
   44.0205232886457     
   43.7754835169439     
   43.5350348619368     
   43.2989512042298     
   43.0681699595388     
   42.8369470985228     
   42.6148234265281     
   42.4148798247777     
   42.1945277569570     
   41.9597033736560     
   41.7264020692906     
   41.4953184018095     
   41.2657767858579     
   41.0289958756886     
   40.7909756197067     
   40.5550214645631     
   40.3209014399831     
   40.0889125935058     
   39.8575266656802     
   39.6276887801044     
   39.4021614715245     
   39.1753943350886     
   38.9399675844993     
   38.7054266472208     
   38.4701406475947     
   38.2329609715457     
   37.9941450796433     
   37.7674965801959     
   37.5500835242604     
   37.3365202370639     
   37.0922235480173     
   36.8435637699107     
   36.5975010844084     
   36.3545037105089     
   36.1084855402250     
   35.8666816600878     
   35.6257577387954     
   35.3884088281095     
   35.1697141285420     
