   1.17315580940270     
   1.17333340712179     
   1.17348846394220     
   1.17366904147704     
   1.17382798943902     
   1.17401888155692     
   1.17423581539281     
   1.17440943909863     
   1.17461327116720     
   1.17481164301857     
   1.17502668900122     
   1.17520340333711     
   1.17538386524764     
   1.17559882569784     
   1.17580497967409     
   1.17598143452842     
   1.17613917147766     
   1.17633093356476     
   1.17648452722486     
   1.17665361854196     
   1.17682787913270     
   1.17708197387841     
   1.17727935600130     
   1.17747553796393     
   1.17765331102769     
   1.17783291520151     
   1.17800260054015     
   1.17821213506624     
   1.17837337198391     
   1.17851732306352     
   1.17866325400679     
   1.17880913583083     
   1.17894807493967     
   1.17907747136807     
   1.17920920754607     
   1.17934437165389     
   1.17945283951851     
   1.17956223562281     
   1.17966743146220     
   1.17976369373302     
   1.17997493194709     
   1.18023787953891     
   1.18032707742720     
   1.18042374444062     
   1.18053302342802     
   1.18065409589198     
   1.18081131078340     
   1.18092636317126     
   1.18111061898277     
   1.18132600925180     
   1.18143676703504     
   1.18168359771567     
   1.12517796625427     
   1.12547235153852     
   1.12573353730163     
   1.12602425306536     
   1.12629545521058     
   1.12660437135677     
   1.12694541994139     
   1.12723684425835     
   1.12756896420752     
   1.12789410707014     
   1.12823922037506     
   1.12854147981265     
   1.12885125345545     
   1.12920393525889     
   1.12954931299750     
   1.12986457861240     
   1.13016138954430     
   1.13050182272493     
   1.13080043096334     
   1.13111892600090     
   1.13144881585494     
   1.13187434242957     
   1.13223909268798     
   1.13260624399280     
   1.13295538442602     
   1.13330681435214     
   1.13365061015694     
   1.13404259151384     
   1.13438265623673     
   1.13470293236320     
   1.13503065188081     
   1.13536340491165     
   1.13569150555499     
   1.13601587176458     
   1.13634332587944     
   1.13667623524898     
   1.13698196432682     
   1.13728753272980     
   1.13758672312951     
   1.13787314980752     
   1.13830089817802     
   1.13877456616291     
   1.13905007783517     
   1.13933333891768     
   1.13962994651893     
   1.13993159269153     
   1.14027558476614     
   1.14056930064949     
   1.14093232129471     
   1.14132226398423     
   1.14160091404616     
   1.14201775246441     
                     NaN
                     NaN
                     NaN
                     NaN
                     NaN
                     NaN
                     NaN
                     NaN
                     NaN
                     NaN
                     NaN
                     NaN
                     NaN
                     NaN
                     NaN
                     NaN
                     NaN
                     NaN
                     NaN
                     NaN
                     NaN
                     NaN
                     NaN
                     NaN
                     NaN
                     NaN
                     NaN
                     NaN
                     NaN
                     NaN
                     NaN
                     NaN
                     NaN
                     NaN
                     NaN
                     NaN
                     NaN
                     NaN
                     NaN
                     NaN
                     NaN
                     NaN
                     NaN
                     NaN
                     NaN
                     NaN
                     NaN
                     NaN
                     NaN
                     NaN
                     NaN
                     NaN
   1.70408114994933     
   1.70533669314331     
   1.70663396326464     
   1.70793738199966     
   1.70923105185636     
   1.71049860632076     
   1.71183858167792     
   1.71319242007097     
   1.71454732728064     
   1.71592097411216     
   1.71732232504045     
   1.71873056572317     
   1.72013719848832     
   1.72156748210383     
   1.72298129755119     
   1.72438478108333     
   1.72578792824196     
   1.72718899040011     
   1.72860864281952     
   1.73002567647345     
   1.73141768001196     
   1.73289633768362     
   1.73440207858962     
   1.73592667090677     
   1.73746603099544     
   1.73902163549415     
   1.74062534882976     
   1.74225558846099     
   1.74390762507392     
   1.74557008710966     
   1.74724591339562     
   1.74895261120283     
   1.75066109058588     
   1.75238110826973     
   1.75411792343179     
   1.75590985724787     
   1.75772151656724     
   1.75951948958444     
   1.76132435958926     
   1.76314689097483     
   1.76492190456981     
   1.76669582603804     
   1.76843706375143     
   1.77026484074949     
   1.77210577480313     
   1.77395811971373     
   1.77579805462430     
   1.77760552312444     
   1.77942153654132     
   1.78124517015785     
   1.78293427841284     
   1.78466405959897     
