  0.387366086361887     
  0.386953737258264     
  0.386538787256431     
  0.386124588440124     
  0.385711114078652     
  0.385301455756800     
  0.384890434133160     
  0.384480757093723     
  0.384079268135969     
  0.383676872524075     
  0.383272961696095     
  0.382871282447909     
  0.382472341773863     
  0.382076549458422     
  0.381691731831101     
  0.381311892160682     
  0.380932134984851     
  0.380557907438424     
  0.380182611526154     
  0.379815892264391     
  0.379458831243553     
  0.379102621039553     
  0.378739943005846     
  0.378378843871268     
  0.378016526962481     
  0.377656581301518     
  0.377296547955624     
  0.376943533354101     
  0.376591949097373     
  0.376249063385967     
  0.375915904789626     
  0.375586617015951     
  0.375264453683968     
  0.374943284093034     
  0.374630119385002     
  0.374322428616864     
  0.374019632313335     
  0.373735247278882     
  0.373459488773500     
  0.373184944343708     
  0.372928397915562     
  0.372684217298494     
  0.372424419033062     
  0.372156991275862     
  0.371891815715953     
  0.371643505711318     
  0.371399312518111     
  0.371141312581086     
  0.370897109640606     
  0.370656137787148     
  0.370401000520635     
  0.370160888051909     
