  0.832331142523998     
  0.831756331169442     
  0.831194224579382     
  0.830640996339264     
  0.830102441039052     
  0.829586047935598     
  0.829027563645376     
  0.828460549827900     
  0.827891222726879     
  0.827321554979865     
  0.826746324264177     
  0.826174984872025     
  0.825608311051347     
  0.825039448611569     
  0.824472111238197     
  0.823911822857343     
  0.823363510376537     
  0.822823683215126     
  0.822282408879614     
  0.821754817882252     
  0.821268881339710     
  0.820730142379956     
  0.820164099376401     
  0.819601323370010     
  0.819048349780123     
  0.818503170542943     
  0.817941087201783     
  0.817371729558761     
  0.816809454919332     
  0.816251175464145     
  0.815685405751399     
  0.815112995145471     
  0.814542118615202     
  0.813977370000452     
  0.813410816060778     
  0.812822935795368     
  0.812237836795905     
  0.811643889963060     
  0.811052863914214     
  0.810462913325298     
  0.809875752523249     
  0.809321912143905     
  0.808798245325508     
  0.808215442675724     
  0.807632414663436     
  0.807107841351448     
  0.806595367310113     
  0.806046654604643     
  0.805557104231711     
  0.805093322674767     
  0.804554826180687     
  0.804143434929398     
