  0.561148237379891     
  0.560891366181700     
  0.560630869880370     
  0.560367287050556     
  0.560100891041858     
  0.559834418576265     
  0.559558576944216     
  0.559281841024971     
  0.559007856226595     
  0.558729867046305     
  0.558446948936005     
  0.558163315665817     
  0.557878272245190     
  0.557590362709967     
  0.557310344424256     
  0.557034683286373     
  0.556757637556238     
  0.556481640253556     
  0.556201333593582     
  0.555927421487910     
  0.555666721609382     
  0.555388754114131     
  0.555104273900653     
  0.554817939905685     
  0.554526508303170     
  0.554234662658953     
  0.553937058043248     
  0.553639748205043     
  0.553344727883488     
  0.553059135149452     
  0.552782642477223     
  0.552507461348240     
  0.552239148061524     
  0.551970436276427     
  0.551709256343044     
  0.551449722699533     
  0.551194291570068     
  0.550960964659925     
  0.550738271749483     
  0.550514101718554     
  0.550297267235237     
  0.550095033735355     
  0.549890626325161     
  0.549663790420676     
  0.549437078280844     
  0.549236085391583     
  0.549037454017921     
  0.548814835347866     
  0.548618599853174     
  0.548427658053440     
  0.548200071141324     
  0.548017048438822     
