  0.585970716780695     
  0.584629367500722     
  0.583282980055662     
  0.581969235520938     
  0.580677907086364     
  0.579469417713946     
  0.578180638475915     
  0.576822245389556     
  0.575508066876028     
  0.574171928650973     
  0.572826190209948     
  0.571459323274425     
  0.570104107436331     
  0.568773797571132     
  0.567438260580419     
  0.566093126673277     
  0.564750558759495     
  0.563465774272390     
  0.562129505232767     
  0.560849632975464     
  0.559681499575350     
  0.558465775825488     
  0.557123509393298     
  0.555797842510748     
  0.554463171094086     
  0.553149228431888     
  0.551773808760650     
  0.550421969257735     
  0.549045514826686     
  0.547655344455795     
  0.546271390503444     
  0.544896354305335     
  0.543527823524432     
  0.542185193634118     
  0.540839552967658     
  0.539434205598360     
  0.538021345330468     
  0.536583674964535     
  0.535139669401397     
  0.533693299154241     
  0.532408138254470     
  0.531246685120310     
  0.529973595670664     
  0.528544490829404     
  0.527130106701463     
  0.525753542898028     
  0.524434597858232     
  0.523067464503540     
  0.521808280999565     
  0.520622722066421     
  0.519288999899531     
  0.518273234232239     
