  0.643338059746967     
  0.642601791325495     
  0.641870178669165     
  0.641143527879985     
  0.640427431540248     
  0.639734488764844     
  0.639004951879594     
  0.638257637884971     
  0.637529099065417     
  0.636784279697751     
  0.636032164251511     
  0.635279502872920     
  0.634533015461770     
  0.633782526511666     
  0.633042784556185     
  0.632309448501254     
  0.631578811467147     
  0.630865759372790     
  0.630142523947600     
  0.629440575462114     
  0.628786401488599     
  0.628089843667367     
  0.627348226597526     
  0.626612178839455     
  0.625871574304346     
  0.625133052471362     
  0.624373430378720     
  0.623616859380313     
  0.622858274490470     
  0.622104819685200     
  0.621355888792805     
  0.620603492029663     
  0.619858090697395     
  0.619113362275096     
  0.618373711421492     
  0.617613414693886     
  0.616854863669063     
  0.616108998509790     
  0.615364368190083     
  0.614620564750551     
  0.613928349234678     
  0.613296345213813     
  0.612629377896511     
  0.611885254753134     
  0.611136084254838     
  0.610382760283290     
  0.609633509803908     
  0.608891066875327     
  0.608144623399226     
  0.607402566848357     
  0.606679139467603     
  0.605990331220640     
