  0.148091872768988     
  0.147669077863914     
  0.147253547583702     
  0.146839870305788     
  0.146432771695069     
  0.146037017086287     
  0.145614348496930     
  0.145183457284721     
  0.144761135600008     
  0.144340075968822     
  0.143911603516443     
  0.143483211592575     
  0.143053294604661     
  0.142622275297441     
  0.142192653675317     
  0.141765223830399     
  0.141341186956576     
  0.140929347791099     
  0.140520760374548     
  0.140124091854874     
  0.139754412151161     
  0.139349616180809     
  0.138916455499687     
  0.138482801338999     
  0.138049897407725     
  0.137620622002735     
  0.137179420404173     
  0.136738112149137     
  0.136305003249431     
  0.135872389356518     
  0.135439101131690     
  0.134997874468596     
  0.134555939850318     
  0.134112672477178     
  0.133670103881500     
  0.133217731389593     
  0.132770689039267     
  0.132325325656699     
  0.131881545782977     
  0.131439481420771     
  0.131015571078234     
  0.130623303357239     
  0.130228187699983     
  0.129786756143689     
  0.129342890115349     
  0.128920809973886     
  0.128503773025636     
  0.128073693994458     
  0.127667163610100     
  0.127269337376312     
  0.126850512374059     
  0.126486644640647     
  0.542213163906503     
  0.541899977567442     
  0.541584809486949     
  0.541265712043910     
  0.540944744398822     
  0.540623960836272     
  0.540289642297419     
  0.539955408784590     
  0.539624570558188     
  0.539288156013712     
  0.538945736280373     
  0.538603359767356     
  0.538259952155834     
  0.537911832394520     
  0.537572137348552     
  0.537239281327555     
  0.536906205934923     
  0.536573879708476     
  0.536237762642707     
  0.535908462964258     
  0.535595232092135     
  0.535258569740635     
  0.534915245393851     
  0.534570349412758     
  0.534221457625842     
  0.533872672858852     
  0.533516778600315     
  0.533159218479106     
  0.532806325114736     
  0.532464813148860     
  0.532133141511583     
  0.531802094165866     
  0.531479333446405     
  0.531156532993119     
  0.530842444220273     
  0.530527906441151     
  0.530218098031193     
  0.529932812729675     
  0.529658968170576     
  0.529384556280966     
  0.529115093491359     
  0.528861609807326     
  0.528612564196487     
  0.528335833882297     
  0.528058324579226     
  0.527802672018324     
  0.527547872804853     
  0.527274655812847     
  0.527023179473650     
  0.526775853844311     
  0.526499610668379     
  0.526265792402413     
  0.647950035383163     
  0.647754094893628     
  0.647555823594451     
  0.647354181938064     
  0.647150172909753     
  0.646944657024288     
  0.646731490000774     
  0.646517865335855     
  0.646306430681370     
  0.646091116531984     
  0.645870601554067     
  0.645649701058815     
  0.645427539396536     
  0.645202451510581     
  0.644983380416496     
  0.644768420338736     
  0.644552256096361     
  0.644335464569679     
  0.644115807450358     
  0.643900246378962     
  0.643695074561961     
  0.643474571365653     
  0.643249806278350     
  0.643023270605146     
  0.642793242758118     
  0.642561990091492     
  0.642326075791577     
  0.642089696066063     
  0.641855416407396     
  0.641629472105755     
  0.641410386698092     
  0.641191756877439     
  0.640978941896800     
  0.640765087980804     
  0.640557174098868     
  0.640350542045021     
  0.640147461219152     
  0.639963744051200     
  0.639788870033107     
  0.639612295180171     
  0.639440491153464     
  0.639279188751555     
  0.639117461978997     
  0.638937889966684     
  0.638758386174730     
  0.638604082252893     
  0.638452670546565     
  0.638277852145651     
  0.638128695005044     
  0.637984410042929     
  0.637804236347335     
  0.637666496542156     
  0.128608576013753     
  0.128674399606522     
  0.128741992831839     
  0.128810447867225     
  0.128879859617671     
  0.128948966441124     
  0.129019019555570     
  0.129090002573316     
  0.129160246512796     
  0.129230357547457     
  0.129302328147409     
  0.129374562601472     
  0.129446982583660     
  0.129518440485263     
  0.129586765430240     
  0.129655277755350     
  0.129725464362876     
  0.129795099648960     
  0.129866041891308     
  0.129934933288326     
  0.130000719217276     
  0.130068908478608     
  0.130139441858123     
  0.130210170964031     
  0.130283473216237     
  0.130357071646225     
  0.130431953508485     
  0.130505199153652     
  0.130579222912493     
  0.130650965501321     
  0.130720026452515     
  0.130788318967845     
  0.130855337852109     
  0.130922664444595     
  0.130988033992535     
  0.131052456732948     
  0.131116024301930     
  0.131173106693814     
  0.131226828343477     
  0.131281133477980     
  0.131333659384421     
  0.131382666515435     
  0.131432943847494     
  0.131488350091547     
  0.131542946714212     
  0.131586196963902     
  0.131627849396875     
  0.131680902708974     
  0.131721518275085     
  0.131758842312556     
  0.131814574508847     
  0.131850223553222     
