  0.675871152557876     
  0.675272265031186     
  0.674640233517206     
  0.673972625747013     
  0.673329029617196     
  0.672678025781207     
  0.672000603843516     
  0.671386939053115     
  0.670810159317366     
  0.670225849110934     
  0.669624007207320     
  0.669052743017868     
  0.668488211750926     
  0.667926027731982     
  0.667396803023866     
  0.666922944931933     
  0.666474748733275     
  0.666024955380836     
  0.665578417919838     
  0.665149922666633     
  0.664741819927361     
  0.664314837635771     
  0.663966407828889     
  0.663626087065237     
  0.663297356203743     
  0.662998866393900     
  0.662712306498094     
  0.662416285215055     
  0.662172483807130     
  0.661992541543636     
  0.661902057956709     
  0.661869863763282     
  0.661884522243974     
  0.661935685600531     
  0.662029679950625     
  0.662137482983248     
  0.662275628373102     
  0.662503816447085     
  0.662755672151786     
  0.663040233868089     
  0.663257902886017     
  0.663410176839344     
  0.663723530925264     
  0.664044231185903     
  0.664324131427502     
  0.664248407109114     
  0.664098144238915     
  0.664261331758173     
  0.664049797324676     
  0.663700577101485     
  0.663896935639335     
  0.663518618470515     
