   1.16518199087963     
   1.16134714916645     
   1.15750094029497     
   1.15368355136674     
   1.14988004005207     
   1.14616551350902     
   1.14234025216531     
   1.13848285185039     
   1.13469326797631     
   1.13088326401587     
   1.12704169801067     
   1.12320585641474     
   1.11939267755027     
   1.11559484850916     
   1.11191634194704     
   1.10827859486422     
   1.10464503200562     
   1.10108156714974     
   1.09748978456987     
   1.09401052174104     
   1.09069948987440     
   1.08727946818072     
   1.08369772365388     
   1.08011467058523     
   1.07650209625840     
   1.07290613061987     
   1.06925702739282     
   1.06566757075259     
   1.06207007707706     
   1.05852603749540     
   1.05505256308524     
   1.05159191152437     
   1.04818925805686     
   1.04477374685419     
   1.04142855070093     
   1.03809953008584     
   1.03480395691939     
   1.03168694791247     
   1.02862573892720     
   1.02556739977615     
   1.02271061209909     
   1.02008165697035     
   1.01728023868821     
   1.01427941605852     
   1.01126021428199     
   1.00826259308565     
   1.00523807016529     
   1.00222559594210     
  0.999137732713950     
  0.995959756706763     
  0.993057109909576     
  0.989834516598284     
