  8.243748376417442E-002
  8.252456415751627E-002
  8.261038495327833E-002
  8.269100298356974E-002
  8.277476934751257E-002
  8.285310645501981E-002
  8.293037411562756E-002
  8.301713322165497E-002
  8.310367329091589E-002
  8.319047540569832E-002
  8.327611382314540E-002
  8.336612005808003E-002
  8.345556020885148E-002
  8.354346478278521E-002
  8.362940467121946E-002
  8.372094052235809E-002
  8.381654902355154E-002
  8.390755536403122E-002
  8.400205180010681E-002
  8.409288435205770E-002
  8.417967351589908E-002
  8.426285737868972E-002
  8.436398348160437E-002
  8.446611494984624E-002
  8.457231867891116E-002
  8.468123129780630E-002
  8.479400353472838E-002
  8.490043282702806E-002
  8.501569639195594E-002
  8.513644891497416E-002
  8.526290462663655E-002
  8.539457403461420E-002
  8.552873061113603E-002
  8.566872751692858E-002
  8.581023653635442E-002
  8.595188603159432E-002
  8.609756442050878E-002
  8.624419173293785E-002
  8.639287154671260E-002
  8.654392860492516E-002
  8.667305056089578E-002
  8.678257981369950E-002
  8.692738240051745E-002
  8.708099824723198E-002
  8.723294059426040E-002
  8.736710896062436E-002
  8.749897717031047E-002
  8.764753232214609E-002
  8.778122337341809E-002
  8.791345943396955E-002
  8.805868442998688E-002
  8.819608729953607E-002
