  0.152686615550293     
  0.152541584766450     
  0.152395833702922     
  0.152251183013367     
  0.152104108761102     
  0.151958858607342     
  0.151810324612195     
  0.151656122484492     
  0.151502796859972     
  0.151347151554660     
  0.151189131015394     
  0.151028867643875     
  0.150867655429352     
  0.150705974558837     
  0.150548335324615     
  0.150388964867765     
  0.150226053409045     
  0.150065454063120     
  0.149901589376735     
  0.149741551643611     
  0.149587110992942     
  0.149429251850056     
  0.149257395799471     
  0.149083756289824     
  0.148906257327459     
  0.148725978949967     
  0.148541501746019     
  0.148360179302018     
  0.148174403935666     
  0.147989075638175     
  0.147803059214815     
  0.147613448109759     
  0.147424473358465     
  0.147231369613797     
  0.147040051831686     
  0.146849349725706     
  0.146658737161473     
  0.146476318209127     
  0.146297823104707     
  0.146116504796743     
  0.145952884570659     
  0.145804035871662     
  0.145632562530868     
  0.145448223865319     
  0.145266386454280     
  0.145121376982016     
  0.144982516324282     
  0.144810347447435     
  0.144672358092630     
  0.144544341137280     
  0.144369402775189     
  0.144241969420772     
