  2.059467607268309E-002
  2.069967043895198E-002
  2.080657531118770E-002
  2.091289812207368E-002
  2.101980733385522E-002
  2.112367062628918E-002
  2.122921765083683E-002
  2.133601505134847E-002
  2.143963078953563E-002
  2.154419351326484E-002
  2.164951181416373E-002
  2.175557835093052E-002
  2.186056173021911E-002
  2.196450820586966E-002
  2.206453717346427E-002
  2.216382290495153E-002
  2.226361768637705E-002
  2.236068290068654E-002
  2.245981343595187E-002
  2.255512739109428E-002
  2.264583216687117E-002
  2.273654191613168E-002
  2.283211733177079E-002
  2.292774266411800E-002
  2.302536983513457E-002
  2.312197468555166E-002
  2.322028270318051E-002
  2.331520684042721E-002
  2.341150000761483E-002
  2.350604040495009E-002
  2.359678357024108E-002
  2.368598145333457E-002
  2.377279938904809E-002
  2.386030950334701E-002
  2.394509221369290E-002
  2.402873692209960E-002
  2.411234463886291E-002
  2.418887900891713E-002
  2.426455584944810E-002
  2.433909207257838E-002
  2.440569665106104E-002
  2.446325744689360E-002
  2.453093373161899E-002
  2.460349037675020E-002
  2.467838224835886E-002
  2.477198016876186E-002
  2.487066869289045E-002
  2.495340897328301E-002
  2.505808450556504E-002
  2.517406898576709E-002
  2.525142739468786E-002
  2.537307262382846E-002
