 -4.138435400802443E-003
 -3.855495455203278E-003
 -3.578184633048626E-003
 -3.306235125669937E-003
 -3.039865126741620E-003
 -2.778445259378343E-003
 -2.523271851413267E-003
 -2.273278090160286E-003
 -2.026297174343134E-003
 -1.785551803965862E-003
 -1.551263778438977E-003
 -1.322026337859272E-003
 -1.097977016887214E-003
 -8.794592357923847E-004
 -6.623757961345123E-004
 -4.483758654457992E-004
 -2.401528617388404E-004
 -3.590100279005082E-005
  1.618330545782032E-004
  3.578287571455174E-004
  5.544895006665551E-004
  7.419980684254812E-004
  9.211949247218132E-004
  1.094952743559141E-003
  1.261641932894186E-003
  1.423022871124530E-003
  1.577247917970731E-003
  1.727632295173004E-003
  1.873949318443369E-003
  2.020928037230918E-003
  2.168748296214495E-003
  2.312783590268680E-003
  2.456627616760521E-003
  2.595552739505819E-003
  2.734985611936996E-003
  2.871946485792726E-003
  3.007536028024865E-003
  3.153530727059761E-003
  3.302572600021342E-003
  3.447595602481091E-003
  3.597082328004875E-003
  3.752808760731224E-003
  3.899372919367844E-003
  4.029374158048965E-003
  4.156250385358412E-003
  4.296629410481229E-003
  4.435733043480328E-003
  4.554766883757194E-003
  4.687160627355164E-003
  4.820357659967939E-003
  4.924808964540867E-003
  5.055259655875471E-003
