  0.554102627984279     
  0.554042736242760     
  0.556926014144781     
  0.556916570719197     
  0.556906128733305     
  0.556838978089546     
  0.559652526270395     
  0.559570040429440     
  0.559464567660803     
  0.559355344757707     
  0.562104230288946     
  0.561992965726079     
  0.561871660307298     
  0.561733142723459     
  0.564375790964814     
  0.564223111958326     
  0.564071174892165     
  0.563877562886093     
  0.566504315120638     
  0.566406410233944     
  0.566417078263610     
  0.566367991717526     
  0.566231505172553     
  0.568870669890929     
  0.568771785675422     
  0.568683373794490     
  0.568636859662681     
  0.571410924445283     
  0.571378946018923     
  0.571350399026187     
  0.571399481211173     
  0.574519965511132     
  0.574693862158979     
  0.574923245111245     
  0.575210484271629     
  0.578986066157244     
  0.579559899997796     
  0.580198623705059     
  0.580947584330095     
  0.585641174908722     
  0.586593148633784     
  0.587670021877609     
  0.588894454266734     
  0.590125815266113     
  0.596030231654701     
  0.597525602357660     
  0.599048591347140     
  0.600468202372880     
  0.607076420582760     
  0.608577298157191     
  0.609783648173885     
  0.611081806328450     
  0.000000000000000E+000
  0.000000000000000E+000
  0.000000000000000E+000
  0.000000000000000E+000
  0.000000000000000E+000
  0.000000000000000E+000
  0.000000000000000E+000
  0.000000000000000E+000
  0.000000000000000E+000
  0.000000000000000E+000
  0.000000000000000E+000
  0.000000000000000E+000
  0.000000000000000E+000
  0.000000000000000E+000
  0.000000000000000E+000
  0.000000000000000E+000
  0.000000000000000E+000
  0.000000000000000E+000
  0.000000000000000E+000
  0.000000000000000E+000
  0.000000000000000E+000
  0.000000000000000E+000
  0.000000000000000E+000
  0.000000000000000E+000
  0.000000000000000E+000
  0.000000000000000E+000
  0.000000000000000E+000
  0.000000000000000E+000
  0.000000000000000E+000
  0.000000000000000E+000
  0.000000000000000E+000
  0.000000000000000E+000
  0.000000000000000E+000
  0.000000000000000E+000
  0.000000000000000E+000
  0.000000000000000E+000
  0.000000000000000E+000
  0.000000000000000E+000
  0.000000000000000E+000
  0.000000000000000E+000
  0.000000000000000E+000
  0.000000000000000E+000
  0.000000000000000E+000
  0.000000000000000E+000
  0.000000000000000E+000
  0.000000000000000E+000
  0.000000000000000E+000
  0.000000000000000E+000
  0.000000000000000E+000
  0.000000000000000E+000
  0.000000000000000E+000
  0.000000000000000E+000
  0.445897359058729     
  0.445957250704339     
  0.443073973098959     
  0.443083416429765     
  0.443093858319007     
  0.443161008865409     
  0.440347460984965     
  0.440429946725436     
  0.440535419391317     
  0.440644642189487     
  0.437895756966570     
  0.438007021426763     
  0.438128326741078     
  0.438266844218173     
  0.435624196296389     
  0.435776875200097     
  0.435928812161796     
  0.436122424062931     
  0.433495672160962     
  0.433593576948054     
  0.433582908825781     
  0.433631995270162     
  0.433768481702864     
  0.431129317326345     
  0.431228201430948     
  0.431316613197673     
  0.431363127212531     
  0.428589062782661     
  0.428621041097110     
  0.428649587976488     
  0.428600505673116     
  0.425480021734738     
  0.425306124968665     
  0.425076741894232     
  0.424789502608751     
  0.421013921097061     
  0.420440087136510     
  0.419801363308114     
  0.419052402559978     
  0.414358812377085     
  0.413406838542316     
  0.412329965192255     
  0.411105532683960     
  0.409874171556328     
  0.403969755583676     
  0.402474384761971     
  0.400951395651857     
  0.399531784498567     
  0.392923566730660     
  0.391422689039969     
  0.390216338898570     
  0.388918180625090     
