  0.151520246780383     
  0.151690257592041     
  0.151846746581154     
  0.152005108510824     
  0.152153373896845     
  0.152304290419756     
  0.152481922731315     
  0.152641368718966     
  0.152820065498677     
  0.152988688770550     
  0.153159836600309     
  0.153317290575273     
  0.153475069504630     
  0.153643444080475     
  0.153811246975556     
  0.153967973251664     
  0.154111583804037     
  0.154266121796643     
  0.154405782832974     
  0.154547857918427     
  0.154679439718804     
  0.154854922170909     
  0.155017127658725     
  0.155179694065095     
  0.155327925427396     
  0.155470939761207     
  0.155615091068770     
  0.155778225714895     
  0.155923381249685     
  0.156059123940344     
  0.156200352052335     
  0.156344422743695     
  0.156489024519457     
  0.156627963335472     
  0.156769796324966     
  0.156921080249515     
  0.157066865407514     
  0.157221562288418     
  0.157376292396144     
  0.157525060953867     
  0.157726760886026     
  0.157941718999056     
  0.158069031412595     
  0.158213811499013     
  0.158367113604401     
  0.158513600844869     
  0.158665676630425     
  0.158805048737789     
  0.158945212364871     
  0.159081910858243     
  0.159212070992124     
  0.159323677636370     
