  8.287714509046933E-002
  8.253836656141997E-002
  8.220845519506760E-002
  8.187611868964335E-002
  8.153994112202419E-002
  8.120393619415282E-002
  8.085304897565176E-002
  8.050541165148359E-002
  8.014657765811410E-002
  7.978808210662097E-002
  7.942422428287334E-002
  7.906266760671649E-002
  7.869730742476916E-002
  7.832165008477271E-002
  7.794602899842948E-002
  7.756987184678509E-002
  7.719229911059197E-002
  7.680592666071707E-002
  7.641931869699053E-002
  7.602968660000253E-002
  7.563569709822945E-002
  7.521793179919210E-002
  7.479746242769629E-002
  7.437058645711576E-002
  7.394067723259340E-002
  7.351000717698022E-002
  7.307057041650745E-002
  7.262183441345681E-002
  7.217213075145561E-002
  7.172490836980575E-002
  7.127003338339871E-002
  7.080589174925435E-002
  7.033936382804229E-002
  6.986377078574327E-002
  6.938757572179574E-002
  6.890474756070197E-002
  6.841979867141526E-002
  6.794042386813970E-002
  6.746539870758643E-002
  6.699552718670838E-002
  6.650596348345508E-002
  6.603266368819323E-002
  6.558286160293880E-002
  6.512657143224797E-002
  6.467136778973619E-002
  6.422839024056805E-002
  6.378330891483400E-002
  6.335128380139395E-002
  6.292713600890859E-002
  6.251338228656815E-002
  6.211411288134915E-002
  6.172266892518320E-002
