  0.701605419021408     
  0.702338769770960     
  0.703095133036226     
  0.703868400120029     
  0.704670668265466     
  0.705476531589140     
  0.706315451709065     
  0.707188026945645     
  0.708083247445847     
  0.709007305893698     
  0.709960003023382     
  0.710942938054689     
  0.711948952870291     
  0.712987204555115     
  0.714031364940639     
  0.715096906188475     
  0.716195759145022     
  0.725348839535920     
  0.726508283741642     
  0.727689847033357     
  0.728907388339457     
  0.730132326707046     
  0.731380258429456     
  0.732658222723507     
  0.733977192722936     
  0.735315677957059     
  0.736693794545501     
  0.738088555512062     
  0.739518192167023     
  0.740970748247421     
  0.742442691606045     
  0.743941319010474     
  0.745453118757963     
  0.746989121687835     
  0.748541530125202     
  0.750124109721628     
  0.751729220078234     
  0.753326815007301     
  0.754922043852037     
  0.756506246304949     
  0.758036892032136     
  0.759535178584355     
  0.761051477483832     
  0.762569992145015     
  0.764073181958282     
  0.765583170210252     
  0.767062356371165     
  0.768463346496444     
  0.769837870189051     
  0.771177458342442     
  0.772391527239868     
  0.773621357581365     
  0.000000000000000E+000
  0.000000000000000E+000
  0.000000000000000E+000
  0.000000000000000E+000
  0.000000000000000E+000
  0.000000000000000E+000
  0.000000000000000E+000
  0.000000000000000E+000
  0.000000000000000E+000
  0.000000000000000E+000
  0.000000000000000E+000
  0.000000000000000E+000
  0.000000000000000E+000
  0.000000000000000E+000
  0.000000000000000E+000
  0.000000000000000E+000
  0.000000000000000E+000
  0.000000000000000E+000
  0.000000000000000E+000
  0.000000000000000E+000
  0.000000000000000E+000
  0.000000000000000E+000
  0.000000000000000E+000
  0.000000000000000E+000
  0.000000000000000E+000
  0.000000000000000E+000
  0.000000000000000E+000
  0.000000000000000E+000
  0.000000000000000E+000
  0.000000000000000E+000
  0.000000000000000E+000
  0.000000000000000E+000
  0.000000000000000E+000
  0.000000000000000E+000
  0.000000000000000E+000
  0.000000000000000E+000
  0.000000000000000E+000
  0.000000000000000E+000
  0.000000000000000E+000
  0.000000000000000E+000
  0.000000000000000E+000
  0.000000000000000E+000
  0.000000000000000E+000
  0.000000000000000E+000
  0.000000000000000E+000
  0.000000000000000E+000
  0.000000000000000E+000
  0.000000000000000E+000
  0.000000000000000E+000
  0.000000000000000E+000
  0.000000000000000E+000
  0.000000000000000E+000
  0.298394577075808     
  0.297661226320345     
  0.296904863049073     
  0.296131595959120     
  0.295329327807302     
  0.294523464476995     
  0.293684544350502     
  0.292811969107358     
  0.291916748600510     
  0.290992690145882     
  0.290039993009343     
  0.289057057971135     
  0.288051043148620     
  0.287012791456640     
  0.285968631064347     
  0.284903089809840     
  0.283804236846456     
  0.274651156616260     
  0.273491712404170     
  0.272310149105988     
  0.271092607793366     
  0.269867669419148     
  0.268619737690003     
  0.267341773389053     
  0.266022803382472     
  0.264684318140956     
  0.263306201545160     
  0.261911440571267     
  0.260481803908894     
  0.259029247821239     
  0.257557304455383     
  0.256058677043489     
  0.254546877288562     
  0.253010874350917     
  0.251458465905917     
  0.249875886302040     
  0.248270775937926     
  0.246673181001977     
  0.245077952150534     
  0.243493749690822     
  0.241963103957168     
  0.240464817398623     
  0.238948518492108     
  0.237430003823725     
  0.235926814003120     
  0.234416825744431     
  0.232937639576591     
  0.231536649443706     
  0.230162125743742     
  0.228822537582676     
  0.227608468677216     
  0.226378638327139     
