  0.999999998663748     
  0.999999998658050     
  0.999999998652313     
  0.999999998646534     
  0.999999998640647     
  0.999999998634785     
  0.999999998628669     
  0.999999998622379     
  0.999999998616016     
  0.999999998609513     
  0.999999998602866     
  0.999999998596090     
  0.999999998589223     
  0.999999998582195     
  0.999999998575168     
  0.999999998568024     
  0.999999998560719     
  0.999999998553345     
  0.999999998545785     
  0.999999998538225     
  0.999999998530770     
  0.999999998522907     
  0.999999998514555     
  0.999999998506021     
  0.999999998497240     
  0.999999998488284     
  0.999999998478999     
  0.999999998469580     
  0.999999998459903     
  0.999999998450100     
  0.999999998440099     
  0.999999998429795     
  0.999999998419321     
  0.999999998408516     
  0.999999998397546     
  0.999999998386282     
  0.999999998374783     
  0.999999998363329     
  0.999999998351777     
  0.999999998340072     
  0.999999998328566     
  0.999999998317591     
  0.999999998306027     
  0.999999998293723     
  0.999999998281263     
  0.999999998269009     
  0.999999998256663     
  0.999999998244100     
  0.999999998231780     
  0.999999998219520     
  0.999999998207193     
  0.999999998195343     
