  2.777262701476579E-002
  2.763193380036810E-002
  2.632117707177184E-002
  2.506398698915291E-002
  2.432156321336809E-002
  2.427801770119609E-002
  2.425129702164663E-002
  2.421352613501282E-002
  2.416523117440605E-002
  2.416810335210284E-002
  2.413911657259671E-002
  2.403637793238123E-002
  2.393633167219800E-002
  2.393353818515020E-002
  2.385141267802982E-002
  2.377552563742080E-002
  2.374152901441329E-002
  2.367163877075706E-002
  2.362964453175864E-002
  2.358308770867679E-002
  2.350157492941374E-002
  2.336918916604003E-002
  2.332588295982119E-002
  2.323506285178978E-002
  2.319440411752038E-002
  2.304130807705351E-002
  2.290640019593893E-002
  2.291537894265472E-002
  2.282518096700703E-002
  2.273758550939486E-002
  2.271796632520284E-002
  2.237526280359592E-002
  2.238572160332419E-002
  2.227789590149565E-002
  2.200114534568276E-002
  2.197124344291268E-002
  2.134749412619552E-002
  1.734297660272111E-002
  1.733222819745084E-002
  1.731109713404622E-002
  2.745966921063869E-002
  1.719475881154842E-002
  1.717102022571992E-002
  1.709942987203483E-002
  1.706101460523446E-002
  1.702604349767456E-002
  1.700409031217154E-002
  1.695591353975945E-002
  1.689355882230748E-002
  1.687065780872210E-002
  1.682412121525345E-002
  1.676672200644425E-002
