  0.796357656565536     
  0.797005770910500     
  0.797659674254885     
  0.798314712865155     
  0.798980114658806     
  0.799637705201422     
  0.800314432607659     
  0.801010687436049     
  0.801713312048059     
  0.802425882010387     
  0.803149779705551     
  0.803890289251904     
  0.804643928465236     
  0.805411456666953     
  0.806190816669542     
  0.806988202003918     
  0.807805730305803     
  0.808627303657962     
  0.809470070182133     
  0.810317870886523     
  0.811177561421257     
  0.812053024286144     
  0.812955408206825     
  0.813870831606151     
  0.814807211004134     
  0.815758591091938     
  0.816736513165094     
  0.817720250570993     
  0.818726743016519     
  0.819742216420709     
  0.820767806269845     
  0.821810102486742     
  0.822858698781200     
  0.823924701659326     
  0.828769964547161     
  0.829838511305912     
  0.830921505931752     
  0.831995701235513     
  0.833066850921821     
  0.834131552602325     
  0.835160761747043     
  0.836158877997179     
  0.837168413109807     
  0.838182722176247     
  0.839186040620671     
  0.840184473743128     
  0.841157643851298     
  0.842106150848419     
  0.843023750769232     
  0.843912262012185     
  0.844765955468613     
  0.845578484555693     
  0.000000000000000E+000
  0.000000000000000E+000
  0.000000000000000E+000
  0.000000000000000E+000
  0.000000000000000E+000
  0.000000000000000E+000
  0.000000000000000E+000
  0.000000000000000E+000
  0.000000000000000E+000
  0.000000000000000E+000
  0.000000000000000E+000
  0.000000000000000E+000
  0.000000000000000E+000
  0.000000000000000E+000
  0.000000000000000E+000
  0.000000000000000E+000
  0.000000000000000E+000
  0.000000000000000E+000
  0.000000000000000E+000
  0.000000000000000E+000
  0.000000000000000E+000
  0.000000000000000E+000
  0.000000000000000E+000
  0.000000000000000E+000
  0.000000000000000E+000
  0.000000000000000E+000
  0.000000000000000E+000
  0.000000000000000E+000
  0.000000000000000E+000
  0.000000000000000E+000
  0.000000000000000E+000
  0.000000000000000E+000
  0.000000000000000E+000
  0.000000000000000E+000
  0.000000000000000E+000
  0.000000000000000E+000
  0.000000000000000E+000
  0.000000000000000E+000
  0.000000000000000E+000
  0.000000000000000E+000
  0.000000000000000E+000
  0.000000000000000E+000
  0.000000000000000E+000
  0.000000000000000E+000
  0.000000000000000E+000
  0.000000000000000E+000
  0.000000000000000E+000
  0.000000000000000E+000
  0.000000000000000E+000
  0.000000000000000E+000
  0.000000000000000E+000
  0.000000000000000E+000
  0.203642341177711     
  0.202994226831961     
  0.202340323486690     
  0.201685284875425     
  0.201019883080640     
  0.200362292536715     
  0.199685565129298     
  0.198989310299766     
  0.198286685686637     
  0.197574115723094     
  0.196850218026629     
  0.196109708478940     
  0.195356069264251     
  0.194588541061082     
  0.193809181057236     
  0.193011795721657     
  0.192194267418493     
  0.191372694065021     
  0.190529927539532     
  0.189682126833797     
  0.188822436297588     
  0.187946973431305     
  0.187044589509348     
  0.186129166108672     
  0.185192786709231     
  0.184241406619884     
  0.183263484545258     
  0.182279747137953     
  0.181273254691031     
  0.180257781285615     
  0.179232191435370     
  0.178189895217314     
  0.177141298921740     
  0.176075296042315     
  0.171230033229080     
  0.170161486469368     
  0.169078491842586     
  0.168004296538437     
  0.166933146851898     
  0.165868445171106     
  0.164839236026103     
  0.163841119775678     
  0.162831584662586     
  0.161817275595805     
  0.160813957150966     
  0.159815524028211     
  0.158842353919523     
  0.157893846921735     
  0.156976246999975     
  0.156087735755686     
  0.155234042298426     
  0.154421513209215     
