  0.917122854909531     
  0.917461633438580     
  0.917791544804932     
  0.918123881310357     
  0.918460058877976     
  0.918796063805847     
  0.919146951024348     
  0.919494588348516     
  0.919853422341886     
  0.920211917893379     
  0.920575775717127     
  0.920937332393284     
  0.921302692575231     
  0.921678349915227     
  0.922053971001570     
  0.922430128153215     
  0.922807700889408     
  0.923194073339283     
  0.923580681303009     
  0.923970313399997     
  0.924364302901771     
  0.924782068200808     
  0.925202537572304     
  0.925629413542884     
  0.926059322767407     
  0.926489992823020     
  0.926929429583493     
  0.927378165586543     
  0.927827869248544     
  0.928275091630194     
  0.928729966616601     
  0.929194108250746     
  0.929660636171958     
  0.930136229214257     
  0.930612424278204     
  0.931095252439298     
  0.931580201328585     
  0.932059576131860     
  0.932534601292414     
  0.933004472813292     
  0.933494036516545     
  0.933967336311807     
  0.934417138397061     
  0.934873428567752     
  0.935328632210264     
  0.935771609759432     
  0.936216691085166     
  0.936648716198606     
  0.937072863991091     
  0.937486617713432     
  0.937885887118651     
  0.938277331074817     
