   1.01071470525146     
   1.01006710184875     
   1.00940873667637     
   1.00875424043857     
   1.00809936860746     
   1.00746308247027     
   1.00681840694901     
   1.00616766328515     
   1.00553654611592     
   1.00490116873013     
   1.00426225619311     
   1.00362161671437     
   1.00298710915439     
   1.00236038902252     
   1.00175828422520     
   1.00116202736628     
   1.00056302297875     
  0.999981964644000     
  0.999389391876605     
  0.998820740218465     
  0.998278588837509     
  0.997741687766630     
  0.997174200944106     
  0.996607523036914     
  0.996031477313545     
  0.995460677331058     
  0.994881646892932     
  0.994323298996050     
  0.993757497978471     
  0.993203063534273     
  0.992671937405621     
  0.992150654494856     
  0.991644071387485     
  0.991134291175224     
  0.990641033916759     
  0.990155184471809     
  0.989670131833557     
  0.989227015527050     
  0.988788902509257     
  0.988359032065248     
  0.987979901747014     
  0.987643052700930     
  0.987253668716486     
  0.986835911057168     
  0.986405520728062     
  0.985868289668327     
  0.985304167878463     
  0.984832599561533     
  0.984233925099329     
  0.983574376848659     
  0.983134755754536     
  0.982444230262269     
