  0.123195980022091     
  0.123256463083887     
  0.123319165170626     
  0.123381020724748     
  0.123443744070762     
  0.123503961112509     
  0.123564227008401     
  0.123626153685890     
  0.123685280790627     
  0.123745008368457     
  0.123805401160196     
  0.123866642561351     
  0.123927003929384     
  0.123986210173712     
  0.124042384649917     
  0.124098877482075     
  0.124156294508678     
  0.124211414247762     
  0.124268442495093     
  0.124322773075868     
  0.124375095506312     
  0.124424236992813     
  0.124477982114012     
  0.124531828941759     
  0.124587571150717     
  0.124642483149612     
  0.124698507009129     
  0.124751221730449     
  0.124805976885677     
  0.124860001314666     
  0.124911609083825     
  0.124962246422461     
  0.125011506702305     
  0.125061573024308     
  0.125109874511390     
  0.125157004086147     
  0.125204215900825     
  0.125246736932578     
  0.125288614074706     
  0.125330094192174     
  0.125363013906374     
  0.125388896299384     
  0.125426759405537     
  0.125466867413388     
  0.125508137322711     
  0.125558359841274     
  0.125610937922146     
  0.125656968040880     
  0.125714249572399     
  0.125778021145255     
  0.125821331803240     
  0.125890470271538     
