  3.509788136754295E-002
  3.509773487852676E-002
  3.509773431536341E-002
  3.509762660432381E-002
  3.509773092848861E-002
  3.509768150481787E-002
  3.509766971375709E-002
  3.509777056565536E-002
  3.509774019341697E-002
  3.509771542311748E-002
  3.509768652355784E-002
  3.509772765828480E-002
  3.509768904243211E-002
  3.509778536657557E-002
  3.509777111628174E-002
  3.509776963564339E-002
  3.509772367134151E-002
  3.509771713562422E-002
  3.509768619814247E-002
  3.509766813323761E-002
  3.509769309797253E-002
  3.509768431608384E-002
  3.509765655014135E-002
  3.509763563603015E-002
  3.509778886532494E-002
  3.509776677022428E-002
  3.509776954815470E-002
  3.509778107676923E-002
  3.509775406544787E-002
  3.509773839347242E-002
  3.509773485835396E-002
  3.509773412279751E-002
  3.509772818865436E-002
  3.509772341186024E-002
  3.509771668976041E-002
  3.509771272295310E-002
  3.509769670512146E-002
  3.509769995230301E-002
  3.509766541692891E-002
  3.509770278833919E-002
  3.509785201034660E-002
  3.509771670014400E-002
  3.509770121437764E-002
  3.509766253554152E-002
  3.509763522812791E-002
  3.509761681164263E-002
  3.509765315665409E-002
  3.509775259403874E-002
  3.509767325161508E-002
  3.509769816979013E-002
  3.509770768322070E-002
  3.509768338189198E-002
