  2.684620308998007E-002
  2.694522510377748E-002
  2.702464469583912E-002
  2.710394458022662E-002
  2.717264169901842E-002
  2.722463642695044E-002
  2.729154474392163E-002
  2.661510446387632E-002
  2.744413744946279E-002
  2.747023824626184E-002
  2.757977190595774E-002
  2.760063601980758E-002
  2.764812422504528E-002
  2.753218336411383E-002
  2.756569070180004E-002
  2.751455033235346E-002
  2.747248562077846E-002
  2.784669264937477E-002
  2.796469978992654E-002
  2.790637059610327E-002
  2.779432977332749E-002
  2.772419320176343E-002
  2.761663667388874E-002
  2.814482127268302E-002
  2.824906483146920E-002
  2.828801232908166E-002
  2.771827468921143E-002
  2.807526850489800E-002
  2.813040906312633E-002
  2.782427233363212E-002
  2.840773004880992E-002
  2.837447266428817E-002
  2.844301013498900E-002
  2.835776772825442E-002
  2.825650335750935E-002
  2.751590317251737E-002
  2.777374882461530E-002
  2.768459543474443E-002
  2.783656043048348E-002
  2.760267426598867E-002
  2.445346033162359E-002
  2.715077229476280E-002
  2.776351011265268E-002
  2.805266530367052E-002
  2.804509617601655E-002
  2.795563246238811E-002
  2.802670228156203E-002
  2.810603334209653E-002
  2.528211688326903E-002
  2.616600425627894E-002
  2.620191573061583E-002
  2.728151452808037E-002
  4.639734086685964E-002
  4.655376133216339E-002
  4.665003779284217E-002
  4.670215390976412E-002
  4.674889725871808E-002
  4.680171044759638E-002
  4.684710455955934E-002
  4.675840527013000E-002
  4.678358252611811E-002
  4.678082494135336E-002
  4.680097318436542E-002
  4.681669918705959E-002
  4.682839234148781E-002
  4.683214221477063E-002
  4.707088750450372E-002
  4.709706454897235E-002
  4.704588603984389E-002
  4.711081919885914E-002
  4.710494418749148E-002
  4.715961778654690E-002
  4.715437947725361E-002
  4.717587457197741E-002
  4.716266629799121E-002
  4.717752822778919E-002
  4.714707565667545E-002
  4.712992286634321E-002
  4.712321471843058E-002
  4.713049859079184E-002
  4.711213104496066E-002
  4.704273241362544E-002
  4.706922581110135E-002
  4.706516516645458E-002
  4.702721503966209E-002
  4.702629396935042E-002
  4.701519198957297E-002
  4.702309822688277E-002
  4.700796042245434E-002
  4.702693249890824E-002
  4.704240874321008E-002
  4.703478070226102E-002
  4.705044037557343E-002
  4.707854805470500E-002
  4.709932205677023E-002
  4.705154521056356E-002
  4.709895181143306E-002
  4.709846956404392E-002
  4.708584235873266E-002
  4.707642824129999E-002
  4.708072121211581E-002
  4.705922263769331E-002
  4.704570181422482E-002
  4.701904447503016E-002
  6.229626186970535E-002
  6.232061308148917E-002
  6.235784265963900E-002
  6.257062674096990E-002
  6.259675262763413E-002
  6.264941229190221E-002
  6.269596813963767E-002
  6.273752000008918E-002
  6.278128456757802E-002
  6.280270228944135E-002
  6.275740637732913E-002
  6.275244888683694E-002
  6.273141528300009E-002
  6.288030495564212E-002
  6.288072791900322E-002
  6.287503932774997E-002
  6.286696856432419E-002
  6.285734658238670E-002
  6.284148880742206E-002
  6.298119559186355E-002
  6.297879200541864E-002
  6.301142730083675E-002
  6.299671956607841E-002
  6.297267003216350E-002
  6.292613922818220E-002
  6.297683119050973E-002
  6.291884630605819E-002
  6.287552372276690E-002
  6.283407597178398E-002
  6.279991927561164E-002
  6.277555760084236E-002
  6.275055049759727E-002
  6.269844573992910E-002
  6.267412766146792E-002
  6.281873959797282E-002
  6.279823852783022E-002
  6.277954592227042E-002
  6.278589735281413E-002
  6.278606127830856E-002
  6.278708059628046E-002
  6.280281329827883E-002
  6.275367843407938E-002
  6.277852375946509E-002
  6.281803135617342E-002
  6.281687218743495E-002
  6.280624334422782E-002
  6.274502286648774E-002
  6.277234547324968E-002
  6.276336961128416E-002
  6.270822154581612E-002
  6.268766066765993E-002
  6.270670945236108E-002
  8.998756311974829E-002
  9.004737591876709E-002
  9.010456898064081E-002
  9.015760682788430E-002
  9.020081171878619E-002
  9.024475840850631E-002
  9.028532743373416E-002
  9.032147729187850E-002
  9.036132227398892E-002
  9.039104196476805E-002
  9.040923729687904E-002
  9.043221659662688E-002
  9.045557065285445E-002
  9.046903576390351E-002
  9.048832932479277E-002
  9.049805849871974E-002
  9.051675317738588E-002
  9.052776090139164E-002
  9.053895399873021E-002
  9.055000464913712E-002
  9.057045891106363E-002
  9.056982430320859E-002
  9.056363758768241E-002
  9.056164616341049E-002
  9.055244372113480E-002
  9.054404785076410E-002
  9.052401479170520E-002
  9.049713178447334E-002
  9.047661913128605E-002
  9.046105335736049E-002
  9.044866201460616E-002
  9.042999488921348E-002
  9.041694428926843E-002
  9.040289164500465E-002
  9.038083263168273E-002
  9.036671928230883E-002
  9.035167681756701E-002
  9.034456073926504E-002
  9.034595991184437E-002
  9.034354652419378E-002
  9.034629284788537E-002
  9.035722628038777E-002
  9.035848007718501E-002
  9.034880272138184E-002
  9.033369607605035E-002
  9.032855433512821E-002
  9.031959820577187E-002
  9.030415551601557E-002
  9.029467648454373E-002
  9.046118302764204E-002
  9.044043612965447E-002
  9.024310930966085E-002
