  0.135188275024515     
  0.135254417229972     
  0.135315201137233     
  0.135371609276898     
  0.135424279825721     
  0.135474556846055     
  0.135518025751444     
  0.135558054807992     
  0.135598269492505     
  0.135633026560262     
  0.135661797886748     
  0.135687465161865     
  0.135709820976706     
  0.135728799418532     
  0.135750358138085     
  0.135771491036128     
  0.135788387713074     
  0.135804095228843     
  0.135814176205826     
  0.135826067319893     
  0.135842378535275     
  0.135850378802881     
  0.135849688904202     
  0.135845183020325     
  0.135834971535226     
  0.135821556600089     
  0.135802191341221     
  0.135781942473256     
  0.135759244655169     
  0.135740035417283     
  0.135725151496487     
  0.135708958648762     
  0.135695174520874     
  0.135678053721668     
  0.135664184303121     
  0.135649865555478     
  0.135636134949151     
  0.135636910168363     
  0.135642468592255     
  0.135645847380689     
  0.135657799231283     
  0.135678643581141     
  0.135689391535819     
  0.135684338577057     
  0.135676748607550     
  0.135677920696151     
  0.135677678131891     
  0.135664660842061     
  0.135657941875354     
  0.135649654337299     
  0.135628779855946     
  0.135617645453674     
