  2.070728721391810E-003
  2.072525690582647E-003
  2.074390622089457E-003
  2.076211028092055E-003
  2.078097514008954E-003
  2.079899764592227E-003
  2.081565380971339E-003
  2.083268550285989E-003
  2.084838433475896E-003
  2.086413170397539E-003
  2.087939311579754E-003
  2.089511412008763E-003
  2.091023393870255E-003
  2.092464188915189E-003
  2.093765948397698E-003
  2.095080486400984E-003
  2.096449738088438E-003
  2.097729327956517E-003
  2.099043449016484E-003
  2.100252942376901E-003
  2.101411336803598E-003
  2.102354949587528E-003
  2.103420737689356E-003
  2.104485139418270E-003
  2.105649755411073E-003
  2.106815722523865E-003
  2.107955508603315E-003
  2.108912350612180E-003
  2.109967927651156E-003
  2.111003279167757E-003
  2.111925981215291E-003
  2.112801853450850E-003
  2.113624584192867E-003
  2.114523605548972E-003
  2.115349045796307E-003
  2.116048642704540E-003
  2.116786306329901E-003
  2.117315221341494E-003
  2.117852172112299E-003
  2.118353396200675E-003
  2.118553683671405E-003
  2.118472664601138E-003
  2.118996883464990E-003
  2.119474090016641E-003
  2.120017696036100E-003
  2.121370744427161E-003
  2.122927812254973E-003
  2.123836486194757E-003
  2.125629848578320E-003
  2.127868579993842E-003
  2.128610937689146E-003
  2.131177182816984E-003
