  0.100090393656972     
  0.100156682351445     
  0.100217466821869     
  0.100273982672574     
  0.100326548897233     
  0.100376875341237     
  0.100420356037687     
  0.100460284242336     
  0.100500529299088     
  0.100535311137144     
  0.100564111363190     
  0.100589737503580     
  0.100612131934273     
  0.100631014051956     
  0.100652587021803     
  0.100673721400485     
  0.100690664041732     
  0.100706378093219     
  0.100716490007683     
  0.100728399186656     
  0.100744685437302     
  0.100752694486797     
  0.100752032354060     
  0.100747547384295     
  0.100737182669902     
  0.100723789829864     
  0.100704421793066     
  0.100684161396486     
  0.100661490589721     
  0.100642297023811     
  0.100627416638133     
  0.100611224525964     
  0.100597446332220     
  0.100580330309808     
  0.100566467613360     
  0.100552152832525     
  0.100538438244029     
  0.100539210216060     
  0.100544803175326     
  0.100548144592350     
  0.100559947220936     
  0.100580926880997     
  0.100591690321442     
  0.100586676041515     
  0.100579113379422     
  0.100580303884509     
  0.100580024975236     
  0.100566908248022     
  0.100560268623739     
  0.100551956167509     
  0.100531072172725     
  0.100519962071782     
