  8.414593044005537E-002
  8.410274985152752E-002
  8.405631073060689E-002
  8.400666409421764E-002
  8.395585140238157E-002
  8.390284621036075E-002
  8.384763587331276E-002
  8.379316657517430E-002
  8.374036711986581E-002
  8.368480764057995E-002
  8.362630182354253E-002
  8.356743817718010E-002
  8.350695039154200E-002
  8.344529232746170E-002
  8.338594606856367E-002
  8.332835378419087E-002
  8.326927221336759E-002
  8.320932645646216E-002
  8.314713485019661E-002
  8.308589935598411E-002
  8.302552617772435E-002
  8.296272574176697E-002
  8.290038831972517E-002
  8.283654468699114E-002
  8.277022460918705E-002
  8.270288831920498E-002
  8.263438270676780E-002
  8.256550730010061E-002
  8.249755157919041E-002
  8.243385303228380E-002
  8.237614371859275E-002
  8.232032035126521E-002
  8.226790402200070E-002
  8.221518139102774E-002
  8.216656600359575E-002
  8.212032362538134E-002
  8.207641810889091E-002
  8.204492867121289E-002
  8.201838395967963E-002
  8.199206874288632E-002
  8.196738461470399E-002
  8.194241704962814E-002
  8.191873033907923E-002
  8.189229529946222E-002
  8.186520585899326E-002
  8.183557946895370E-002
  8.180433777521427E-002
  8.177387370805861E-002
  8.173893667229470E-002
  8.170111820993448E-002
  8.166801600564967E-002
  8.162626585029524E-002
  2.108751161873057E-002
  2.114682816736119E-002
  2.120565000054863E-002
  2.126500582361918E-002
  2.132415741475114E-002
  2.138308857674073E-002
  2.144526375735030E-002
  2.150777252145316E-002
  2.157139760597734E-002
  2.163595500445753E-002
  2.170158647828252E-002
  2.176752707218597E-002
  2.183430228969077E-002
  2.190288663695182E-002
  2.197253249155030E-002
  2.204256136777425E-002
  2.211297043999070E-002
  2.218465403497331E-002
  2.225718265736513E-002
  2.233060882698288E-002
  2.240409481407707E-002
  2.248240805239385E-002
  2.256219898942072E-002
  2.264315722744552E-002
  2.272505136640143E-002
  2.280782103667760E-002
  2.289295108287144E-002
  2.298076466970834E-002
  2.306934234366771E-002
  2.315927067946771E-002
  2.325114755816142E-002
  2.334509182983572E-002
  2.344078859010098E-002
  2.353802299366246E-002
  2.363718917697155E-002
  2.373965346596445E-002
  2.384356730272122E-002
  2.394923872271933E-002
  2.405610766340254E-002
  2.416283594323962E-002
  2.427193606431356E-002
  2.438067737590789E-002
  2.448491838015354E-002
  2.459160892444949E-002
  2.469855893768023E-002
  2.480973188795583E-002
  2.492081722286099E-002
  2.502401591416658E-002
  2.512993355410691E-002
  2.523414810951630E-002
  2.532691776149048E-002
  2.542123593338482E-002
  0.000000000000000E+000
  0.000000000000000E+000
  0.000000000000000E+000
  0.000000000000000E+000
  0.000000000000000E+000
  0.000000000000000E+000
  0.000000000000000E+000
  0.000000000000000E+000
  0.000000000000000E+000
  0.000000000000000E+000
  0.000000000000000E+000
  0.000000000000000E+000
  0.000000000000000E+000
  0.000000000000000E+000
  0.000000000000000E+000
  0.000000000000000E+000
  0.000000000000000E+000
  0.000000000000000E+000
  0.000000000000000E+000
  0.000000000000000E+000
  0.000000000000000E+000
  0.000000000000000E+000
  0.000000000000000E+000
  0.000000000000000E+000
  0.000000000000000E+000
  0.000000000000000E+000
  0.000000000000000E+000
  0.000000000000000E+000
  0.000000000000000E+000
  0.000000000000000E+000
  0.000000000000000E+000
  0.000000000000000E+000
  0.000000000000000E+000
  0.000000000000000E+000
  0.000000000000000E+000
  0.000000000000000E+000
  0.000000000000000E+000
  0.000000000000000E+000
  0.000000000000000E+000
  0.000000000000000E+000
  0.000000000000000E+000
  0.000000000000000E+000
  0.000000000000000E+000
  0.000000000000000E+000
  0.000000000000000E+000
  0.000000000000000E+000
  0.000000000000000E+000
  0.000000000000000E+000
  0.000000000000000E+000
  0.000000000000000E+000
  0.000000000000000E+000
  0.000000000000000E+000
  2.788410424433791E-002
  2.793231352049930E-002
  2.797884978398731E-002
  2.802372833096922E-002
  2.806617349457997E-002
  2.810872229436130E-002
  2.814356073980852E-002
  2.817384716107686E-002
  2.820166633318595E-002
  2.822585074482709E-002
  2.824597027334334E-002
  2.826298850048968E-002
  2.827754490160241E-002
  2.828815626520285E-002
  2.829811362957239E-002
  2.830549539776232E-002
  2.830969532162656E-002
  2.831238540945124E-002
  2.831081524924717E-002
  2.830930619454956E-002
  2.831134620666838E-002
  2.830289005913297E-002
  2.828368085736578E-002
  2.826099596646988E-002
  2.823404580422596E-002
  2.820403152168177E-002
  2.816690204297822E-002
  2.812675815283305E-002
  2.808238280465956E-002
  2.803590842636451E-002
  2.798593423851853E-002
  2.793074461421002E-002
  2.787285732458169E-002
  2.781032573142860E-002
  2.774508007675753E-002
  2.767383982142762E-002
  2.759936323120941E-002
  2.752542755308846E-002
  2.745012479706041E-002
  2.737258929836185E-002
  2.729992486859428E-002
  2.723707649100357E-002
  2.716674593312170E-002
  2.708096026312798E-002
  2.699296611484084E-002
  2.691123859481561E-002
  2.682959532156091E-002
  2.674293473364137E-002
  2.666344180037338E-002
  2.658651943785508E-002
  2.650523515111641E-002
  2.643896648717693E-002
