   1.34155577489940     
   1.34069618902394     
   1.33982231868802     
   1.33895358371969     
   1.33808435021365     
   1.33723978612706     
   1.33638408652758     
   1.33552033247741     
   1.33468262933663     
   1.33383927146648     
   1.33299122127068     
   1.33214087884677     
   1.33129867552582     
   1.33046680872128     
   1.32966761468190     
   1.32887618280874     
   1.32808110404803     
   1.32730984568948     
   1.32652330383547     
   1.32576851327794     
   1.32504889743361     
   1.32433625050323     
   1.32358300607137     
   1.32283083534015     
   1.32206623039003     
   1.32130858828901     
   1.32054002162616     
   1.31979890759905     
   1.31904790079304     
   1.31831198122390     
   1.31760699956944     
   1.31691508315063     
   1.31624267827750     
   1.31556602977903     
   1.31491131275536     
   1.31426642837283     
   1.31362260161876     
   1.31303443837461     
   1.31245291616461     
   1.31188233460127     
   1.31137910212110     
   1.31093199100191     
   1.31041514848417     
   1.30986064462917     
   1.30928937300477     
   1.30857628806903     
   1.30782751015870     
   1.30720158159988     
   1.30640694076020     
   1.30553150008450     
   1.30494797615383     
   1.30403141833880     
