  0.227231428007891     
  0.225652633912213     
  0.224087699511393     
  0.222557515616028     
  0.221076751029971     
  0.219678649635919     
  0.218150471864358     
  0.216593286875973     
  0.215049081510542     
  0.213513584818057     
  0.211953733692445     
  0.210404236627005     
  0.208872442577559     
  0.207355048378283     
  0.205837587319879     
  0.204331438555888     
  0.202857717895365     
  0.201423444421390     
  0.199966554479656     
  0.198554615349014     
  0.197266091657369     
  0.195871582014892     
  0.194395216618909     
  0.192919152298015     
  0.191467369947415     
  0.190054925746032     
  0.188593989352883     
  0.187117175046635     
  0.185655033341032     
  0.184209482910842     
  0.182771888541639     
  0.181335491183525     
  0.179909150468419     
  0.178523279329990     
  0.177144849583501     
  0.175704962920853     
  0.174271356046309     
  0.172821877744783     
  0.171380865900782     
  0.169946580495483     
  0.168540571426215     
  0.167228606496706     
  0.165988086452136     
  0.164593774925722     
  0.163188133608499     
  0.161865828655838     
  0.160579729239570     
  0.159252538378721     
  0.158020503690350     
  0.156827962676123     
  0.155538820346512     
  0.154487052048876     
  0.670237803572849     
  0.669149052167299     
  0.668089248318416     
  0.667055512086835     
  0.666052902822840     
  0.665100462038943     
  0.664065300636622     
  0.663007330577719     
  0.661941723763509     
  0.660882931387614     
  0.659819432891897     
  0.658763823601854     
  0.657719535688485     
  0.656676266102143     
  0.655630298873796     
  0.654590994395173     
  0.653573776261656     
  0.652578442416984     
  0.651580647830115     
  0.650611884757029     
  0.649728676302529     
  0.648751061300870     
  0.647705304296576     
  0.646670479776827     
  0.645655173178377     
  0.644655357980992     
  0.643621277862422     
  0.642576848088876     
  0.641540388721030     
  0.640503440369069     
  0.639443170030105     
  0.638370856318388     
  0.637295447763925     
  0.636237825551906     
  0.635169394542599     
  0.634053627168805     
  0.632941252661554     
  0.631791450154832     
  0.630640827785752     
  0.629493711800267     
  0.628373756167422     
  0.627318714172662     
  0.626300187943392     
  0.625169189184450     
  0.624046800365715     
  0.623077811022043     
  0.622152032849489     
  0.621115765819523     
  0.620254048296925     
  0.619474799931513     
  0.618454811127150     
  0.617800557188220     
  0.884516490502526     
  0.883901459318316     
  0.883296003417182     
  0.882695566819454     
  0.882108784379878     
  0.881542489608311     
  0.880934346122892     
  0.880322045985847     
  0.879707066637708     
  0.879087743049362     
  0.878457560113133     
  0.877830238580592     
  0.877208460912506     
  0.876581538932169     
  0.875960352769030     
  0.875350258392923     
  0.874752600220705     
  0.874161152420255     
  0.873569977698894     
  0.872991179961346     
  0.872456347724156     
  0.871860834077045     
  0.871240113084416     
  0.870622141987909     
  0.870013593815981     
  0.869410372220341     
  0.868790083430794     
  0.868160362501281     
  0.867538972465329     
  0.866925944961614     
  0.866302802116002     
  0.865666218740107     
  0.865028949428762     
  0.864390321800585     
  0.863749913406352     
  0.863086229644552     
  0.862423994855610     
  0.861763844880478     
  0.861112064679378     
  0.860460470426947     
  0.859806402297610     
  0.859189904573543     
  0.858607992322332     
  0.857961924763694     
  0.857315707467589     
  0.856761476924116     
  0.856222874449406     
  0.855622854957004     
  0.855116777683805     
  0.854651978313406     
  0.854058856300575     
  0.853652977331271     
  2.109111845063136E-007
  2.143109081804123E-007
  2.166421915071611E-007
  2.073989306218511E-007
  2.149412584454292E-007
  2.186870232372718E-007
  2.110083956951957E-007
  2.163976608254090E-007
  2.232069043223487E-007
  2.698612053771612E-007
  3.609519752906733E-007
  3.936091734237016E-007
  5.568974644701214E-007
  6.427097454053954E-007
  9.083964289739952E-007
  1.083316144520068E-006
  1.204169749901455E-006
  1.526752554994707E-006
  1.939448416939373E-006
  2.318336046821181E-006
  2.573465806465623E-006
  2.916944158732370E-006
  3.422574159063409E-006
  4.092477364720556E-006
  4.691738789790173E-006
  5.188467208167217E-006
  5.618054197653833E-006
  6.073618648304353E-006
  6.518790247386027E-006
  7.078582477019172E-006
  7.624081130450872E-006
  8.149422565422491E-006
  8.808560234736961E-006
  9.510149938377915E-006
  1.020108097170795E-005
  1.080112482287370E-005
  1.137261661997551E-005
  1.193039568507545E-005
  1.247883092300162E-005
  1.305259693841638E-005
  1.397196890820182E-005
  1.474349075610445E-005
  1.547881183088387E-005
  1.626507919001387E-005
  1.705887650462805E-005
  1.796543406004355E-005
  1.894054015456957E-005
  1.911411615355834E-005
  2.081522521845633E-005
  2.198134069849207E-005
  2.274978444901314E-005
  2.384226273736596E-005
