  0.438391039233576     
  0.437693861505809     
  0.436990620231662     
  0.436293233220181     
  0.435588350130946     
  0.434897898971752     
  0.434194638551211     
  0.433472963115352     
  0.432763285678044     
  0.432045564954554     
  0.431320193769097     
  0.430587512729480     
  0.429856124888760     
  0.429127160734259     
  0.428420858817098     
  0.427712531492229     
  0.426993873294103     
  0.426289730960339     
  0.425572042774668     
  0.424875884662196     
  0.424208273156059     
  0.423531601573553     
  0.422804027279421     
  0.422072239748916     
  0.421325429363833     
  0.420574401466835     
  0.419808238161976     
  0.419060416644735     
  0.418297634785108     
  0.417541431200555     
  0.416793580524820     
  0.416040306074254     
  0.415295543984830     
  0.414538340227559     
  0.413793680469837     
  0.413054350829375     
  0.412316195523602     
  0.411618907971205     
  0.410935436509732     
  0.410247408852299     
  0.409628481812661     
  0.409073584848837     
  0.408431332349546     
  0.407742036000045     
  0.407054865736494     
  0.406427356352872     
  0.405805813599377     
  0.405129373669872     
  0.404497992353817     
  0.403868872668926     
  0.403199750511432     
  0.402561046473207     
