  0.603457430893284     
  0.602828740113039     
  0.602189482195560     
  0.601546091110071     
  0.600901220961470     
  0.600262780099922     
  0.599607821025694     
  0.598952171117599     
  0.598311090417524     
  0.597661569593489     
  0.597001281332963     
  0.596341865625325     
  0.595683403651908     
  0.595025380106007     
  0.594389979752095     
  0.593764417854183     
  0.593135925480214     
  0.592515588217673     
  0.591886489465468     
  0.591275434310973     
  0.590689144168841     
  0.590087357689348     
  0.589464825579029     
  0.588839973177336     
  0.588206334664090     
  0.587574458452925     
  0.586933425119467     
  0.586301459181747     
  0.585670434576553     
  0.585058447086326     
  0.584469699837772     
  0.583887175574861     
  0.583320268535989     
  0.582751575653929     
  0.582200920427846     
  0.581656855704976     
  0.581121727713314     
  0.580636212232593     
  0.580169132326624     
  0.579703306022142     
  0.579272104533025     
  0.578873674609218     
  0.578447688641656     
  0.577986771073285     
  0.577522271849959     
  0.577063964029016     
  0.576602185918900     
  0.576133840647239     
  0.575659185612706     
  0.575173037702430     
  0.574710201302000     
  0.574218462612232     
