   1.82461698562950     
   1.82442633862420     
   1.82415685565495     
   1.82383252677420     
   1.82347285710863     
   1.82309168623387     
   1.82269961614555     
   1.82230473448960     
   1.82191297190882     
   1.82152885653493     
   1.82115548721585     
   1.82079560235033     
   1.82045018894067     
   1.82012013002471     
   1.81980591565483     
   1.81950780864766     
   1.81922575218815     
   1.81895952956688     
   1.81870877817257     
   1.81847304208905     
   1.81825181142543     
   1.81804440025688     
   1.81785014176707     
   1.81766838292610     
   1.81749847771390     
   1.81733972848105     
   1.81719153466035     
   1.81705321321532     
   1.81692433247145     
   1.81680412303407     
   1.81669198994785     
   1.81658737539837     
   1.81648976867502     
   1.81639865255054     
   1.81631359243596     
   1.81623412983557     
   1.81615989408387     
   1.81609049436553     
   1.81602559698152     
   1.81596487255962     
   1.81590807099187     
   1.81585491195971     
   1.81580513533799     
   1.81575855181912     
   1.81571492108813     
   1.81567408816142     
   1.81563587074678     
   1.81560013785991     
   1.81556670185886     
   1.81553543529158     
   1.81550618395374     
   1.81547912572687     
   1.81545382978065     
   1.81543020689930     
   1.81540819472542     
   1.81538765010999     
   1.81536852983731     
   1.81535075361752     
   1.81533421268710     
   1.81531885692885     
   1.81530461413241     
   1.81529140025029     
   1.81527918062188     
   1.81526784528309     
   1.81525739550102     
   1.81524772327011     
   1.81523878412452     
   1.81523055503830     
   1.81522296218743     
   1.81521599375654     
   1.81520956537245     
   1.81520366156999     
   1.81519823255599     
   1.81519325945125     
   1.81518869796434     
   1.81518452025819     
   1.81518069450601     
   1.81517719320829     
   1.81517400448772     
   1.81517108925561     
   1.81516842608245     
   1.81516600044900     
   1.81516378519211     
   1.81516176233563     
   1.81515991359670     
   1.81515823541541     
   1.81515669006946     
   1.81515527219511     
   1.81515397595445     
   1.81515277944621     
   1.81515167338139     
   1.81515064345421     
   1.81514968911116     
   1.81514877680526     
   1.81514789718894     
   1.81514704326423     
   1.81514619855261     
   1.81514534403338     
   1.81514447245569     
   1.81512836617795     
