  1.126130847148401E-006
  1.126131110599329E-006
  1.126133827755537E-006
  1.126143167529464E-006
  1.126164568868311E-006
  1.126204483923422E-006
  1.126270236345098E-006
  1.126369926941207E-006
  1.126512364832642E-006
  1.126707014288041E-006
  1.126963952033870E-006
  1.127293831983492E-006
  1.127707855452631E-006
  1.128217745565366E-006
  1.128835724950446E-006
  1.129574496078425E-006
  1.130447223751079E-006
  1.131467519380644E-006
  1.132649426769104E-006
  7.668430892520386E-004
  1.662115807346926E-003
  2.855000142123614E-003
  4.448243147645766E-003
  5.903907593146377E-003
  7.299255831184020E-003
  9.227306455356686E-003
  1.233319474215692E-002
  1.529121219171540E-002
  1.803012521111217E-002
  2.187137254687744E-002
  2.605547340473181E-002
  3.095510521936937E-002
  3.658880300483180E-002
  4.185154660319877E-002
  4.732060205073922E-002
  5.390997289077742E-002
  6.171379049074916E-002
  6.997929841054572E-002
  7.890334158571524E-002
  8.839694748737655E-002
  9.876132425980577E-002
  0.110139490425535     
  0.121869279086486     
  0.133468114204289     
  0.146249340890590     
  0.160750622021519     
  0.175997101122060     
  0.192451894227987     
  0.210025829631383     
  0.228396709758236     
  0.247688997443327     
  0.268431311568150     
  0.290314367637001     
  0.313050234842223     
  0.336981079251261     
  0.362346264075579     
  0.388993670829571     
  0.416739338374052     
  0.444547794329392     
  0.473486017848447     
  0.505063734637665     
  0.538277514894479     
  0.572820460889595     
  0.609032431670530     
  0.646628857857028     
  0.685726734928469     
  0.726637405897307     
  0.769023402540793     
  0.813019680015838     
  0.858912789126783     
  0.906328763226430     
  0.955531824956487     
   1.00658448581268     
   1.05945918987131     
   1.11421799984647     
   1.17084691525271     
   1.22951624774155     
   1.29011063019118     
   1.35274108596425     
   1.41744435089821     
   1.48422491097729     
   1.55317276184853     
   1.62435167400434     
   1.69770846094543     
   1.77336276059647     
   1.85129176235981     
   1.93156820692545     
   2.01421789804918     
   2.09929280360513     
   2.18685252339418     
   2.27693261451418     
   2.36958200223208     
   2.46486263593981     
   2.56278262726764     
   2.66340249910388     
   2.76676655848156     
   2.87291550992083     
   2.98187374132164     
   3.09370279883944     
   3.20843191966508     
   3.32612460000561     
   3.44680837121318     
   3.57052913538508     
   3.69734087828267     
   3.82731063589703     
   3.96046804507740     
   4.09685632206215     
   4.23652214927977     
   4.37951082370507     
   4.52587634784173     
   4.67566449192807     
   4.82891922448049     
   4.98569718345384     
   5.14604173021532     
   5.31001030785086     
   5.47766306462569     
   5.64901379152821     
   5.82412429518983     
   6.00303834391233     
   6.18580390520380     
   6.37246990850818     
   6.56308255632539     
   6.75770263661815     
   6.95635734559307     
   7.15912324806976     
   7.36604602696416     
   7.57717712510671     
   7.79255972603821     
   8.01224549789176     
   8.23628619971917     
   8.46473217963488     
   8.69763484371479     
   8.93504359092432     
   9.17701164493380     
   9.42358983123741     
   9.67483335496504     
   9.93079399706470     
   10.1915236378024     
   10.4570753590169     
   10.7275093334630     
   11.0028860116122     
   11.2832297605906     
   11.5686144311350     
   11.8590887494339     
   12.1547049372824     
   12.4555198014522     
   12.7615863727317     
   13.0729587193602     
   13.3896915315072     
   13.7118389485570     
   14.0394575074548     
   14.3726052641451     
   14.7113314961059     
   15.0556892028068     
   15.4057418626437     
   15.7615411941985     
   16.1231433434885     
   16.4906071025768     
   16.8639862546625     
   17.2433373068549     
   17.6287185125833     
   18.0201819061765     
   18.4178078222429     
   18.8216197426922     
   19.2316889060643     
   19.6480781451008     
   20.0708276794631     
   20.5000076248598     
   20.9356746692405     
   21.3778796997498     
   21.8266896901791     
   22.2821610258381     
   22.7443495428635     
   23.2133194118659     
   23.6891264731151     
   24.1718266418483     
   24.6614820168265     
   25.1581481428959     
   25.6618847168727     
   26.1727544684791     
   26.6908130981288     
   27.2161212840950     
   27.7487422627051     
   28.2887342989679     
   28.8361604265229     
   29.3910809286499     
   29.9535556317026     
   30.5236460379784     
   31.1014133605291     
   31.6869170179321     
   32.2802189673749     
   32.8813816269513     
   33.4904650095341     
   34.1075318311695     
   34.7326449339909     
   35.3658655070309     
   36.0072576057166     
   36.6568864015566     
   37.3148105598858     
   37.9810972681264     
   38.6616062243368     
   39.3528569126445     
   40.0528909321880     
   40.7617747990038     
   41.4795752875220     
   42.2052390802100     
   42.9323022590256     
   43.6681925337820     
   44.4130166939436     
   45.1668864851396     
   45.9298198287448     
   46.7018826039255     
   47.4831799518815     
   48.2737381353600     
   49.0736238819366     
   49.8829388149839     
   50.7017182684366     
   51.5300241978874     
   52.3679476203029     
   53.2155393490029     
   54.0728581651542     
   54.9399871547763     
   55.8169868612200     
   56.7039170164531     
   57.6008525313178     
   58.5078630980631     
   59.4250083273374     
   60.3523590898457     
   61.2899885511042     
   62.2379585372699     
   63.1963338258716     
   64.1651882357046     
   65.1445880789656     
   66.1345959034610     
   67.1352855105900     
   68.1467231132017     
   69.1689735854326     
   70.2021095251036     
   71.2462005916984     
   72.3013123639498     
   73.3675154592542     
   74.4448799650879     
   75.5334755874918     
   76.6333707468633     
   77.7446366321545     
   78.8673438494060     
   80.0015613660242     
   81.1473617773794     
   82.3048149056111     
   83.4739922107614     
   84.6549633001867     
   85.8478009130002     
   87.0525743924166     
   88.2693545592743     
   89.4982130020735     
   90.7392211046481     
   91.9924465374346     
   93.2579614774533     
   94.5358381308131     
   95.8261539615326     
   97.1289752490639     
   98.4443738615844     
   99.7724257761718     
   101.113205958352     
   102.466781699740     
   103.833227560205     
   105.212618242887     
   106.605028903424     
   108.010527449088     
   109.429189187893     
   110.861089594978     
   112.306303239696     
   113.764898660627     
   115.236954261170     
   116.722543444923     
   118.221740652042     
   119.734618650134     
   121.261250999884     
   122.801715606798     
   124.356087378290     
   125.924435938000     
   127.506773227804     
   129.103237964126     
   130.713939245008     
   132.343069512989     
   134.004756213990     
   135.681292519161     
   137.372757987736     
   139.079231744005     
   140.789118707733     
   142.502333916364     
   144.230510947249     
   145.973606505059     
   147.731424799354     
   149.504590984155     
   151.293062207979     
   153.096764348118     
   154.915539889034     
   156.749920983029     
   158.599911856619     
   160.465453456933     
   162.346429488453     
   164.243269275116     
   166.156028095631     
   168.084669582792     
   170.029109272720     
   171.989665268750     
   173.966447111919     
   175.959449114063     
   177.968613245283     
   179.994157044893     
   182.036228149118     
   184.094853981348     
   186.170004554137     
   188.261818491537     
   190.370453554015     
   192.495972705798     
   194.638376996713     
   196.797750599583     
   198.974237677470     
   201.167931668605     
   203.378861989353     
   205.607086435623     
   207.852722162926     
   210.115876042152     
   212.396609120821     
   214.694974981004     
   217.011062960135     
   219.344983249443     
   221.696815220727     
   224.066623224180     
   226.454476956596     
   228.860474267245     
   231.284711190592     
   233.727262093251     
   236.188194301625     
   238.667592715768     
   241.165549704911     
   243.682154086185     
   246.217483761309     
   248.771607646408     
   251.344612370611     
   253.936594870705     
   256.547638442491     
   259.177813454410     
   261.827207881235     
   264.495900137931     
   267.183986112872     
   269.891545838743     
   272.618663373981     
   275.365416593952     
   278.131890176933     
   280.918174241535     
   283.724360161138     
   286.550523775013     
   289.396743754500     
   292.263109087604     
   295.149712069541     
   298.056635766582     
   300.983964803892     
   303.931777948618     
   306.900156494825     
   309.889202013689     
   312.898992796607     
   315.929608863482     
   318.981136348860     
   322.053664177552     
   325.183190762799     
   328.338098631678     
   331.514809466383     
   334.713413434172     
   337.930363895406     
   341.131805483283     
   344.354595361257     
   347.599076424607     
   350.865332191298     
   354.153449463322     
   357.463629168546     
   360.795820822216     
   364.150143203510     
   367.526677426397     
   370.925512976187     
   374.346834507453     
   377.790615163891     
   381.256966242223     
   384.745972824877     
   388.257723343438     
   391.792381095720     
   395.349955363143     
   398.930540460889     
   402.534227580408     
   406.161102396787     
   409.811312155958     
   413.484894288275     
   417.181935399287     
   420.902524133944     
   424.646749423609     
   428.414737234332     
   432.206558405896     
   436.022286549270     
   439.862012282339     
   443.725828040013     
   447.613836368548     
   451.526127832683     
   455.462790009264     
   459.423899325721     
   463.409551545350     
   467.419842647995     
   471.454868983401     
   475.514723273065     
   479.599483853197     
   483.709242785363     
   487.844086877296     
   492.004121725056     
   496.189443854726     
   500.400137622616     
   504.636287007527     
   508.897979486160     
   513.185315753237     
   517.498399278112     
   521.837318019426     
   526.202156902052     
   530.593005284928     
   535.009958061598     
   539.453110085010     
   543.922562905463     
   548.418408548712     
   552.940726547792     
   557.489617080191     
   562.065164839998     
   566.667475285990     
   571.296647056675     
   575.952765822909     
   580.635922853191     
   585.346204055808     
   590.083713382071     
   594.848544010525     
   599.640799832927     
   604.460559714012     
   609.307923957255     
   614.182979047129     
   619.085825721257     
   624.016561678839     
   628.975283071703     
   633.962087971268     
   638.977055302243     
   644.020286786944     
   649.091873190668     
   654.191924170819     
   659.320526868818     
   664.490055647825     
   669.742916456202     
   675.025370713222     
   680.337518244626     
   685.679459063704     
   691.019979696844     
   696.352840295676     
   701.714508330915     
   707.105329333214     
   712.525638843748     
   717.975531787765     
   723.455233220993     
   728.965338161955     
   734.504978675529     
   740.074403605409     
   745.673888864856     
   751.303542419785     
   756.963586295253     
   762.654508053170     
   768.375644220905     
   774.127154843049     
   779.909305211243     
   785.722191419969     
   791.566035931427     
   797.441244811005     
   803.347360256229     
   809.284447502403     
   815.252735707353     
   821.252363154760     
   827.283503176179     
   833.346488169002     
   839.441058109398     
   845.567219951751     
   851.725150334242     
   857.914987946355     
   864.136902363404     
   870.391147484392     
   876.677646458026     
   882.996327866065     
   889.347347893743     
   895.730862994846     
   902.147033324013     
   908.596040598797     
   915.077850233760     
   921.592474559501     
   928.140039181156     
   934.720596326860     
   941.334331256729     
   947.981282191966     
   954.661585820232     
