   9.03179257164939     
   9.02026909058638     
   9.00993005502149     
   9.00099362368375     
   8.99306208675852     
   8.98597060317229     
   8.97973492299161     
   8.97422987204571     
   8.96936675351086     
   8.96507094509262     
   8.96127651762590     
   8.95789367825227     
   8.95489499422960     
   8.95222781666780     
   8.94986646895421     
   8.94776391878250     
   8.94589334414509     
   8.94422192943536     
   8.94272436079703     
   8.94137721689613     
   8.94015661233553     
   8.93902891375873     
   8.93801534694424     
   8.93709184540741     
   8.93624470337981     
   8.93546388741789     
   8.93474063687457     
   8.93406762718348     
   8.93343866127272     
   8.93284592605931     
   8.93228347233336     
   8.93175376626963     
   8.93125410858282     
   8.93078245621909     
   8.93033667331627     
   8.92991536272988     
   8.92951722538320     
   8.92914110905642     
   8.92878603238891     
   8.92845128240437     
   8.92813605730367     
   8.92783963384686     
   8.92756124688553     
   8.92730008083981     
   8.92705548243976     
   8.92682668435760     
   8.92661297405387     
   8.92640825352023     
   8.92622148974512     
   8.92604831284734     
   8.92588838885766     
   8.92570276118994     
   8.92554972627182     
   8.92540614113397     
   8.92526982132510     
   8.92514452419987     
   8.92502976838142     
   8.92492457099602     
   8.92482781200566     
   8.92473883787236     
   8.92465696550968     
   8.92458153359923     
   8.92451206255007     
   8.92444812866481     
   8.92438926209806     
   8.92433509407725     
   8.92428529471080     
   8.92423951199238     
   8.92419741996102     
   8.92415874718059     
   8.92412325074758     
   8.92409064088193     
   8.92406073433916     
   8.92403332678654     
   8.92400823011499     
   8.92398524997031     
   8.92396428210343     
   8.92394516529905     
   8.92392772681802     
   8.92391183858870     
   8.92389734566055     
   8.92388415440757     
   8.92387214974829     
   8.92386123610704     
   8.92385131474505     
   8.92384232943267     
   8.92383420104802     
   8.92382679499890     
   8.92382007340401     
   8.92381395326577     
   8.92380837099068     
   8.92380328313815     
   8.92379860655020     
   8.92379428828028     
   8.92379025922024     
   8.92378647525726     
   8.92378289718705     
   8.92377952514715     
   8.92377653552286     
   654.901892961447     
   5.40323852474185     
   5.40079816268149     
   5.39901252767029     
   5.39796513249082     
   5.39724878842941     
   5.39668879810983     
   5.39631580102856     
   5.39606146344079     
   5.39588651104395     
   5.39576818732083     
   5.39569227779238     
   5.39563397610265     
   5.39559761830436     
   5.39556424522368     
   5.39554759462690     
   5.39553632509628     
   5.39553278043212     
   5.39553113373553     
   5.39552938008798     
   5.39552538260820     
   5.39551335322539     
   5.39547717830988     
   5.39544667847059     
   5.39541185709226     
   5.39536961433244     
   5.39531911056923     
   5.39525962294871     
   5.39519080537538     
   5.39511263826385     
   5.39502281703587     
   5.39492091956140     
   5.39481147016672     
   5.39469607992806     
   5.39457596421622     
   5.39445194191396     
   5.39432517920391     
   5.39419671071578     
   5.39406748106398     
   5.39393841227997     
   5.39381045490167     
   5.39368436848251     
   5.39356085109901     
   5.39344042794857     
   5.39332349315853     
   5.39321047554842     
   5.39310161525013     
   5.39299712256553     
   5.39289687503061     
   5.39280143085387     
   5.39271069470056     
   5.39262521972753     
   5.39251146049408     
   5.39242266053798     
   5.39233790756158     
   5.39225581247348     
   5.39217935346016     
   5.39210850050293     
   5.39204272265934     
   5.39198134631648     
   5.39192404970817     
   5.39187048186613     
   5.39182029093665     
   5.39177326214894     
   5.39172921625407     
   5.39168793165525     
   5.39164924624120     
   5.39161303350376     
   5.39157912957516     
   5.39154738965381     
   5.39151769403240     
   5.39148994018272     
   5.39146397791789     
   5.39143973726433     
   5.39141712591407     
   5.39139604578441     
   5.39137640016307     
   5.39135814995519     
   5.39134121311690     
   5.39132549055775     
   5.39131091792892     
   5.39129739845821     
   5.39128488652390     
   5.39127331387399     
   5.39126262402754     
   5.39125275431134     
   5.39124368430928     
   5.39123536005159     
   5.39122769122900     
   5.39122066238913     
   5.39121421416191     
   5.39120831338385     
   5.39120293253801     
   5.39119802159425     
   5.39119354610350     
   5.39118946231729     
   5.39118575236690     
   5.39118238930673     
   5.39117938739547     
   5.39117690034665     
  7.516778523489934E-002
   7.50130515725570     
   7.50345018028377     
   7.50557185044543     
   7.50733231957695     
   7.50876031391790     
   7.50993275483955     
   7.51087112464784     
   7.51157764942911     
   7.51210650449439     
   7.51249834567582     
   7.51278560589423     
   7.51294841180205     
   7.51304514764129     
   7.51312134924055     
   7.51317003519267     
   7.51319306900051     
   7.51319446939137     
   7.51317688367190     
   7.51314236362072     
   7.51309003705468     
   7.51302329424791     
   7.51294500865955     
   7.51285848862139     
   7.51276208847490     
   7.51265773350023     
   7.51254646976664     
   7.51242932616552     
   7.51230752095679     
   7.51218211516889     
   7.51205439321478     
   7.51192101937888     
   7.51178851644197     
   7.51165700445362     
   7.51152703463380     
   7.51139897455808     
   7.51127335219778     
   7.51115051583914     
   7.51103080160003     
   7.51091443152800     
   7.51080177218302     
   7.51069296432883     
   7.51058813526142     
   7.51048744407715     
   7.51039090754808     
   7.51029857839545     
   7.51021045467107     
   7.51012652105205     
   7.51002924364608     
   7.50995004631707     
   7.50987665915360     
   7.50980834525163     
   7.50974374482929     
   7.50967863166518     
   7.50961631581748     
   7.50955567535522     
   7.50949915210960     
   7.50944637398964     
   7.50939719185775     
   7.50935136742205     
   7.50930870655601     
   7.50926896254357     
   7.50923188262793     
   7.50919730641675     
   7.50916508778981     
   7.50913504480525     
   7.50910707488775     
   7.50908104151874     
   7.50905683038522     
   7.50903432622860     
   7.50901341755277     
   7.50899400740972     
   7.50897601320921     
   7.50895933771122     
   7.50894389827128     
   7.50892963316411     
   7.50891644951603     
   7.50890432382279     
   7.50889315608709     
   7.50888288514191     
   7.50887343964390     
   7.50886475247394     
   7.50885678324458     
   7.50884948177879     
   7.50884279807260     
   7.50883669171926     
   7.50883111554970     
   7.50882603857200     
   7.50882140261142     
   7.50881717683783     
   7.50881333582536     
   7.50880983467040     
   7.50880665987374     
   7.50880374611592     
   7.50880109057284     
   7.50879866295533     
   7.50879643079999     
   7.50879438540489     
   7.50879252252025     
   7.50879092079545     
   1.14899328859061     
   42.8509287309874     
   42.7673452904584     
   42.6900091159215     
   42.6207675965770     
   42.5592448040783     
   42.5054499461082     
   42.4585823263379     
   42.4178177460117     
   42.3827195234234     
   42.3526808936884     
   42.3271099481856     
   42.3054388851101     
   42.2871552028640     
   42.2717868303607     
   42.2589190228308     
   42.2481825777111     
   42.2392509898224     
   42.2318445871065     
   42.2257235850260     
   42.2206843484073     
   42.2165520819954     
   42.2131824830673     
   42.2104476080212     
   42.2082442020240     
   42.2064853801467     
   42.2050961106450     
   42.2040133574653     
   42.2031811426260     
   42.2025547101783     
   42.2021031712629     
   42.2017934502450     
   42.2015981837062     
   42.2014957573548     
   42.2014656257318     
   42.2014943750062     
   42.2015680154640     
   42.2016752741349     
   42.2018071659486     
   42.2019557966627     
   42.2021147689794     
   42.2022803397935     
   42.2024481739763     
   42.2026152102219     
   42.2027787201879     
   42.2029370677102     
   42.2030889663257     
   42.2032333648062     
   42.2033696669352     
   42.2034979807358     
   42.2036181393771     
   42.2037341266412     
   42.2038380784208     
   42.2039314349243     
   42.2040154483983     
   42.2040904878514     
   42.2041580161506     
   42.2042182878321     
   42.2042713660783     
   42.2043155094787     
   42.2043516701098     
   42.2043817111663     
   42.2044070443417     
   42.2044287622369     
   42.2044478499255     
   42.2044648390359     
   42.2044802098527     
   42.2044944347777     
   42.2045075379499     
   42.2045196564039     
   42.2045310019848     
   42.2045414973670     
   42.2045510897313     
   42.2045600391301     
   42.2045682627002     
   42.2045758509336     
   42.2045826742127     
   42.2045890771163     
   42.2045948941882     
   42.2046001488483     
   42.2046048065542     
   42.2046089102131     
   42.2046124975081     
   42.2046154726899     
   42.2046178113024     
   42.2046196447731     
   42.2046208532994     
   42.2046213897070     
   42.2046212359872     
   42.2046203302327     
   42.2046185331620     
   42.2046158127501     
   42.2046121311452     
   42.2046073134906     
   42.2046013084321     
   42.2045940030250     
   42.2045851737407     
   42.2045746639212     
   42.2045624297021     
   42.2045487642506     
  0.161073825503356     
