  0.800498958568940     
  0.800349528550602     
  0.800227902123126     
  0.800128370569993     
  0.800047024151061     
  0.799979760260465     
  0.799924119956455     
  0.799878116447474     
  0.799839847194236     
  0.799807933896719     
  0.799781048989279     
  0.799758498091383     
  0.799739272945574     
  0.799722977875747     
  0.799709128414742     
  0.799697359182252     
  0.799687347292911     
  0.799678836072780     
  0.799671616609430     
  0.799665485176459     
  0.799660302892125     
  0.799655910737168     
  0.799652215514299     
  0.799649116041987     
  0.799646534163799     
  0.799644394753879     
  0.799642634687645     
  0.799641209143237     
  0.799640112636673     
  0.799639196245545     
  0.799638481873640     
  0.799637940900806     
  0.799637546211771     
  0.799637274964572     
  0.799637107806356     
  0.799637028705005     
  0.799637023227224     
  0.799637079412610     
  0.799637185911944     
  0.799637335661386     
  0.799637520263973     
  0.799637733839275     
  0.799637970235885     
  0.799638224320632     
  0.799638493107238     
  0.799638771640449     
  0.799639056597629     
  0.799639349847991     
  0.799639643035864     
  0.799639933743970     
  0.799640232846892     
  0.799640531658382     
  0.799640818152700     
  0.799641096654931     
  0.799641362060177     
  0.799641626625403     
  0.799641883518191     
  0.799642139722939     
  0.799642388147569     
  0.799642632346894     
  0.799642874600580     
  0.799643109184105     
  0.799643337678264     
  0.799643560838158     
  0.799643776664730     
  0.799643984727240     
  0.799644184729495     
  0.799644378858156     
  0.799644563641765     
  0.799644740554095     
  0.799644910739053     
  0.799645074335236     
  0.799645227935951     
  0.799645374516698     
  0.799645514819006     
  0.799645648819516     
  0.799645776946649     
  0.799645895862768     
  0.799646009931010     
  0.799646119824433     
  0.799646221483883     
  0.799646318215146     
  0.799646407955409     
  0.799646494528313     
  0.799646572815279     
  0.799646647934507     
  0.799646716837779     
  0.799646780101249     
  0.799646839571598     
  0.799646891850945     
  0.799646939870592     
  0.799646982194868     
  0.799647019038883     
  0.799647049366227     
  0.799647074474172     
  0.799647092430394     
  0.799647103741421     
  0.799647105951181     
  0.799647102143274     
  0.799647054615377     
