  0.358961178571413     
  0.359576357680212     
  0.360118073155966     
  0.360591224458435     
  0.361006915301926     
  0.361375672205724     
  0.361698874048727     
  0.361980913776502     
  0.362227498017334     
  0.362443742829105     
  0.362633942157834     
  0.362801843868667     
  0.362950386257608     
  0.363082496768950     
  0.363200083217973     
  0.363305027180888     
  0.363398817849364     
  0.363482799803091     
  0.363558114095318     
  0.363625743596218     
  0.363686633653215     
  0.363741763330039     
  0.363791391595426     
  0.363836209689555     
  0.363876769883801     
  0.363913528936745     
  0.363946891385383     
  0.363977200129162     
  0.364004771118993     
  0.364029943486339     
  0.364052949201832     
  0.364073978215148     
  0.364093213821871     
  0.364110822884802     
  0.364126957206509     
  0.364141739630707     
  0.364155282160917     
  0.364167691164688     
  0.364179062692859     
  0.364189480321265     
  0.364199023180973     
  0.364207761356067     
  0.364215759546239     
  0.364223076776954     
  0.364229766377121     
  0.364235877737345     
  0.364241455812214     
  0.364246436037195     
  0.364251050672155     
  0.364255254546986     
  0.364259069320759     
  0.364262939983275     
  0.364266276687372     
  0.364269372404109     
  0.364272190991255     
  0.364274749889328     
  0.364277068435702     
  0.364279172039693     
  0.364281079626847     
  0.364282794150025     
  0.364284333884874     
  0.364285716091489     
  0.364286955632217     
  0.364288066179419     
  0.364289061392724     
  0.364289952867231     
  0.364290751144958     
  0.364291465903875     
  0.364292106421551     
  0.364292679830539     
  0.364293192441953     
  0.364293651378042     
  0.364294061365611     
  0.364294427644726     
  0.364294754562770     
  0.364295046253376     
  0.364295305865022     
  0.364295536304520     
  0.364295741185236     
  0.364295922972805     
  0.364296084328789     
  0.364296227550468     
  0.364296354559964     
  0.364296467249623     
  0.364296567263136     
  0.364296655904507     
  0.364296734192369     
  0.364296804208015     
  0.364296867064519     
  0.364296923260292     
  0.364296974527655     
  0.364297021513006     
  0.364297064991356     
  0.364297105988147     
  0.364297145910700     
  0.364297185369579     
  0.364297224615685     
  0.364297264297897     
  0.364297303004533     
  0.000000000000000E+000
