  0.189999436173656     
  0.189972870021509     
  0.189935179852998     
  0.189893881061372     
  0.189849240326361     
  0.189802501429222     
  0.189756884710311     
  0.189713674333391     
  0.189673981906708     
  0.189638049990155     
  0.189605824308598     
  0.189577567003096     
  0.189552695648331     
  0.189530481665945     
  0.189510872249706     
  0.189493595221921     
  0.189478373987833     
  0.189464962076842     
  0.189453141465492     
  0.189442737453316     
  0.189433535785702     
  0.189425289109766     
  0.189417961018838     
  0.189411419614920     
  0.189405532360206     
  0.189400201749759     
  0.189395347647162     
  0.189390891700344     
  0.189386779550022     
  0.189382946775748     
  0.189379414805136     
  0.189376053611230     
  0.189372874217750     
  0.189369837428753     
  0.189366939611115     
  0.189364161872613     
  0.189361494728507     
  0.189358928646695     
  0.189356456575038     
  0.189354066338087     
  0.189351761429375     
  0.189349535904928     
  0.189347385548445     
  0.189345307632607     
  0.189343300041778     
  0.189341360735635     
  0.189339488097335     
  0.189337934189713     
  0.189336241081236     
  0.189334593935064     
  0.189333008301143     
  0.189331361133655     
  0.189329881678806     
  0.189328464465981     
  0.189327151761816     
  0.189325906433179     
  0.189324725130866     
  0.189323595880055     
  0.189322499646219     
  0.189321440602972     
  0.189320421491918     
  0.189319442687688     
  0.189318504686780     
  0.189317608108550     
  0.189316753230853     
  0.189315939050043     
  0.189315165276132     
  0.189314430735846     
  0.189313734428065     
  0.189313075315265     
  0.189312451609635     
  0.189311861898720     
  0.189311304853585     
  0.189310779239406     
  0.189310283311527     
  0.189309815812903     
  0.189309375335461     
  0.189308960850416     
  0.189308571142976     
  0.189308205010936     
  0.189307861386012     
  0.189307539293790     
  0.189307237453756     
  0.189306954932116     
  0.189306690890226     
  0.189306444643506     
  0.189306214863395     
  0.189306000809260     
  0.189305802142175     
  0.189305617662136     
  0.189305447076188     
  0.189305289726872     
  0.189305145044424     
  0.189305012432127     
  0.189304891582584     
  0.189304782131828     
  0.189304683381000     
  0.189304595147826     
  0.189304517503134     
  0.000000000000000E+000
