   8.11099026849516     
   8.11108688878199     
   8.11088738953751     
   8.11032440347035     
   8.10954769325699     
   8.10861902220133     
   8.10756671545052     
   8.10643236675075     
   8.10524561388031     
   8.10403077485040     
   8.10281360058455     
   8.10160772471529     
   8.10042862465551     
   8.09927809433711     
   8.09816402504264     
   8.09709180605421     
   8.09606576532544     
   8.09508913653925     
   8.09416312303603     
   8.09328975807182     
   8.09246855312098     
   8.09170216857229     
   8.09098409241889     
   8.09031415085905     
   8.08969152955136     
   8.08911407925956     
   8.08857939330628     
   8.08808508915618     
   8.08762789510432     
   8.08721013809332     
   8.08682740162965     
   8.08647536281737     
   8.08615184147591     
   8.08585480758423     
   8.08558178857749     
   8.08533099066441     
   8.08510052219695     
   8.08488854914885     
   8.08469294210119     
   8.08451255984362     
   8.08434601268656     
   8.08419198732380     
   8.08404950913752     
   8.08391746226304     
   8.08379502163750     
   8.08368149834381     
   8.08357613997826     
   8.08347888373359     
   8.08338863538272     
   8.08330519445471     
   8.08323200469659     
   8.08316310909090     
   8.08309828676606     
   8.08303737067896     
   8.08297988324517     
   8.08292572461351     
   8.08287446049778     
   8.08282609065022     
   8.08278023889668     
   8.08273705550317     
   8.08269643980213     
   8.08265813389533     
   8.08262208173054     
   8.08258826923340     
   8.08255648919586     
   8.08252668331594     
   8.08249887875931     
   8.08247283450151     
   8.08244850715591     
   8.08242581233277     
   8.08240453781645     
   8.08238469304125     
   8.08236621558554     
   8.08234901132926     
   8.08233300250884     
   8.08231802913921     
   8.08230425473345     
   8.08229154949888     
   8.08227980633394     
   8.08226890001431     
   8.08225886159644     
   8.08224960474834     
   8.08224109156242     
   8.08223319208691     
   8.08222598537308     
   8.08221935055995     
   8.08221326343177     
   8.08220766465334     
   8.08220249265882     
   8.08219776792166     
   8.08219340406175     
   8.08218937869222     
   8.08218566480495     
   8.08218222277802     
   8.08217899886919     
   8.08217596991517     
   8.08217309258612     
   8.08217041097977     
   8.08216823986479     
   8.08207773862290     
