  0.467249999999998     
  0.467249999999999     
  0.467250000000000     
  0.467249999999994     
  0.467249999999990     
  0.467250000000002     
  0.467249999999996     
  0.467250000000002     
  0.467250000000008     
  0.467250000000011     
  0.467250000000003     
  0.467250000000001     
  0.467250000000002     
  0.467249999999998     
  0.467249999999988     
  0.467250000000002     
  0.467249999999995     
  0.467249999999993     
  0.467249999999994     
  0.467249999999992     
  0.467250000000005     
  0.467250000000003     
  0.467249999999992     
  0.467249999999995     
  0.467250000000012     
  0.467250000000000     
  0.467250000000003     
  0.467249999999998     
  0.467250000000003     
  0.467250000000006     
  0.467250000000002     
  0.467249999999997     
  0.467249999999991     
  0.467249999999996     
  0.467249999999998     
  0.467249999999998     
  0.467250000000007     
  0.467250000000000     
  0.467249999999998     
  0.467250000000001     
  0.467250000000001     
  0.467250000000007     
  0.467250000000009     
  0.467250000000002     
  0.467249999999994     
  0.467250000000004     
  0.467250000000007     
  0.467250000000003     
  0.467250000000002     
  0.467250000000002     
  0.467250000000002     
  0.467249999999995     
  0.467249999999995     
  0.467249999999992     
  0.467250000000003     
  0.467250000000008     
  0.467249999999996     
  0.467249999999985     
  0.467249999999999     
  0.467250000000000     
  0.467250000000004     
  0.467250000000003     
  0.467249999999994     
  0.467250000000000     
  0.467249999999993     
  0.467250000000010     
  0.467250000000005     
  0.467249999999999     
  0.467250000000012     
  0.467250000000004     
  0.467249999999996     
  0.467250000000007     
  0.467250000000011     
  0.467250000000006     
  0.467249999999993     
  0.467249999999997     
  0.467250000000007     
  0.467250000000005     
  0.467249999999998     
  0.467250000000001     
  0.467249999999995     
  0.467249999999993     
  0.467249999999998     
  0.467249999999996     
  0.467249999999997     
  0.467250000000002     
  0.467250000000007     
  0.467249999999994     
  0.467250000000000     
  0.467249999999997     
  0.467249999999999     
  0.467249999999998     
  0.467249999999999     
  0.467249999999992     
  0.467249999999999     
  0.467249999999998     
  0.467250000000002     
  0.467250000000004     
  0.467250000000002     
  0.467248421817268     
