  0.776283409086321     
  0.776226047273444     
  0.776173278567887     
  0.776126180568208     
  0.776084445157069     
  0.776047011602543     
  0.776014060259014     
  0.775985350258552     
  0.775960512222428     
  0.775938953183306     
  0.775920131878068     
  0.775903991559593     
  0.775889730629847     
  0.775876714821161     
  0.775864891219204     
  0.775854121385165     
  0.775844278152137     
  0.775835291610000     
  0.775827101606338     
  0.775819692519465     
  0.775813005041788     
  0.775807003351473     
  0.775801592830685     
  0.775796770759561     
  0.775792497362468     
  0.775788732911271     
  0.775785439500299     
  0.775782576458574     
  0.775780105832527     
  0.775778029503710     
  0.775776374450741     
  0.775774988092281     
  0.775773853486385     
  0.775772933488685     
  0.775772208708017     
  0.775771654681842     
  0.775771250477446     
  0.775770975724672     
  0.775770807138525     
  0.775770727822609     
  0.775770728092060     
  0.775770792203509     
  0.775770910170147     
  0.775771070017834     
  0.775771264449533     
  0.775771486488685     
  0.775771729494081     
  0.775772193665887     
  0.775772502260845     
  0.775772807477750     
  0.775773158340490     
  0.775773487693956     
  0.775773846149832     
  0.775774206717674     
  0.775774589609677     
  0.775774957835460     
  0.775775305849329     
  0.775775629105012     
  0.775775915814153     
  0.775776175100999     
  0.775776411371760     
  0.775776626093138     
  0.775776821911525     
  0.775777003154997     
  0.775777169532021     
  0.775777323314408     
  0.775777467070856     
  0.775777600095566     
  0.775777723552758     
  0.775777838141643     
  0.775777943756477     
  0.775778041206686     
  0.775778131200450     
  0.775778214295232     
  0.775778290872401     
  0.775778360248468     
  0.775778425192900     
  0.775778485260273     
  0.775778540323073     
  0.775778590812118     
  0.775778637172362     
  0.775778679852537     
  0.775778718916128     
  0.775778754242326     
  0.775778786778004     
  0.775778816451850     
  0.775778843507680     
  0.775778868003396     
  0.775778890071859     
  0.775778909923456     
  0.775778927844446     
  0.775778943925529     
  0.775778958120965     
  0.775778971037425     
  0.775778982301140     
  0.775778992160752     
  0.775779000284596     
  0.775779007497704     
  0.775779017550466     
  0.775779284177069     
