  0.561757726627971     
  0.561833677819977     
  0.561897715017009     
  0.561951727831752     
  0.561996386112793     
  0.562032845756135     
  0.562062637049231     
  0.562086946535625     
  0.562107097650594     
  0.562123944346476     
  0.562138140464515     
  0.562150496473064     
  0.562161163075133     
  0.562170222616790     
  0.562178036987609     
  0.562184828617822     
  0.562190750347790     
  0.562195945335970     
  0.562200529235006     
  0.562204614950529     
  0.562208271283647     
  0.562211556410087     
  0.562214497930087     
  0.562217158229364     
  0.562219567944673     
  0.562221754594952     
  0.562223742830744     
  0.562225547362478     
  0.562227187262040     
  0.562228690558266     
  0.562230104468168     
  0.562231366709524     
  0.562232509194435     
  0.562233531832706     
  0.562234450013869     
  0.562235268404326     
  0.562235994076172     
  0.562236633084497     
  0.562237189671755     
  0.562237666804809     
  0.562238074310471     
  0.562238415497216     
  0.562238695291499     
  0.562238917519193     
  0.562239087028223     
  0.562239208145212     
  0.562239284780365     
  0.562239465087624     
  0.562239493980369     
  0.562239481262582     
  0.562239453834000     
  0.562239392114427     
  0.562239332147001     
  0.562239260813833     
  0.562239196405348     
  0.562239117928651     
  0.562239025224924     
  0.562238916109766     
  0.562238782304125     
  0.562238628816466     
  0.562238460331765     
  0.562238279539019     
  0.562238089423741     
  0.562237893517744     
  0.562237693669782     
  0.562237491911474     
  0.562237290553447     
  0.562237090324679     
  0.562236892617356     
  0.562236698365841     
  0.562236507813051     
  0.562236321763044     
  0.562236140684494     
  0.562235965092704     
  0.562235795077085     
  0.562235630528299     
  0.562235472386019     
  0.562235320487957     
  0.562235174845980     
  0.562235035465511     
  0.562234902423852     
  0.562234775842815     
  0.562234655481428     
  0.562234541164379     
  0.562234433117752     
  0.562234331214003     
  0.562234235120632     
  0.562234144809912     
  0.562234060336028     
  0.562233981353416     
  0.562233908046137     
  0.562233840267906     
  0.562233777844557     
  0.562233720893831     
  0.562233669341281     
  0.562233623218284     
  0.562233582189434     
  0.562233546570129     
  0.562233517670777     
  0.562232303131997     
