  0.151275315397720     
  0.151333955181249     
  0.151406607008376     
  0.151463184226763     
  0.151501802248895     
  0.151532744837818     
  0.151559474542207     
  0.151581576361689     
  0.151600895496831     
  0.151618168543938     
  0.151633842589644     
  0.151648196078135     
  0.151661961163903     
  0.151674830524371     
  0.151686978280611     
  0.151698233586574     
  0.151708862419837     
  0.151718847044884     
  0.151728333515005     
  0.151737386218774     
  0.151746088939356     
  0.151754570353167     
  0.151763177027606     
  0.151771297897330     
  0.151779162302736     
  0.151786843808827     
  0.151794365836729     
  0.151801746847448     
  0.151808998144740     
  0.151816123002957     
  0.151823185666956     
  0.151830186541959     
  0.151837007760198     
  0.151843656002695     
  0.151850115611515     
  0.151856377178574     
  0.151862427820673     
  0.151868257192608     
  0.151873857459523     
  0.151879219760008     
  0.151884338591936     
  0.151889211149711     
  0.151893835450380     
  0.151898214046307     
  0.151902350202476     
  0.151906247825090     
  0.151909913294483     
  0.151913352908848     
  0.151916675770878     
  0.151919710571282     
  0.151922533296600     
  0.151925166390260     
  0.151928245564412     
  0.151930777092260     
  0.151933158739953     
  0.151935423196779     
  0.151937505322844     
  0.151939411099180     
  0.151941158500034     
  0.151942765578475     
  0.151944245404760     
  0.151945609830078     
  0.151946868940779     
  0.151948031007985     
  0.151949103881498     
  0.151950094165449     
  0.151951008458085     
  0.151951852402602     
  0.151952630871073     
  0.151953349464321     
  0.151954012134754     
  0.151954622417796     
  0.151955185483337     
  0.151955703900084     
  0.151956181149588     
  0.151956620127721     
  0.151957023579026     
  0.151957394206597     
  0.151957733975169     
  0.151958045453276     
  0.151958330737248     
  0.151958592196576     
  0.151958831326439     
  0.151959049954928     
  0.151959249324698     
  0.151959431090892     
  0.151959595966269     
  0.151959745015934     
  0.151959880221493     
  0.151960002020013     
  0.151960111604043     
  0.151960209777107     
  0.151960296829124     
  0.151960373676461     
  0.151960441183608     
  0.151960499711574     
  0.151960549722027     
  0.151960591095893     
  0.151960623359085     
  5.846598927804980E-004
  0.674812861421373     
  0.675149460374748     
  0.675522425496564     
  0.675861287339057     
  0.676153426317880     
  0.676414588359406     
  0.676653311382653     
  0.676867090833079     
  0.677058009674730     
  0.677229358534528     
  0.677383391827333     
  0.677521964685438     
  0.677646263213576     
  0.677758008249561     
  0.677859770796353     
  0.677951517885030     
  0.678034436066385     
  0.678109190202067     
  0.678176726661907     
  0.678237779257377     
  0.678292985735519     
  0.678343186519919     
  0.678389624800388     
  0.678431527020370     
  0.678469669828211     
  0.678504584443788     
  0.678536641361608     
  0.678566171694258     
  0.678593462316655     
  0.678618759862651     
  0.678642405137625     
  0.678664490838624     
  0.678685149046840     
  0.678704474588184     
  0.678722562969031     
  0.678739511491943     
  0.678755393980798     
  0.678770275737736     
  0.678784218726708     
  0.678797273638290     
  0.678809489337102     
  0.678820911125687     
  0.678831578877407     
  0.678841536633382     
  0.678850823863964     
  0.678859476773967     
  0.678867532915149     
  0.678875026788172     
  0.678881575485584     
  0.678887954768317     
  0.678893907520670     
  0.678899438635361     
  0.678905908637068     
  0.678911076643520     
  0.678915895353711     
  0.678920400725101     
  0.678924539887639     
  0.678928322700289     
  0.678931786878767     
  0.678934970485700     
  0.678937897957098     
  0.678940593803093     
  0.678943080609927     
  0.678945376163786     
  0.678947495992553     
  0.678949454210644     
  0.678951264373887     
  0.678952936948612     
  0.678954482693638     
  0.678955911779706     
  0.678957232330058     
  0.678958451677505     
  0.678959578990575     
  0.678960620056285     
  0.678961580692015     
  0.678962467581896     
  0.678963285645448     
  0.678964040282828     
  0.678964734722570     
  0.678965374370126     
  0.678965962834210     
  0.678966504618161     
  0.678967002806340     
  0.678967460941549     
  0.678967881574376     
  0.678968268023951     
  0.678968621351279     
  0.678968944372742     
  0.678969240811192     
  0.678969511219631     
  0.678969758415390     
  0.678969983622463     
  0.678970188466903     
  0.678970374040189     
  0.678970542659265     
  0.678970695802961     
  0.678970834001017     
  0.678970958377752     
  0.678971069133344     
  2.314833237161951E-004
  0.241749873102029     
  0.241483429279124     
  0.241185371755247     
  0.240917256588483     
  0.240689880752963     
  0.240489300002329     
  0.240308299627964     
  0.240147883569396     
  0.240006120036015     
  0.239880600039195     
  0.239769440259914     
  0.239671081646149     
  0.239584856413835     
  0.239508979688436     
  0.239441046113167     
  0.239381051843929     
  0.239327996267235     
  0.239281236030540     
  0.239239945741100     
  0.239203476229352     
  0.239171290062580     
  0.239142675610084     
  0.239116642579825     
  0.239093699986992     
  0.239073263860786     
  0.239054910736349     
  0.239038348411133     
  0.239023320660199     
  0.239009602409983     
  0.238997010874984     
  0.238985299806324     
  0.238974432351553     
  0.238964265596603     
  0.238954757659072     
  0.238945844823667     
  0.238937472079808     
  0.238929594588838     
  0.238922176380963     
  0.238915184392058     
  0.238908593964950     
  0.238902379755323     
  0.238896523767869     
  0.238891008806454     
  0.238885814320655     
  0.238880923309526     
  0.238876321075303     
  0.238871991539187     
  0.238867920161927     
  0.238864564465936     
  0.238861070430407     
  0.238857750086017     
  0.238854623070074     
  0.238850684265543     
  0.238847647209834     
  0.238844784672277     
  0.238842087437600     
  0.238839581864840     
  0.238837268827082     
  0.238835125373468     
  0.238833124454854     
  0.238831253607287     
  0.238829502365043     
  0.238827860546741     
  0.238826320387652     
  0.238824875446596     
  0.238823519961808     
  0.238822247439648     
  0.238821053988110     
  0.238819934401510     
  0.238818883981546     
  0.238817899325013     
  0.238816976795874     
  0.238816111385804     
  0.238815300813948     
  0.238814542225766     
  0.238813831821209     
  0.238813167143402     
  0.238812545357145     
  0.238811964997587     
  0.238811423003533     
  0.238810917405210     
  0.238810445636437     
  0.238810006041668     
  0.238809596270865     
  0.238809214865131     
  0.238808859955473     
  0.238808531028719     
  0.238808225995805     
  0.238807942575519     
  0.238807680611641     
  0.238807437840145     
  0.238807213761305     
  0.238807007180753     
  0.238806817494151     
  0.238806642953925     
  0.238806482650530     
  0.238806336190505     
  0.238806202552335     
  0.238806081665594     
  2.657432319327377E-006
  8.343726547662000E-002
  8.336711034613642E-002
  8.329220274822036E-002
  8.322145607245326E-002
  8.315669292916567E-002
  8.309611163827545E-002
  8.303838898938942E-002
  8.298502559753940E-002
  8.293587028927632E-002
  8.289004142627809E-002
  8.284716791276253E-002
  8.280695366842622E-002
  8.276888037259937E-002
  8.273301206201408E-002
  8.269918309049207E-002
  8.266743027103680E-002
  8.263756766638698E-002
  8.260957376741407E-002
  8.258332759701943E-002
  8.255874451326722E-002
  8.253572420192064E-002
  8.251413787002256E-002
  8.249373261979366E-002
  8.247477299264093E-002
  8.245706631101435E-002
  8.244050481987567E-002
  8.242501022728539E-002
  8.241050764555941E-002
  8.239693527337995E-002
  8.238422926236966E-002
  8.237229505607467E-002
  8.236107680984861E-002
  8.235058535658245E-002
  8.234076775275603E-002
  8.233159220731366E-002
  8.232301642826743E-002
  8.231501143036590E-002
  8.230754788131944E-002
  8.230059688124004E-002
  8.229413239676574E-002
  8.228813090757800E-002
  8.228256510645916E-002
  8.227741231616065E-002
  8.227264904597448E-002
  8.226825282650876E-002
  8.226420215073658E-002
  8.226047554567589E-002
  8.225705304992312E-002
  8.225386004847667E-002
  8.225097480126808E-002
  8.224834239332264E-002
  8.224593829457176E-002
  8.224340709739371E-002
  8.224127614665162E-002
  8.223931997402363E-002
  8.223751183731522E-002
  8.223587824754237E-002
  8.223440847263645E-002
  8.223308774777802E-002
  8.223190505944039E-002
  8.223084843561967E-002
  8.222990383187208E-002
  8.222905884336425E-002
  8.222830344855499E-002
  8.222762856086206E-002
  8.222702582756011E-002
  8.222648818646883E-002
  8.222600906328259E-002
  8.222558290484974E-002
  8.222520423874814E-002
  8.222486834495626E-002
  8.222457152661497E-002
  8.222430962362345E-002
  8.222407912978420E-002
  8.222387708224418E-002
  8.222370059690084E-002
  8.222354721115180E-002
  8.222341436003559E-002
  8.222330027985007E-002
  8.222320262634385E-002
  8.222311976058748E-002
  8.222304974542333E-002
  8.222299115201875E-002
  8.222294278758606E-002
  8.222290356050267E-002
  8.222287202058910E-002
  8.222284762001601E-002
  8.222282963146475E-002
  8.222281661330068E-002
  8.222280816873696E-002
  8.222280374446911E-002
  8.222280261624317E-002
  8.222280435235396E-002
  8.222280846565848E-002
  8.222281438682014E-002
  8.222282154651392E-002
  8.222282980849802E-002
  8.222283906990563E-002
  8.222284920107183E-002
  5.559990904960075E-008
