  6.957575599659123E-002
  6.957066590345307E-002
  6.956730184359187E-002
  6.956541418543365E-002
  6.956430112397893E-002
  6.956356689247449E-002
  6.956303777941134E-002
  6.956248834962163E-002
  6.956190459527851E-002
  6.956130875859989E-002
  6.956062794034037E-002
  6.955998561938311E-002
  6.955924368290646E-002
  6.955850486685633E-002
  6.955777259668289E-002
  6.955706015199091E-002
  6.955636620513465E-002
  6.955569478122194E-002
  6.955505408134464E-002
  6.955443540950591E-002
  6.955384558309508E-002
  6.955327468267797E-002
  6.955272922858959E-002
  6.955220697081980E-002
  6.955171033452039E-002
  6.955123676407317E-002
  6.955078382976744E-002
  6.955035411146787E-002
  6.954996526810063E-002
  6.954957021448421E-002
  6.954919280826713E-002
  6.954883299589641E-002
  6.954849093972530E-002
  6.954816236060288E-002
  6.954784904720414E-002
  6.954755131454091E-002
  6.954726651293790E-002
  6.954699501792956E-002
  6.954673599898947E-002
  6.954648918373910E-002
  6.954625511193062E-002
  6.954603258230764E-002
  6.954582209459662E-002
  6.954562193951530E-002
  6.954543334949885E-002
  6.954525462982829E-002
  6.954508606676202E-002
  6.954493003773957E-002
  6.954478004087795E-002
  6.954463905514391E-002
  6.954451330280316E-002
  6.954440436687225E-002
  6.954429276201739E-002
  6.954418920542572E-002
  6.954409128687843E-002
  6.954400153651398E-002
  6.954391879553286E-002
  6.954384366808108E-002
  6.954377195443509E-002
  6.954370463256183E-002
  6.954364187744469E-002
  6.954358227198887E-002
  6.954352572090595E-002
  6.954347364826356E-002
  6.954342433745139E-002
  6.954337801887102E-002
  6.954333432963757E-002
  6.954329489654036E-002
  6.954325705513054E-002
  6.954322209113591E-002
  6.954319008025002E-002
  6.954316080120722E-002
  6.954313218507802E-002
  6.954310599657720E-002
  6.954308223594713E-002
  6.954306030642650E-002
  6.954304031725451E-002
  6.954302078521732E-002
  6.954300295672217E-002
  6.954298801902738E-002
  6.954297252004986E-002
  6.954295903467742E-002
  6.954294596853063E-002
  6.954293512106742E-002
  6.954292327558668E-002
  6.954291322099948E-002
  6.954290355137864E-002
  6.954289444599486E-002
  6.954288653270969E-002
  6.954287750586688E-002
  6.954286956237740E-002
  6.954286206194268E-002
  6.954285401478898E-002
  6.954284626916386E-002
  6.954283832040535E-002
  6.954282975092975E-002
  6.954282060571758E-002
  6.954280963460732E-002
  6.954279903383066E-002
  6.991016146676854E-002
