  0.133826663587237     
  0.133762300461663     
  0.133709522243043     
  0.133665750446726     
  0.133629532817190     
  0.133599138492736     
  0.133573654403651     
  0.133552185049659     
  0.133533977476381     
  0.133518470043860     
  0.133505125359269     
  0.133493705869256     
  0.133483733597099     
  0.133475068483062     
  0.133467512199473     
  0.133460914934787     
  0.133455142655247     
  0.133450086850066     
  0.133445665337182     
  0.133441787686603     
  0.133438394125262     
  0.133435418856093     
  0.133432813576978     
  0.133430533595401     
  0.133428544788634     
  0.133426811523299     
  0.133425301785319     
  0.133423993396041     
  0.133422882800220     
  0.133421904049182     
  0.133421061919269     
  0.133420338140603     
  0.133419719417533     
  0.133419189744745     
  0.133418739264568     
  0.133418359548041     
  0.133418039702050     
  0.133417772891167     
  0.133417551374942     
  0.133417369582304     
  0.133417223675470     
  0.133417107097156     
  0.133417017830069     
  0.133416950178992     
  0.133416903028218     
  0.133416872912275     
  0.133416857866635     
  0.133416859722551     
  0.133416867141136     
  0.133416884890962     
  0.133416922331592     
  0.133416988683743     
  0.133417024981758     
  0.133417068999851     
  0.133417116481941     
  0.133417165295766     
  0.133417217463490     
  0.133417270619189     
  0.133417323207814     
  0.133417377443639     
  0.133417431932489     
  0.133417486495753     
  0.133417539561364     
  0.133417593035345     
  0.133417645080378     
  0.133417695630670     
  0.133417744339252     
  0.133417793051035     
  0.133417838624933     
  0.133417882837605     
  0.133417926248854     
  0.133417967478558     
  0.133418005738400     
  0.133418042727702     
  0.133418078592867     
  0.133418112497113     
  0.133418145457384     
  0.133418175552019     
  0.133418204171389     
  0.133418233064127     
  0.133418258464301     
  0.133418283498063     
  0.133418306198984     
  0.133418328614369     
  0.133418347656986     
  0.133418366369129     
  0.133418383360379     
  0.133418398716611     
  0.133418413232312     
  0.133418424639446     
  0.133418435240225     
  0.133418444341959     
  0.133418450725224     
  0.133418455831743     
  0.133418458490412     
  0.133418458636160     
  0.133418456030890     
  0.133418449412386     
  0.133418441801938     
  0.133785707106476     
