  3.497358213527870E-002
  3.497371850275001E-002
  3.497344055852851E-002
  3.497264594272445E-002
  3.497155266321404E-002
  3.497022337723909E-002
  3.496875795004721E-002
  3.496715945853561E-002
  3.496548499276970E-002
  3.496376870754581E-002
  3.496204599636124E-002
  3.496035684809290E-002
  3.495869002067650E-002
  3.495706344234010E-002
  3.495548798323894E-002
  3.495397201198509E-002
  3.495252104842285E-002
  3.495113812158724E-002
  3.494982927710000E-002
  3.494859352163686E-002
  3.494743142123743E-002
  3.494634549070652E-002
  3.494532819142317E-002
  3.494437869519099E-002
  3.494349621926351E-002
  3.494267778821570E-002
  3.494191980771056E-002
  3.494121818211365E-002
  3.494057101089418E-002
  3.493997813291673E-002
  3.493943472074144E-002
  3.493893472401190E-002
  3.493847554456760E-002
  3.493805337119871E-002
  3.493766559381833E-002
  3.493730943229473E-002
  3.493698200001057E-002
  3.493668091569594E-002
  3.493640321430341E-002
  3.493614669450446E-002
  3.493591064589571E-002
  3.493569196263452E-002
  3.493549019383382E-002
  3.493530294853507E-002
  3.493512935757867E-002
  3.493496886993060E-002
  3.493482018723289E-002
  3.493468357362255E-002
  3.493455508039512E-002
  3.493443716761657E-002
  3.493433548429031E-002
  3.493425529387049E-002
  3.493415726009542E-002
  3.493406851046785E-002
  3.493398706880900E-002
  3.493390844785541E-002
  3.493383556438857E-002
  3.493376484156702E-002
  3.493369719458538E-002
  3.493363326297366E-002
  3.493357177633916E-002
  3.493351419762517E-002
  3.493345909923420E-002
  3.493340713119595E-002
  3.493335821784687E-002
  3.493331200733114E-002
  3.493326853835155E-002
  3.493322784051223E-002
  3.493318925341268E-002
  3.493315314194499E-002
  3.493311970339264E-002
  3.493308745365447E-002
  3.493305755665158E-002
  3.493302963672188E-002
  3.493300360864368E-002
  3.493297891744662E-002
  3.493295637229279E-002
  3.493293522854968E-002
  3.493291544549142E-002
  3.493289732889227E-002
  3.493288036577455E-002
  3.493286495538812E-002
  3.493285048857192E-002
  3.493283701207911E-002
  3.493282456907614E-002
  3.493281322895637E-002
  3.493280285397533E-002
  3.493279324523233E-002
  3.493278442964727E-002
  3.493277630066660E-002
  3.493276890508096E-002
  3.493276214036950E-002
  3.493275567478312E-002
  3.493275007842934E-002
  3.493274467438895E-002
  3.493273976334144E-002
  3.493273507270254E-002
  3.493273068247531E-002
  3.493272773799246E-002
  3.493256341040548E-002
