  7.353313582245093E-003
  7.338392275723616E-003
  7.326051189640199E-003
  7.315731116405292E-003
  7.307188817328902E-003
  7.300073231992027E-003
  7.294173580443569E-003
  7.289320795866278E-003
  7.285314945145196E-003
  7.282000801681532E-003
  7.279252813485983E-003
  7.276970259815120E-003
  7.275070603778027E-003
  7.273488361775112E-003
  7.272170131194786E-003
  7.271072848083013E-003
  7.270161795511797E-003
  7.269407948112932E-003
  7.268787086766882E-003
  7.268278932590534E-003
  7.267866618511217E-003
  7.267535478643342E-003
  7.267273637146875E-003
  7.267070642142809E-003
  7.266917510834824E-003
  7.266806682699596E-003
  7.266731630062670E-003
  7.266687163220638E-003
  7.266668431345741E-003
  7.266670737140738E-003
  7.266690500594084E-003
  7.266724666093336E-003
  7.266770506072322E-003
  7.266826032605385E-003
  7.266888976139849E-003
  7.266957838793166E-003
  7.267031275141918E-003
  7.267108072157885E-003
  7.267187239042217E-003
  7.267267997859834E-003
  7.267349427570621E-003
  7.267430963016718E-003
  7.267512085266882E-003
  7.267592393726010E-003
  7.267671516931728E-003
  7.267749148538298E-003
  7.267825049333092E-003
  7.267899015795097E-003
  7.267970824818035E-003
  7.268040308008874E-003
  7.268106834525176E-003
  7.268171000684689E-003
  7.268232770304617E-003
  7.268292125684829E-003
  7.268349099554753E-003
  7.268403647927689E-003
  7.268455837155081E-003
  7.268505819634527E-003
  7.268554029743685E-003
  7.268600617368507E-003
  7.268645507471832E-003
  7.268688643677648E-003
  7.268730013633751E-003
  7.268769575126491E-003
  7.268807316842710E-003
  7.268843252762162E-003
  7.268877377161521E-003
  7.268909737389223E-003
  7.268940379599334E-003
  7.268969335448314E-003
  7.268996676974594E-003
  7.269022485867810E-003
  7.269046791435682E-003
  7.269069671606137E-003
  7.269091184493034E-003
  7.269111409199259E-003
  7.269130370475031E-003
  7.269148145222183E-003
  7.269164779827410E-003
  7.269180338487452E-003
  7.269194871215381E-003
  7.269208416191772E-003
  7.269221032969305E-003
  7.269232772054920E-003
  7.269243655124571E-003
  7.269253728389009E-003
  7.269263030339578E-003
  7.269271587474849E-003
  7.269279434883232E-003
  7.269286608775696E-003
  7.269293123847367E-003
  7.269298992689647E-003
  7.269304240944873E-003
  7.269308874482543E-003
  7.269312895933841E-003
  7.269316318317867E-003
  7.269319138998451E-003
  7.269321334854592E-003
  7.269322825446115E-003
  7.269339703240863E-003
