  -62.2341485790378     
  -62.2341435960270     
  -62.2340922036170     
  -62.2339155633908     
  -62.2335108805258     
  -62.2327563925663     
  -62.2315142980530     
  -62.2296329447230     
  -62.2269487271453     
  -62.2232879131220     
  -62.2184685265175     
  -62.2123023675847     
  -62.2045972225183     
  -62.1951592915314     
  -62.1837958448572     
  -62.1703180968229     
  -62.1545442688841     
  -62.1363027933619     
  -62.1154355911874     
  -62.0917504112429     
  -62.0649657143140     
  -62.0348943965013     
  -62.0013882103334     
  -61.9642661745745     
  -61.9234332022474     
  -61.8787698295871     
  -61.8300418023187     
  -61.7770004644771     
  -61.7196048608788     
  -61.6577075950746     
  -61.5912357776925     
  -61.5200551020571     
  -61.4439216370562     
  -61.3627993858434     
  -61.2766492939914     
  -61.1854364048935     
  -61.0889656253210     
  -60.9870799654748     
  -60.8797828222915     
  -60.7670625322429     
  -60.6488431227169     
  -60.5248979033441     
  -60.3952583461067     
  -60.2600295049531     
  -60.1191289237438     
  -59.9722895618640     
  -59.8196592991434     
  -59.6612911331694     
  -59.4969549272793     
  -59.3266359465129     
  -59.1505158203061     
  -58.9684722317098     
  -58.7803185351669     
  -58.5862619062563     
  -58.3864196449605     
  -58.1806323082095     
  -57.9688465831802     
  -57.7512818933310     
  -57.5278861459418     
  -57.2988085837889     
  -57.0642006452201     
  -56.8239083873678     
  -56.5781174471192     
  -56.3270093863177     
  -56.0705234944226     
  -55.8089111376058     
  -55.5422605356617     
  -55.2705409773105     
  -54.9940292754513     
  -54.7128088099538     
  -54.4269589558676     
  -54.1367765516775     
  -53.8423741355298     
  -53.5438881654377     
  -53.2414902829392     
  -52.9353725400729     
  -52.6256763957484     
  -52.3125698300039     
  -51.9962632742008     
  -51.6769297323026     
  -51.3547702035771     
  -51.0299666743777     
  -50.7026591022803     
  -50.3730481510713     
  -50.0413147138686     
  -49.7076539391629     
  -49.3722607311508     
  -49.0353273587266     
  -48.6970412375470     
  -48.3575694533383     
  -48.0170755238228     
  -47.6757174818379     
  -47.3336336624874     
  -46.9909803157465     
  -46.6479076955228     
  -46.3045569436655     
  -45.9610677324010     
  -45.6175908567454     
  -45.2742655687684     
  -44.9312328479856     
  -44.5886200288998     
  -44.2465572295669     
  -43.9051734612384     
  -43.5645871308692     
  -43.2248965654201     
  -42.8862016765677     
  -42.5486036776286     
  -42.2121998596061     
  -41.8770838372607     
  -41.5433411000604     
  -41.2110523145165     
  -40.8802962647945     
  -40.5511435887406     
  -40.2236617048012     
  -39.8979106363373     
  -39.5739395686651     
  -39.2518088596208     
  -38.9315756008067     
  -38.6132931434954     
  -38.2970127304008     
  -37.9827825063007     
  -37.6706485651577     
  -37.3606499795854     
  -37.0528292889315     
  -36.7472200430417     
  -36.4438501234648     
  -36.1427453674947     
  -35.8439314295285     
  -35.5474324236312     
  -35.2532696387034     
  -34.9614621347834     
  -34.6720269035695     
  -34.3849793107982     
  -34.1003326129530     
  -33.8180980809424     
  -33.5382844480856     
  -33.2608983946735     
  -32.9859450797626     
  -32.7134280844711     
  -32.4433478607897     
  -32.1757009939705     
  -31.9104874880814     
  -31.6477063357970     
  -31.3873531580430     
  -31.1294234197728     
  -30.8739112513109     
  -30.6208095190560     
  -30.3701103563585     
  -30.1218049877551     
  -29.8758837819851     
  -29.6323361594195     
  -29.3911502230134     
  -29.1523137422770     
  -28.9158148658877     
  -28.6816404750850     
  -28.4497763086086     
  -28.2202080824980     
  -27.9929207168987     
  -27.7678985828689     
  -27.5451259304778     
  -27.3245864862892     
  -27.1062637898994     
  -26.8901398549813     
  -26.6761962113894     
  -26.4644170512771     
  -26.2547842977624     
  -26.0472801607749     
  -25.8418878092782     
  -25.6385888905130     
  -25.4373654051584     
  -25.2381995101149     
  -25.0410724007282     
  -24.8459655116486     
  -24.6528602202873     
  -24.4617374219898     
  -24.2725783970860     
  -24.0853645494959     
  -23.9000771110712     
  -23.7166976259153     
  -23.5352074909796     
  -23.3555879772421     
  -23.1778206320189     
  -23.0018869534832     
  -22.8277681906671     
  -22.6554457577501     
  -22.4849009326812     
  -22.3161150637703     
  -22.1490696847726     
  -21.9837463408081     
  -21.8201267007364     
  -21.6581926258961     
  -21.4979260109155     
  -21.3393088510806     
  -21.1823233256432     
  -21.0269516517396     
  -20.8731761277333     
  -20.7209792548787     
  -20.5703434629655     
  -20.4212511892497     
  -20.2736852468736     
  -20.1276300532493     
  -19.9830726020563     
  -19.8399961164654     
  -19.6983848819279     
  -19.5582254185308     
  -19.4195011208077     
  -19.2821923615556     
  -19.1462830016574     
  -19.0117568995192     
  -18.8785954919646     
  -18.7467829844498     
  -18.6163037648286     
  -18.4871403826885     
  -18.3592773782679     
  -18.2326995795084     
  -18.1073903555949     
  -17.9833344798317     
  -17.8605172099039     
  -17.7389229889042     
  -17.6185369462874     
  -17.4993447641444     
  -17.3813317755846     
  -17.2644835664280     
  -17.1487862180348     
  -17.0342257804327     
  -16.9207883536088     
  -16.8084604017390     
  -16.6972285501897     
  -16.5870794342807     
  -16.4779999433462     
  -16.3699772715275     
  -16.2629986856178     
  -16.1570516061924     
  -16.0521237560017     
  -15.9482029702846     
  -15.8452772175892     
  -15.7433347270596     
  -15.6423638616835     
  -15.5423530762083     
  -15.4432910195851     
  -15.3451665164514     
  -15.2479684984391     
  -15.1516860418036     
  -15.0563083903243     
  -14.9618249093283     
  -14.8682250814952     
  -14.7754985338123     
  -14.6836350243961     
  -14.5926244249465     
  -14.5024567359581     
  -14.4131220947056     
  -14.3246107636596     
  -14.2369131335785     
  -14.1500197331316     
  -14.0639212224066     
  -13.9786083866168     
  -13.8940721547595     
  -13.8103036109943     
  -13.7272939545723     
  -13.6450344613541     
  -13.5635164955618     
  -13.4827315980383     
  -13.4026713991389     
  -13.3233275961912     
  -13.2446919872209     
  -13.1667565351775     
  -13.0895132833970     
  -13.0129543461908     
  -12.9370719466317     
  -12.8618584541974     
  -12.7873063144237     
  -12.7134080460325     
  -12.6401562749101     
  -12.5675437568554     
  -12.4955633200940     
  -12.4242078663475     
  -12.3534703990369     
  -12.2833440399637     
  -12.2138219958736     
  -12.1448975333048     
  -12.0765640085026     
  -12.0088172477226     
  -11.9416485396116     
  -11.8750502124705     
  -11.8090160749135     
  -11.7435439060258     
  -11.6786266996810     
  -11.6142572564344     
  -11.5504296766754     
  -11.4871410298505     
  -11.4243825165166     
  -11.3621470083393     
  -11.3004289443462     
  -11.2392251165011     
  -11.1785278561635     
  -11.1183304665542     
  -11.0586275942621     
  -10.9994157589222     
  -10.9406883620998     
  -10.8824391292292     
  -10.8246628811296     
  -10.7673558653112     
  -10.7105123638479     
  -10.6541265200129     
  -10.5981932818711     
  -10.5427086988929     
  -10.4876677859637     
  -10.4330651396988     
  -10.3788958473402     
  -10.3251558406108     
  -10.2718406606314     
  -10.2189453822002     
  -10.1664652787268     
  -10.1143962350970     
  -10.0627341385713     
  -10.0114745225791     
  -9.96061290507351     
  -9.91014518927750     
  -9.86006746754966     
  -9.81037566228374     
  -9.76106558287374     
  -9.71213322815853     
  -9.66357482523152     
  -9.61538659819422     
  -9.56756466938302     
  -9.52010520713445     
  -9.47300454712651     
  -9.42625911574547     
  -9.37986530482136     
  -9.33381948786517     
  -9.28811812880347     
  -9.24275780753994     
  -9.19773513959611     
  -9.15304672232506     
  -9.10868917901575     
  -9.06465922074715     
  -9.02095363398376     
  -8.97756922291771     
  -8.93450279408425     
  -8.89175119716663     
  -8.84931135578319     
  -8.80718024623311     
  -8.76535485979735     
  -8.72383220231241     
  -8.68260932461988     
  -8.64168333813218     
  -8.60105139871096     
  -8.56071068453182     
  -8.52065838710712     
  -8.48089173644288     
  -8.44140800860380     
  -8.40220452600890     
  -8.36327863483416     
  -8.32462769487380     
  -8.28624909836847     
  -8.24814028024471     
  -8.21029871956331     
  -8.17272191827487     
  -8.13540739088942     
  -8.09835268095125     
  -8.06155537149073     
  -8.02501308782000     
  -7.98872347819710     
  -7.95268420334722     
  -7.91689295476758     
  -7.88134746751979     
  -7.84604550734069     
  -7.81098534287472     
  -7.77616545546142     
  -7.74158364724758     
  -7.70723776950824     
  -7.67312568832462     
  -7.63924501705649     
  -7.60559374481511     
  -7.57216980362408     
  -7.53897116650001     
  -7.50599582344172     
  -7.47324156745745     
  -7.44070647706829     
  -7.40838860260470     
  -7.37628602591450     
  -7.34439684914994     
  -7.31271903437560     
  -7.28125073503017     
  -7.24999011243106     
  -7.21893534990447     
  -7.18808465295737     
  -7.15743613793082     
  -7.12698803165141     
  -7.09673859632623     
  -7.06668611165484     
  -7.03682887854775     
  -7.00716514944435     
  -6.97769322971087     
  -6.94841147042779     
  -6.91931824259102     
  -6.89041193620689     
  -6.86169092126550     
  -6.83315358766694     
  -6.80479836597315     
  -6.77662371278201     
  -6.74862810303838     
  -6.72081000940687     
  -6.69316791331750     
  -6.66570032125917     
  -6.63840576494253     
  -6.61128279748443     
  -6.58432998014482     
  -6.55754587913799     
  -6.53092907483327     
  -6.50447816935487     
  -6.47819178701967     
  -6.45206856762714     
  -6.42610715877948     
  -6.40030621380561     
  -6.37466439948674     
  -6.34918040478536     
  -6.32385293860963     
  -6.29868072124668     
  -6.27366247914751     
  -6.24879694606950     
  -6.22408287119262     
  -6.19951902400763     
  -6.17510418872816     
  -6.15083715811944     
  -6.12671673323676     
  -6.10274172387361     
  -6.07891095514596     
  -6.05522326991396     
  -6.03167752364544     
  -6.00827258000710     
  -5.98500731034115     
  -5.96188059542052     
  -5.93889133056868     
  -5.91603842710689     
  -5.89332080725870     
  -5.87073740124281     
  -5.84828714652813     
  -5.82596899000963     
  -5.80378189138716     
  -5.78172482577456     
  -5.75979677758013     
  -5.73799674164277     
  -5.71632371655766     
  -5.69477670857136     
  -5.67335473505658     
  -5.65205683224796     
  -5.63088204324737     
  -5.60982942078692     
  -5.58889802053377     
  -5.56808691692145     
  -5.54739558135814     
  -5.52682329882011     
  -5.50636916162799     
  -5.48603227280023     
  -5.46581166953852     
  -5.44570602281229     
  -5.42571470587442     
  -5.40583701519250     
  -5.38607210154665     
  -5.36641912356394     
  -5.34687717450775     
  -5.32744507339846     
  -5.30812216672336     
  -5.28890776962166     
  -5.26980109096133     
  -5.25080133789341     
  -5.23190766246177     
  -5.21311902797215     
  -5.19443473895490     
  -5.17585413498288     
  -5.15737648495022     
  -5.13900104349975     
  -5.12072702353387     
  -5.10255351213516     
  -5.08447978586180     
  -5.06650520683685     
  -5.04862909560915     
  -5.03085074924122     
  -5.01316943822765     
  -4.99558435275498     
  -4.97809477454873     
  -4.96070007401350     
  -4.94339961488309     
  -4.92619274403889     
  -4.90907878517463     
  -4.89205701515538     
  -4.87512673960447     
  -4.85828734518629     
  -4.84153823796232     
  -4.82487880190647     
  -4.80830840545803     
  -4.79182639190976     
  -4.77543212252241     
  -4.75912501066167     
  -4.74290448401835     
  -4.72676997862177     
  -4.71072092702549     
  -4.69475675918450     
  -4.67887691864059     
