    0.988560
    0.609070
    0.534260
    0.726573
    0.258433
    0.381162
    0.000000
    0.000000
    0.007761
    0.286598
    0.499788
    0.094463
    0.059023
    0.074741
    0.162286
    0.403635
    1.000000
    0.000000
    0.000000
    1.000000
    0.000000
    0.000000
    1.000000
    0.000000
    0.000000
    1.000000
    0.000000
    0.000000
    1.000000
    0.000000
    0.000000
    1.000000
    0.000000
    0.000000
    0.000000
    0.000000
    0.000000
    0.000000
    0.000000
    0.000000
    1.000000
    0.000000
    0.000000
    1.000000
    0.000000
    0.000000
    1.000000
    0.000000
    0.000000
    1.000000
    0.000000
    0.000000
    1.000000
    0.000000
    0.000000
    1.000000
    0.000000
    0.000000
    1.000000
    0.000000
    0.000000
    1.000000
    0.000000
    0.000000
