  1.125843670259410E-006
  1.125843933750596E-006
  1.125846651322487E-006
  1.125855992525571E-006
  1.125877397139207E-006
  1.125917318301561E-006
  1.125983080784176E-006
  1.126082786633911E-006
  1.126225246319702E-006
  1.126419925557965E-006
  1.126676902616794E-006
  1.127006833039563E-006
  1.127420919854932E-006
  1.127930887979860E-006
  1.128548961912155E-006
  1.129287846063906E-006
  1.130160707249325E-006
  1.131181158959880E-006
  1.132363247142412E-006
  7.889366749572566E-004
  1.737872807658281E-003
  2.854975952248860E-003
  4.524910274878389E-003
  5.903923461249782E-003
  7.299267135784071E-003
  9.335455731965547E-003
  1.244308355625989E-002
  1.529127278274826E-002
  1.814816997466633E-002
  2.198888820508824E-002
  2.618853493676708E-002
  3.112461561052579E-002
  3.674459360783080E-002
  4.185158049772274E-002
  4.732067518910556E-002
  5.410865626608313E-002
  6.192692054706665E-002
  7.017646507055880E-002
  7.910602678062870E-002
  8.862934798506669E-002
  9.902026606249324E-002
  0.110385152881301     
  0.121869270511834     
  0.133468136483629     
  0.146557691136268     
  0.161061524267945     
  0.176313021466668     
  0.192783480265670     
  0.210417966784113     
  0.228774892028851     
  0.248072651072411     
  0.268829595847083     
  0.290754931411663     
  0.313490144882340     
  0.337458818102944     
  0.362873394285677     
  0.389511906550136     
  0.416895560054391     
  0.444547828627996     
  0.473780467057440     
  0.505646348446328     
  0.538886649916797     
  0.573499147316613     
  0.609711464907562     
  0.647347419197374     
  0.686506477202945     
  0.727387799860829     
  0.769805733085950     
  0.813852201815410     
  0.859712454624291     
  0.907177080380406     
  0.956419415289612     
   1.00749249461692     
   1.06039133315971     
   1.11519402052051     
   1.17186849366304     
   1.23054771096988     
   1.29118280749876     
   1.35383320479687     
   1.41855094823684     
   1.48536069753927     
   1.55433215522090     
   1.62551015634530     
   1.69889071281420     
   1.77455820155914     
   1.85251705957554     
   1.93282538524847     
   2.01551630146115     
   2.10064001621252     
   2.18823578582789     
   2.27834701029255     
   2.37103022463638     
   2.46632270704516     
   2.56426770392284     
   2.66489808367993     
   2.76826671264056     
   2.87441115151247     
   2.98337648564490     
   3.09521151881901     
   3.20995802994980     
   3.32765742716908     
   3.44836313481746     
   3.57211549273811     
   3.69896258322040     
   3.82895519857604     
   3.96213406004642     
   4.09854326025286     
   4.23823229842862     
   4.38124635650388     
   4.52763617338429     
   4.67744476175116     
   4.83072148065340     
   4.98751386966774     
   5.14787137888700     
   5.31184225376498     
   5.47947475026761     
   5.65081597960396     
   5.82591167434582     
   6.00481546123881     
   6.18757154282020     
   6.37423134934612     
   6.56484504360099     
   6.75946686529065     
   6.95813854390622     
   7.16091385943372     
   7.36784522399391     
   7.57897821484651     
   7.79436105843545     
   8.01404762873078     
   8.23809120802417     
   8.46654135856989     
   8.69945090857720     
   8.93687033131142     
   9.17885139915657     
   9.42544568435371     
   9.67670789962794     
   9.93268915609688     
   10.1934431223730     
   10.4590226173637     
   10.7294827920555     
   11.0048788918113     
   11.2852534382536     
   11.5706634769133     
   11.8611610599235     
   12.1568040731596     
   12.4576211639279     
   12.7637101633861     
   13.0751000366068     
   13.3918527460409     
   13.7140289176841     
   14.0416766523824     
   14.3748556918561     
   14.7136183751674     
   15.0580177060428     
   15.4081138706934     
   15.7639585249873     
   16.1256065598735     
   16.4931155547165     
   16.8665389286808     
   17.2459342774270     
   17.6313572737631     
   18.0228631511008     
   18.4205146842428     
   18.8243627462214     
   19.2344664892767     
   19.6508845819085     
   20.0736677188054     
   20.5028776805289     
   20.9385729511746     
   21.3808084990067     
   21.8296457376659     
   22.2851429389149     
   22.7473568920669     
   23.2163483409532     
   23.6921750572999     
   24.1748945057761     
   24.6645671585500     
   25.1612223501707     
   25.6649571113665     
   26.1758271272152     
   26.6938711639159     
   27.2191757257941     
   27.7517901567186     
   28.2917675849918     
   28.8391863100439     
   29.3940965741487     
   29.9565558921128     
   30.5266377932821     
   31.1043938072172     
   31.6898845788514     
   32.2831806046024     
   32.8843350974423     
   33.4934106857629     
   34.1104764441704     
   34.7355874461649     
   35.3688068948887     
   36.0102067834655     
   36.6598415528816     
   37.3177748214135     
   37.9840787463348     
   38.6616062625416     
   39.3528569813731     
   40.0528909734370     
   40.7617748023162     
   41.4795752463545     
   42.2063594066576     
   42.9355685158409     
   43.6715075025960     
   44.4163707656776     
   45.1702698004898     
   45.9332565596068     
   46.7053673079157     
   47.4867049733944     
   48.2773235953726     
   49.0772652318604     
   49.8866301573609     
   50.7054743070343     
   51.5338414157545     
   52.3718221479831     
   53.2194819376480     
   54.0768666372073     
   54.9440580097307     
   55.8211282764586     
   56.7081277016922     
   57.6051299382290     
   58.5122113956146     
   59.4294267821412     
   60.3568443675347     
   61.2945424143917     
   62.2425820691111     
   63.2010234621626     
   64.1699441172319     
   65.1494120037158     
   66.1394874424868     
   67.1402462200011     
   68.1517565951895     
   69.1740818502490     
   70.2072937203929     
   71.2514641388998     
   72.3066595788444     
   73.3729484176894     
   74.4504034549696     
   75.5390918459662     
   76.6390833730308     
   77.7504486547201     
   78.8732569369106     
   80.0075795957198     
   81.1534869445062     
   82.3110493215796     
   83.4803366109271     
   84.6614185945163     
   85.8543649446352     
   87.0592686523434     
   88.2761606732856     
   89.5051362613483     
   90.7462666442938     
   91.9996200551070     
   93.2652392116367     
   94.5432511604550     
   95.8337052296026     
   97.1366532857582     
   98.4521707858412     
   99.7803782068379     
   101.121306149620     
   102.475014676202     
   103.841595909217     
   105.221148534324     
   106.613709717046     
   108.019346603372     
   109.438155100899     
   110.870222574642     
   112.315589706330     
   113.774330137925     
   115.246539548057     
   116.732298529505     
   118.231654969563     
   119.744688162214     
   121.271483633358     
   122.812130165250     
   124.366676323573     
   125.934213102470     
   127.514449776478     
   129.108800710624     
   130.714272398493     
   132.343069431645     
   134.004756244650     
   135.681292560722     
   137.372757919976     
   139.073468607364     
   140.765732031719     
   142.476772860629     
   144.202366641841     
   145.940492360696     
   147.692546208356     
   149.463376049179     
   151.249100752159     
   153.048103943197     
   154.861355309064     
   156.693035872225     
   158.540182299139     
   160.401354347278     
   162.277087884419     
   164.170774448375     
   166.080591368513     
   168.005177632166     
   169.944677849630     
   171.901643173643     
   173.875337110846     
   175.864542669159     
   177.869084953629     
   179.890698415697     
   181.929465873126     
   183.984469044801     
   186.055305253092     
   188.142995490927     
   190.248067832678     
   192.370027822270     
   194.508383841607     
   196.663587594274     
   198.836265825562     
   201.026347434819     
   203.233413347979     
   205.457526981309     
   207.699179723103     
   209.958591225657     
   212.235546717938     
   214.529913047747     
   216.841948980448     
   219.171971547578     
   221.520001429338     
   223.885900797013     
   226.269713516006     
   228.671701832886     
   231.092042405181     
   233.530705044175     
   235.987644867203     
   238.462981558967     
   240.956928048516     
   243.469590025677     
   246.000950700666     
   248.551020350594     
   251.119945279112     
   253.707890511219     
   256.314933267232     
   258.941075387398     
   261.586366405883     
   264.250947013503     
   266.934958316191     
   269.638465477713     
   272.361484659533     
   275.104091541728     
   277.866414218028     
   280.648579738904     
   283.450648586477     
   286.272655625424     
   289.114680427430     
   291.976846032436     
   294.859266580982     
   297.762006483752     
   300.718058308601     
   303.701772821081     
   306.706573547123     
   309.732549738300     
   312.769179858989     
   315.796592718468     
   318.844574880045     
   321.913506898059     
   325.003523438566     
   328.114744774804     
   331.247427250386     
   334.401283719148     
   337.576530604887     
   340.773295099002     
   343.991689462562     
   347.231947097273     
   350.493852402905     
   353.777579139274     
   357.083258803725     
   360.410995675224     
   363.760966897479     
   367.133169287320     
   370.527498917745     
   373.944331383114     
   377.383573654314     
   380.845432583722     
   384.330137935721     
   387.837305926835     
   391.367341327377     
   394.920469568262     
   398.496381770450     
   402.095716349617     
   405.717990520366     
   409.363449858085     
   413.031801522821     
   416.725686331132     
   420.440763010252     
   424.180853492862     
   427.943811427054     
   431.730264013975     
   435.542522013015     
   439.377207474901     
   443.236333056430     
   447.119676860846     
   451.026565006872     
   454.932279465835     
   458.939807488585     
   462.885951932171     
   466.915331318805     
   470.931791916424     
   474.972762717458     
   479.062354497980     
   483.180316824361     
   487.302285223508     
   491.468168912460     
   495.629580611369     
   499.836433496970     
   504.069672790354     
   508.326955311748     
   512.631621562212     
   516.926610788281     
   521.246725996095     
   525.612888727321     
   529.997764188080     
   534.408706818673     
   538.871456208271     
   543.317652012316     
   547.798404727198     
   552.323256291193     
   556.864349094121     
   561.436205991876     
   566.053685407109     
   570.659715666222     
   575.303488487617     
   579.988874836967     
   584.691007553803     
   589.425910886213     
   594.200349048199     
   598.973802982056     
   603.781515732775     
   608.633324980492     
   613.567212400315     
   618.529602995399     
   623.520595222443     
   628.540287664389     
   633.562508510637     
   638.566688582461     
   643.611647132162     
   648.676474908605     
   653.774230532806     
   658.909092732946     
   664.052904586444     
   669.228564205752     
   674.443861163128     
   679.682722732054     
   684.952074120865     
   690.258737291451     
   695.578668233715     
   700.928521285816     
   706.318038639067     
   711.733648988193     
   717.178353739292     
   722.659888758491     
   728.159489638775     
   733.687619438212     
   739.255241741399     
   744.849615755905     
   750.473882543003     
   756.133651537343     
   761.816492158400     
   767.526906126394     
   773.274918974717     
   779.051920150886     
   784.859449239941     
   790.701152059558     
   796.570353771597     
   802.466812336860     
   808.398258867391     
   814.361463145649     
   820.355868491833     
   826.383307941752     
   832.441483224455     
   838.527934185151     
   844.646910695768     
   850.799253996321     
   856.983931681094     
   863.201116216579     
   869.450832502969     
   875.730703373507     
   882.041796052784     
   888.386328286251     
   894.764387037150     
   901.175359616441     
   907.619498258444     
   914.095720338217     
   920.603294609725     
   927.143709673203     
   933.718068833728     
   940.326367678455     
   946.967991808262     
   953.643066879387     
