   9.04055791938647     
   9.03680778777456     
   9.03397427523484     
   9.03192897902339     
   9.03161688709776     
   9.03291946874974     
   9.03613993690183     
   9.04018683355955     
   9.04389777768531     
   9.04672537115374     
   9.04908614392958     
   9.05055564612804     
   9.05178718782825     
   9.05315177835419     
   9.05445202518054     
   9.05620869036392     
   9.05818949901315     
   9.05942252097964     
   9.05813793047115     
   9.05918179186924     
   9.05971692302071     
   9.06072262484032     
   9.06179209061467     
   9.06247601768706     
   9.06300287678320     
   9.06364505070437     
   9.06360539213067     
   9.06363715060309     
   9.06351003393264     
   9.06300882817297     
   9.06262007909358     
   9.06246709397908     
   9.06247197145938     
   9.06175426201960     
   9.06120438361808     
   9.05786527510984     
   9.05695558680429     
   9.05739792351020     
   9.05257646802330     
   9.04445513397680     
   9.04361628126080     
   9.03953412538868     
   9.03687574827556     
   9.03564318747609     
   9.03399886153463     
   9.03152703399133     
   9.03032859830719     
   9.02939762278341     
   9.02773413603354     
   9.02619789757157     
   9.02460741799628     
   9.02324240904973     
   5.40347127250956     
   5.38949595500944     
   5.37498053309105     
   5.35710515296195     
   5.33684445277582     
   5.31464661268886     
   5.29291508429022     
   5.27213627544820     
   5.25212814896232     
   5.23278139141245     
   5.21440679718347     
   5.19627981357782     
   5.17911520059188     
   5.16341889490506     
   5.14891291161971     
   5.13585658481995     
   5.12374253286179     
   5.11188577509108     
   5.09871610548540     
   5.08809647004897     
   5.07801380702807     
   5.06867900041166     
   5.05975563892256     
   5.05104007140742     
   5.04264146102348     
   5.03455029198153     
   5.02646154366820     
   5.01834484836593     
   5.01031681612904     
   5.00221532105946     
   4.99452487815493     
   4.98693138029554     
   4.97970082705146     
   4.97240284242079     
   4.96545804189765     
   4.95708736831245     
   4.95055790755540     
   4.94476444217320     
   4.93650811431487     
   4.92611052746027     
   4.92046783208766     
   4.91342041656761     
   4.90634445143589     
   4.89989532812200     
   4.89325191938346     
   4.88665691732177     
   4.88083526317671     
   4.87528632123693     
   4.86944581634570     
   4.86356719919074     
   4.85777483824146     
   4.85233208303225     
   7.49831847639911     
   7.47744180555958     
   7.45318489034300     
   7.42512994167696     
   7.39324228443038     
   7.36094200750065     
   7.33102986069066     
   7.30457176426534     
   7.28053129736139     
   7.25740152473819     
   7.23552006826505     
   7.21515085270713     
   7.19526453416159     
   7.17709657946931     
   7.16134716735859     
   7.14784252845490     
   7.13554801230458     
   7.12209518141110     
   7.10931753141530     
   7.09712847354398     
   7.08585623577861     
   7.07495397998383     
   7.06444472083841     
   7.05369172835702     
   7.04336370204845     
   7.03337351011959     
   7.02289887593896     
   7.01252274318361     
   7.00219528787593     
   6.99199619420968     
   6.98134419055213     
   6.97160439498779     
   6.96218797152695     
   6.95207141621927     
   6.94240757118961     
   6.93005311029980     
   6.92050758269548     
   6.91261786288083     
   6.89863585993605     
   6.88080421214580     
   6.87241233572177     
   6.86015268239554     
   6.84899439600808     
   6.83910983315015     
   6.82893138041342     
   6.81842007364957     
   6.80971485729358     
   6.80125957385399     
   6.79199504789885     
   6.78281048337473     
   6.77387244353213     
   6.76527421071360     
   42.9240598044433     
   42.7429678879756     
   42.5713652971724     
   42.4201445576267     
   42.2846721288230     
   42.1671968401389     
   42.0634459745263     
   41.9667975877247     
   41.8697691409010     
   41.7646331827788     
   41.6527830591390     
   41.5383458069411     
   41.4215279767298     
   41.3070988654606     
   41.2028762683186     
   41.1044966741076     
   41.0108873146862     
   40.9134308835751     
   40.8148951564751     
   40.7224967274065     
   40.6369915483792     
   40.5522105088887     
   40.4694542410416     
   40.3895294019995     
   40.3168360004151     
   40.2420163240183     
   40.1679954448955     
   40.0944535305682     
   40.0225898866223     
   39.9518557339033     
   39.8804079440557     
   39.8116974922891     
   39.7441554204444     
   39.6772216148053     
   39.6122547517899     
   39.5415721752858     
   39.4798828374505     
   39.4228023966153     
   39.3597645825900     
   39.2939779677699     
   39.2451279310603     
   39.1987036232307     
   39.1394455835629     
   39.0799094950172     
   39.0198957226870     
   38.9590026247241     
   38.9057588804274     
   38.8546325633021     
   38.8019157656171     
   38.7489344415609     
   38.6975983258138     
   38.6485709567025     
