   1.16873021029119     
   1.16887926841790     
   1.16902582960209     
   1.16919268831745     
   1.16935992959843     
   1.16953137640580     
   1.16965987698223     
   1.16976375220520     
   1.16986863235621     
   1.16997594174421     
   1.17008299263643     
   1.17021661734243     
   1.17034283278585     
   1.17045682222235     
   1.17056116477821     
   1.17065384135542     
   1.17073479758675     
   1.17082131066438     
   1.17101420164853     
   1.17110578005010     
   1.17121896117336     
   1.17130138411838     
   1.17138189154825     
   1.17145896707862     
   1.17152380906048     
   1.17159205459865     
   1.17166204153119     
   1.17174514605136     
   1.17183620630114     
   1.17195030114623     
   1.17202922255984     
   1.17212188865318     
   1.17220260669266     
   1.17228216517601     
   1.17235652034914     
   1.17247700901977     
   1.17254959602370     
   1.17260240574062     
   1.17269910584562     
   1.17294965315521     
   1.17300024134776     
   1.17316642686707     
   1.17328260207535     
   1.17336619160511     
   1.17345498335439     
   1.17353688638298     
   1.17361337133237     
   1.17368321207617     
   1.17376247782866     
   1.17383952997492     
   1.17391830234504     
   1.17399010885876     
   1.11592753791419     
   1.11585152941493     
   1.11578575052242     
   1.11571800116238     
   1.11566204323283     
   1.11560821732516     
   1.11547732798347     
   1.11531887792184     
   1.11517188623429     
   1.11502217496220     
   1.11487100792097     
   1.11476945511794     
   1.11465048906619     
   1.11452863287616     
   1.11442011316133     
   1.11430234505503     
   1.11417252984526     
   1.11405671938093     
   1.11415864854699     
   1.11407546857298     
   1.11403306672659     
   1.11395754972791     
   1.11388529177107     
   1.11381673065344     
   1.11375274094017     
   1.11367966602566     
   1.11362166480895     
   1.11358375892627     
   1.11356717277661     
   1.11358754124985     
   1.11355383262690     
   1.11354149559688     
   1.11351398892300     
   1.11348729184049     
   1.11345855032411     
   1.11350729359141     
   1.11348841696898     
   1.11343986485350     
   1.11349277359370     
   1.11381841757770     
   1.11380328304251     
   1.11400199497912     
   1.11407537906708     
   1.11408224923495     
   1.11409655274178     
   1.11410670506198     
   1.11412064850079     
   1.11411836814863     
   1.11413302690808     
   1.11413751631967     
   1.11415149677809     
   1.11415547264591     
   1.20328465572948     
   1.20325195456140     
   1.20327118123292     
   1.20333139597183     
   1.20340054816216     
   1.20343745610535     
   1.20341863210937     
   1.20331144938690     
   1.20315237013221     
   1.20300465786949     
   1.20285735166368     
   1.20269231606702     
   1.20256733059161     
   1.20243880608810     
   1.20228592096145     
   1.20211662792758     
   1.20194762932644     
   1.20184064943775     
   1.20169076279950     
   1.20159870621056     
   1.20153443587925     
   1.20145190115066     
   1.20137549484159     
   1.20132788346184     
   1.20128487855583     
   1.20124415515219     
   1.20122607649718     
   1.20120983590885     
   1.20120011543486     
   1.20120002915740     
   1.20122062334684     
   1.20122598465323     
   1.20122673962565     
   1.20126787026490     
   1.20130262415052     
   1.20142055497674     
   1.20146386493148     
   1.20146902008153     
   1.20163920626501     
   1.20199704462755     
   1.20204820789945     
   1.20228595469516     
   1.20243309288875     
   1.20252904468318     
   1.20263883035102     
   1.20275183200464     
   1.20282813508688     
   1.20291396885704     
   1.20302948260419     
   1.20314011082737     
   1.20324946056524     
   1.20335591971175     
   1.49565632360430     
   1.49540384725324     
   1.49485562633253     
   1.49395926251840     
   1.49276226305461     
   1.49146745900218     
   1.49030983038841     
   1.48936462840582     
   1.48863085825608     
   1.48801666551337     
   1.48751167493867     
   1.48707011964679     
   1.48664856320934     
   1.48628245154869     
   1.48594661079967     
   1.48569443819192     
   1.48546736771431     
   1.48519113608462     
   1.48492874143446     
   1.48464519025350     
   1.48438751875911     
   1.48411076615767     
   1.48382552305332     
   1.48350657126270     
   1.48313446182823     
   1.48282515926194     
   1.48247912737121     
   1.48213086496156     
   1.48176653984992     
   1.48141191884003     
   1.48101976853506     
   1.48065968296970     
   1.48031017091084     
   1.47994544599708     
   1.47959112635109     
   1.47920815466723     
   1.47886358518047     
   1.47852465717124     
   1.47808957981858     
   1.47750026035175     
   1.47712063872887     
   1.47665851661114     
   1.47622718249244     
   1.47581713773891     
   1.47540417781301     
   1.47501548349403     
   1.47464012187606     
   1.47427827353717     
   1.47390246269697     
   1.47352726761983     
   1.47315693948605     
   1.47280904629675     
