  0.384640104367558     
  0.384579326459631     
  0.384495196495119     
  0.384405198841323     
  0.384318156145096     
  0.384255587754850     
  0.384226988979517     
  0.384218466285718     
  0.384207177944655     
  0.384171669270850     
  0.384114645990943     
  0.384038567078123     
  0.383944244755494     
  0.383850180811043     
  0.383772659815303     
  0.383712971588963     
  0.383658281566119     
  0.383577483613277     
  0.383484527432263     
  0.383399621868138     
  0.383331616404656     
  0.383254750784721     
  0.383175309255509     
  0.383095874569311     
  0.383018872536568     
  0.382940947155479     
  0.382857270408781     
  0.382769191691059     
  0.382681202585548     
  0.382592255952750     
  0.382492961829853     
  0.382399104766263     
  0.382302805498667     
  0.382208704432279     
  0.382117363817346     
  0.382015540973800     
  0.381932807880149     
  0.381847361137794     
  0.381778791294109     
  0.381752397035294     
  0.381689133262325     
  0.381706131313379     
  0.381617755057197     
  0.381501163040339     
  0.381381338543571     
  0.381261841000684     
  0.381157513030399     
  0.381056189976041     
  0.380948401727448     
  0.380831545839858     
  0.380718636501935     
  0.380613455987375     
