 -1.137308214860772E-006
  1.743796691489575E-004
  2.981847785798722E-004
  4.061809128720664E-004
  5.145304359831257E-004
  6.562070888682557E-004
  8.420667098209991E-004
  1.050933696798165E-003
  1.245546317998405E-003
  1.387964194941169E-003
  1.483208052999287E-003
  1.535285581034894E-003
  1.541613329268508E-003
  1.536729974006142E-003
  1.547559443290037E-003
  1.580137187806734E-003
  1.610767822266080E-003
  1.587121839533136E-003
  1.541452229919889E-003
  1.502458620384193E-003
  1.486719624400355E-003
  1.453292255446501E-003
  1.413566800797139E-003
  1.364765693645833E-003
  1.318969088253113E-003
  1.274070675304791E-003
  1.210240996237824E-003
  1.139343791024179E-003
  1.061930992170614E-003
  9.827386069293125E-004
  8.782761688358148E-004
  7.870482377804344E-004
  6.943296047389646E-004
  5.899787481030943E-004
  4.879617419573529E-004
  3.399622130919057E-004
  2.392328122001807E-004
  1.539638467696054E-004
  6.212350631477453E-006
 -2.075601771305749E-004
 -2.910543343565751E-004
 -3.832339148864643E-004
 -5.497004496469639E-004
 -7.230707925139020E-004
 -9.086416159667919E-004
 -1.097589007385207E-003
 -1.251330898613986E-003
 -1.399587189699317E-003
 -1.569628105074247E-003
 -1.751042277166992E-003
 -1.929045654617361E-003
 -2.096106275713107E-003
