  0.175300234677132     
  0.175300601720447     
  0.175304387298207     
  0.175317399594204     
  0.175347216221194     
  0.175402826401146     
  0.175494433540461     
  0.175633323790740     
  0.175831770135270     
  0.176102958317332     
  0.176460927364341     
  0.176920520448457     
  0.177497343388923     
  0.178207728994949     
  0.179068705992517     
  0.180097971627752     
  0.181313867272858     
  0.182735356521996     
  0.184382005379255     
  0.185486161271053     
  0.186695213768672     
  0.188023398625589     
  0.189107861268517     
  0.190814689233469     
  0.192859479623398     
  0.194641068912029     
  0.195752705267061     
  0.197549590583126     
  0.199788374565719     
  0.201519203739472     
  0.203392685173228     
  0.205057474930818     
  0.206592710545067     
  0.209222313572265     
  0.212098643577079     
  0.214292799244301     
  0.216121673553503     
  0.218212965792825     
  0.220347036120038     
  0.222639634580900     
  0.224846806093064     
  0.226892445918641     
  0.229661939031228     
  0.233190790113864     
  0.236134451628709     
  0.238601092744511     
  0.241289448727932     
  0.243760700648877     
  0.246102614731075     
  0.248789962165113     
  0.251637876162208     
  0.254161875502797     
  0.256686964717793     
  0.259606201705807     
  0.262530881706296     
  0.265283767393014     
  0.268122357155751     
  0.271561299872732     
  0.276113295260112     
  0.280503078644698     
  0.283714580734407     
  0.287043739116991     
  0.290530200819805     
  0.293984069952400     
  0.297619561267253     
  0.301375539348588     
  0.305091472711166     
  0.308991940306057     
  0.313024235094650     
  0.317042617102188     
  0.321296294482200     
  0.325652014238622     
  0.330097108318908     
  0.334677211000341     
  0.339355161520796     
  0.344204229469016     
  0.349132938714717     
  0.354231910180569     
  0.359483750095304     
  0.364878710763635     
  0.370434698186668     
  0.376124841793211     
  0.381947402903888     
  0.387949728689178     
  0.394091062260893     
  0.400410845954160     
  0.406895118349836     
  0.413555149545590     
  0.420385378948596     
  0.427391450505121     
  0.434575115836406     
  0.441925241352253     
  0.449450198665704     
  0.457152638084287     
  0.465045833401728     
  0.473123304597120     
  0.481394119996678     
  0.489860064672477     
  0.498519445333069     
  0.507377832326303     
  0.516441404284339     
  0.525704559882341     
  0.535175017317478     
  0.544852986159703     
  0.554736198591073     
  0.564832689334422     
  0.575147352059263     
  0.585679903025347     
  0.596434603892464     
  0.607410386355164     
  0.618614134274007     
  0.630046610032630     
  0.641710619343800     
  0.653607280244098     
  0.665739137248348     
  0.678108945213499     
  0.690720823638257     
  0.703580489589057     
  0.716685983949164     
  0.730044988875237     
  0.743658174958435     
  0.757527695516593     
  0.771651841315981     
  0.786041626834852     
  0.800696228693796     
  0.815616403167729     
  0.830809952345376     
  0.846282239258951     
  0.862033188728370     
  0.878063525762565     
  0.894377903125813     
  0.910977914562840     
  0.927867714925208     
  0.945050365345663     
  0.962529331746344     
  0.980305143467277     
  0.998382134622471     
   1.01676228427071     
   1.03544862289718     
   1.05444204991892     
   1.07374357068571     
   1.09336711390224     
   1.11331228329294     
   1.13358387422886     
   1.15418104591528     
   1.17513239303882     
   1.19639752268844     
   1.21800510364118     
   1.23995100225409     
   1.26223261565929     
   1.28486005982739     
   1.30783200291726     
   1.33115470818947     
   1.35483396606964     
   1.37886857572130     
   1.40326605727050     
   1.42803088578609     
   1.45316503735361     
   1.47867483710554     
   1.50456262194465     
   1.53083283931766     
   1.55749056318842     
   1.58453351268628     
   1.61197149470612     
   1.63980622237605     
   1.66804007745384     
   1.69668359985234     
   1.72573642741387     
   1.75520167771226     
   1.78508616688559     
   1.81539044790063     
   1.84611839728346     
   1.87727555517113     
   1.90886368782936     
   1.94088771376433     
   1.97335303816735     
   2.00626223785573     
   2.03964920589194     
   2.07348031728984     
   2.10776347035324     
   2.14252365941646     
   2.17773831735537     
   2.21342221369020     
   2.24958650921920     
   2.28621736885137     
   2.32332918942112     
   2.36092926953394     
   2.39900906709686     
   2.43758221318486     
   2.47665339642726     
   2.51621762644372     
   2.55628736832573     
   2.59686584332564     
   2.63794999762019     
   2.67955094919137     
   2.72167185664274     
   2.76430725842721     
   2.80746941453658     
   2.85116157664712     
   2.89537862598917     
   2.93733483430142     
   2.97459796459270     
   3.01217548790190     
   3.05006854917956     
   3.08827824509349     
   3.12680551562170     
   3.17227733490148     
   3.22045714626250     
   3.26921908784212     
   3.31852036560433     
   3.36837789242717     
   3.41882443256952     
   3.46982625050732     
   3.52139866228749     
   3.57356912781813     
   3.62630705267635     
   3.67962634356822     
   3.73355326889730     
   3.78806732851945     
   3.84317341349534     
   3.89889615665913     
   3.95522444017332     
   4.01215684760766     
   4.06971407868930     
   4.12789360351004     
   4.18669029391998     
   4.24612088117581     
   4.30618869290417     
   4.36688722131559     
   4.42822723192787     
   4.49022066295332     
   4.55286221581244     
   4.61615630229925     
   4.68011513847945     
   4.74473563024758     
   4.81002236610310     
   4.87598506602765     
   4.94262515140622     
   5.00994399965158     
   5.07794860214815     
   5.14664419933797     
   5.21603176271519     
   5.28611806083333     
   5.35690738766390     
   5.42840335314743     
   5.50061109176505     
   5.57353375930603     
   5.64717572555924     
   5.72154148629426     
   5.79663614223077     
   5.87246504643086     
   5.94903381165726     
   6.02632488162189     
   6.10438288487421     
   6.18318830084712     
   6.26274578392854     
   6.34306313182095     
   6.42417380560890     
   6.50602708560935     
   6.58865011833831     
   6.67206765905492     
   6.75628101987357     
   6.84124663965491     
   6.92701097990491     
   7.01359118723862     
   7.10097249362360     
   7.18913371369862     
   7.27811532765742     
   7.36792798037477     
   7.45855369999178     
   7.54998320183324     
   7.64225402884595     
   7.73537090780762     
   7.82931667262987     
   7.92408938660856     
   8.01971996179621     
   8.11620804656474     
   8.21354720012030     
   8.31172786780107     
   8.41078085374879     
   8.51071121008589     
   8.61151902204990     
   8.71323520530740     
   8.81893352947458     
   8.91648980862922     
   8.99642015602487     
   9.07684553820701     
   9.15776724650408     
   9.24494996884559     
   9.35616741047204     
   9.46427615881313     
   9.57358206184287     
   9.68618767039780     
   9.80077846971267     
   9.91258841180439     
   10.0255805837881     
   10.1414534553750     
   10.2593195746680     
   10.3750802931067     
   10.4917814569258     
   10.6109459599125     
   10.7321207238751     
   10.8519971386831     
   10.9724809405236     
   11.0950163452544     
   11.2195420831854     
   11.3435904793692     
   11.4679816419177     
   11.5940163144010     
   11.7219532797769     
   11.8501421109012     
   11.9785841503814     
   12.1082819755524     
   12.2397226959014     
   12.3719698857717     
   12.5045801732617     
   12.6381328519032     
   12.7732045120170     
   12.9094285568006     
   13.0462634820887     
   13.1838657637921     
   13.3227399851578     
   13.4629083728122     
   13.6039653148594     
   13.7457770686985     
   13.8886444481466     
   14.0327867810744     
   14.1780316104685     
   14.3241483456173     
   14.4712028794213     
   14.6194197457692     
   14.7688419163013     
   14.9192941131645     
   15.0706867790182     
   15.2231373340401     
   15.3767780234341     
   15.5315766559169     
   15.6874079265428     
   15.8442539000802     
   16.0022192512028     
   16.1613817177949     
   16.3216831411099     
   16.4830467707766     
   16.6454837906351     
   16.8090808939347     
   16.9738772091587     
   17.1398208371056     
   17.3068595922304     
   17.4750173597494     
   17.6443671555848     
   17.8149226052659     
   17.9866450487082     
   18.1594969969383     
   18.3335076570040     
   18.5087319808876     
   18.6851803408749     
   18.8628197681211     
   19.0416263201370     
   19.2216259110580     
   19.3699164244442     
   19.5122376725761     
   19.6552568335969     
   19.7989754860702     
   19.9540061216497     
   20.1403110128041     
   20.3281948035163     
   20.5173682721066     
   20.7077882103809     
   20.8994259279882     
   21.0921167890630     
   21.2862397722022     
   21.4816704105608     
   21.6783735940428     
   21.8763292670658     
   22.0753963574228     
   22.2758829186944     
   22.4777077681001     
   22.6808321088470     
   22.8852444858740     
   23.0908607025708     
   23.2977770122336     
   23.5061905348518     
   23.7158189917594     
   23.9268488503038     
   24.1391668187240     
   24.3526368154760     
   24.5677364289364     
   24.7841548155964     
   25.0017605930919     
   25.2209568106016     
   25.4411993440195     
   25.6630653915888     
   25.8864039118878     
   26.1116023998007     
   26.3361148145094     
   26.5643773251797     
   26.7926630160305     
   27.0232133762229     
   27.2554964620616     
   27.4872968916547     
   27.7220881116704     
   27.9579530824533     
   28.1952094374967     
   28.4346269142612     
   28.7010195169037     
   28.8914960892067     
   29.1693499877582     
   29.3900590228376     
   29.6498733777098     
   29.9114606297082     
   30.1508066909420     
   30.3882588014986     
   30.6482783590529     
   30.8910531891360     
   31.1650677320065     
   31.4205060890418     
   31.6765204348168     
   31.9355514621853     
   32.1743563004451     
   32.4500934505481     
   32.7280577708390     
   32.9874257009840     
   33.2556301329115     
   33.5254148409449     
   33.7711385669755     
   34.0612601029225     
   34.3447675159192     
   34.6122175472385     
   34.8915666024975     
   35.1683907369942     
   35.4279305548871     
   35.7273568720668     
   36.0175772277729     
   36.2948200291893     
   36.5840519247238     
   36.8693482691742     
   37.1440445662424     
   37.4487597060208     
   37.7483505904578     
   38.0330796007786     
   38.2650652375253     
   38.4979827873569     
   38.7318341974154     
   38.9666214025034     
   39.2286168447365     
   39.5384904480027     
   39.8375238186740     
   40.1467271799504     
   40.4531429961412     
   40.7526937375237     
   41.0736376381471     
   41.3931780099072     
   41.7036268176516     
   42.0211584376357     
   42.3389494237673     
   42.6502796887834     
   42.9792952296648     
   43.3094438072726     
   43.6310854413264     
   43.9578937600216     
   44.2869697919498     
   44.6106802173189     
   44.9478921010030     
   45.2882451541940     
   45.6208786728411     
   45.9586364410802     
   46.2984805003888     
   46.6349046297861     
   46.9804427342748     
   47.3306965287948     
   47.6757440256815     
   48.0242994335938     
   48.3749269340008     
   48.7240845859461     
   49.0785512143900     
   49.4386729553307     
   49.7968229033878     
   50.1563355925178     
   50.5178721285679     
   50.8797040112946     
   51.2442341566215     
   51.6140274735984     
   51.9849389537338     
   52.3562323295109     
   52.7290450880947     
   53.1033099532768     
   53.4791073238731     
   53.8589197742596     
   54.2417855959660     
   54.6255926680485     
   55.0103597600528     
   55.3968054019699     
   55.7847833084884     
   56.1754821615056     
   56.5697393718470     
   56.9661726117961     
   57.3637849564111     
   57.7626873061827     
   58.1636006552769     
   58.5665060497942     
