  0.637724298021368     
  0.637821422289124     
  0.637911030779856     
  0.638029147119555     
  0.638167879940796     
  0.638325526699687     
  0.638492334742208     
  0.638660342965021     
  0.638824380004508     
  0.638978657554052     
  0.639120726009293     
  0.639257874799845     
  0.639385431038055     
  0.639500016787659     
  0.639601686936671     
  0.639692739860682     
  0.639776705566697     
  0.639850012600577     
  0.639919837883306     
  0.639984520362817     
  0.640045094809774     
  0.640100829919174     
  0.640154181377144     
  0.640204320175741     
  0.640252524395500     
  0.640298145388507     
  0.640332296078422     
  0.640373461918606     
  0.640413073080668     
  0.640449279405090     
  0.640478135031412     
  0.640518527934341     
  0.640553817275662     
  0.640584729708311     
  0.640614192036858     
  0.640637440949959     
  0.640658531228858     
  0.640687999950287     
  0.640706223667157     
  0.640725334714789     
  0.640746685387798     
  0.640769559029516     
  0.640789669144316     
  0.640814798416310     
  0.640837938619911     
  0.640842863131833     
  0.640860638741094     
  0.640880843771464     
  0.640895027728549     
  0.640910565299812     
  0.640928164122309     
  0.640942967299140     
