  0.569883352986370     
  0.569854448586770     
  0.569811765935994     
  0.569765579083989     
  0.569723770776998     
  0.569698395378965     
  0.569696128780630     
  0.569706650749685     
  0.569714495621661     
  0.569703973502155     
  0.569677998497402     
  0.569637842871372     
  0.569584613941128     
  0.569529896106813     
  0.569483867737229     
  0.569448804816635     
  0.569415851291455     
  0.569364533261218     
  0.569299039752110     
  0.569242678151239     
  0.569193873290436     
  0.569141213416726     
  0.569086626232098     
  0.569033321439336     
  0.568979767085074     
  0.568925958459932     
  0.568868253834015     
  0.568806475897734     
  0.568746003952796     
  0.568682690633059     
  0.568613299006501     
  0.568546010354006     
  0.568477079041424     
  0.568412221604209     
  0.568348997993744     
  0.568283371259212     
  0.568226659972167     
  0.568163785989635     
  0.568128658182258     
  0.568149212877319     
  0.568107758314389     
  0.568150314985069     
  0.568097669835592     
  0.568016762063143     
  0.567934397352927     
  0.567850741904853     
  0.567776354003680     
  0.567704145946028     
  0.567629168900406     
  0.567546051931597     
  0.567466167710192     
  0.567392705815266     
