  0.822520631757384     
  0.822456272447948     
  0.822416897332610     
  0.822395095909815     
  0.822390155870539     
  0.822385191986154     
  0.822373173247165     
  0.822358745038530     
  0.822352446760983     
  0.822361862468449     
  0.822388934125094     
  0.822431731322956     
  0.822491116408307     
  0.822551922847476     
  0.822598312966685     
  0.822635206631098     
  0.822672221390385     
  0.822724976967739     
  0.822775406537668     
  0.822831281397513     
  0.822873228906557     
  0.822922461083792     
  0.822973364657539     
  0.823023564104132     
  0.823063570062499     
  0.823103265801336     
  0.823140641739963     
  0.823184339554448     
  0.823232904397425     
  0.823278118443996     
  0.823328171811723     
  0.823378669896676     
  0.823423568476776     
  0.823467955673022     
  0.823511272237500     
  0.823559947362700     
  0.823599233436124     
  0.823633919021073     
  0.823681004468832     
  0.823827934426564     
  0.823857188070295     
  0.823963835171950     
  0.824039776199980     
  0.824100185562245     
  0.824162420908270     
  0.824209100122366     
  0.824258218638413     
  0.824308328539926     
  0.824361631332166     
  0.824414478068429     
  0.824465430404602     
  0.824512804741263     
