  0.560788479017974     
  0.560696579763136     
  0.560627398514073     
  0.560620704077146     
  0.560657350926526     
  0.560715585301752     
  0.560739894084360     
  0.560751737023639     
  0.560795033893539     
  0.560863608607920     
  0.560953741609314     
  0.561092251380848     
  0.561257529507461     
  0.561416776409772     
  0.561562675640940     
  0.561685303695165     
  0.561801992916746     
  0.561957277157353     
  0.562204528274632     
  0.562355382988249     
  0.562503945774035     
  0.562629293456099     
  0.562748973037585     
  0.562877745163307     
  0.562998364230725     
  0.563106377728286     
  0.563220446264471     
  0.563346660439780     
  0.563481988623621     
  0.563627007876416     
  0.563754952733583     
  0.563886379619748     
  0.564001036103797     
  0.564137456002376     
  0.564264116471002     
  0.564496121885999     
  0.564621513661531     
  0.564696288718533     
  0.565000822692119     
  0.565596204853098     
  0.565714657430631     
  0.566103257752136     
  0.566342188486933     
  0.566496879726160     
  0.566663810397684     
  0.566820578038654     
  0.566949051303670     
  0.567067615440263     
  0.567209841207973     
  0.567342366828784     
  0.567478170179809     
  0.567602628362017     
