  0.795999739293989     
  0.796237301365667     
  0.796441189769020     
  0.796649580300891     
  0.796849789649237     
  0.797063822131856     
  0.797296926520227     
  0.797537062891587     
  0.797761445232073     
  0.797952438310647     
  0.798110962869763     
  0.798241908066991     
  0.798341457414420     
  0.798424064757134     
  0.798507553332406     
  0.798595494410994     
  0.798677952032751     
  0.798722370832634     
  0.798744553667329     
  0.798771738553697     
  0.798808847646040     
  0.798834456476317     
  0.798853735386045     
  0.798869490595804     
  0.798882635074610     
  0.798893809585886     
  0.798894811504658     
  0.798888252629908     
  0.798877891208675     
  0.798862561119054     
  0.798834184828377     
  0.798809593160691     
  0.798779459814455     
  0.798749501259541     
  0.798718762785579     
  0.798674407264837     
  0.798646356881552     
  0.798613176808604     
  0.798593394260660     
  0.798605317883479     
  0.798587725069530     
  0.798648122496411     
  0.798595238900719     
  0.798511207318388     
  0.798421935286667     
  0.798330394029262     
  0.798253731180204     
  0.798179945165193     
  0.798095520734454     
  0.797999730868704     
  0.797904256665583     
  0.797816806401968     
