  0.142676958745721     
  0.142783626554411     
  0.142900098533442     
  0.143026477857681     
  0.143164515045822     
  0.143306731710581     
  0.143445410605305     
  0.143580356095816     
  0.143711664914810     
  0.143841734225560     
  0.143973037459156     
  0.144113789631225     
  0.144250927819168     
  0.144367684407713     
  0.144459618690266     
  0.144531240909056     
  0.144589762243858     
  0.144644242832447     
  0.144694795499075     
  0.144744166002481     
  0.144792053875406     
  0.144848779991149     
  0.144905589181071     
  0.144953363999310     
  0.144991353719185     
  0.145025916194858     
  0.145057359787692     
  0.145093166280769     
  0.145130688802190     
  0.145166511018899     
  0.145206188557062     
  0.145254101983777     
  0.145297154647045     
  0.145335923511769     
  0.145372685524248     
  0.145407555428841     
  0.145443398601249     
  0.145482044197744     
  0.145526885871969     
  0.145618790908864     
  0.145654642173041     
  0.145732132748324     
  0.145789234606614     
  0.145839614132798     
  0.145890008619198     
  0.145925960943650     
  0.145965990884753     
  0.146006267873541     
  0.146045550572021     
  0.146085505729072     
  0.146125378512324     
  0.146163188347825     
  0.552967496761757     
  0.552922411493194     
  0.552863338234581     
  0.552800839139924     
  0.552743546854035     
  0.552703953520232     
  0.552690857157440     
  0.552692763788455     
  0.552693144658846     
  0.552675291179755     
  0.552641837124112     
  0.552593625045165     
  0.552532584332871     
  0.552471343412414     
  0.552420370738135     
  0.552382049863060     
  0.552348157357890     
  0.552295331647266     
  0.552222661473750     
  0.552163052216520     
  0.552110402176494     
  0.552054829130886     
  0.551997383963567     
  0.551941888410202     
  0.551886038667364     
  0.551830887714543     
  0.551770164966446     
  0.551705506465921     
  0.551641089982699     
  0.551571941389491     
  0.551498646600748     
  0.551428187900769     
  0.551356505354143     
  0.551289505047727     
  0.551223463640067     
  0.551155287342783     
  0.551093751151559     
  0.551027219525714     
  0.550988234025589     
  0.550999814776995     
  0.550953369196252     
  0.550986587002260     
  0.550927794645911     
  0.550842425887749     
  0.550755527543160     
  0.550665888339244     
  0.550587542101441     
  0.550512672094693     
  0.550434703321055     
  0.550348402972496     
  0.550264385170982     
  0.550187536794066     
  0.656939475636119     
  0.656915715770622     
  0.656880868559715     
  0.656841610445731     
  0.656805949369112     
  0.656783299341784     
  0.656779879787780     
  0.656787065239101     
  0.656791638853672     
  0.656781294263167     
  0.656758127716455     
  0.656722829934225     
  0.656676830739590     
  0.656629857232272     
  0.656590123547515     
  0.656559210057009     
  0.656530807130371     
  0.656486832697175     
  0.656429219949198     
  0.656380747178440     
  0.656339034324097     
  0.656294130855592     
  0.656247638087646     
  0.656202694193172     
  0.656157323397395     
  0.656111359449682     
  0.656062267774181     
  0.656009116316959     
  0.655957421278899     
  0.655902397180210     
  0.655843700012642     
  0.655786440223383     
  0.655727139242243     
  0.655672162056772     
  0.655618561145929     
  0.655564300676347     
  0.655516263412715     
  0.655461843877415     
  0.655436001646277     
  0.655466942132970     
  0.655432144924412     
  0.655477784105603     
  0.655436118155421     
  0.655367397476664     
  0.655297618605141     
  0.655227055642606     
  0.655163899607711     
  0.655102732327283     
  0.655039441242332     
  0.654968615447839     
  0.654900282852889     
  0.654837617980633     
  0.125227931836751     
  0.125232098256747     
  0.125240793300541     
  0.125250590473878     
  0.125258914106021     
  0.125262312087076     
  0.125259427894720     
  0.125253061988805     
  0.125247773230473     
  0.125248856067313     
  0.125254689332438     
  0.125265151951261     
  0.125279440426808     
  0.125294449402320     
  0.125307110937799     
  0.125316752682566     
  0.125326366338719     
  0.125341536011807     
  0.125357435231379     
  0.125373917661944     
  0.125388595247349     
  0.125404120260761     
  0.125420124337404     
  0.125435701882605     
  0.125451569460148     
  0.125467962466862     
  0.125485101347816     
  0.125503651240098     
  0.125521220077965     
  0.125539348688907     
  0.125560018765514     
  0.125580413088560     
  0.125601646265901     
  0.125621222965780     
  0.125640185332913     
  0.125658712527356     
  0.125675064134190     
  0.125694645217790     
  0.125700700708062     
  0.125680379386439     
  0.125691526765986     
  0.125666738722816     
  0.125678797084602     
  0.125703077337687     
  0.125727597567719     
  0.125751887721549     
  0.125774028625455     
  0.125795896955895     
  0.125818333742282     
  0.125843867265058     
  0.125868356303069     
  0.125890781425985     
