  0.703481163294829     
  0.702169216576059     
  0.700690980450535     
  0.699076071070704     
  0.697314302569382     
  0.695570212752511     
  0.694022672831378     
  0.692630940557578     
  0.691324728172829     
  0.689974579105435     
  0.688572345336405     
  0.687138635916006     
  0.685680971118569     
  0.684327781061108     
  0.683210535297092     
  0.682275898323827     
  0.681460133628564     
  0.680557690073181     
  0.679530922996783     
  0.678620841336212     
  0.677796292942097     
  0.676995130960278     
  0.676209957099664     
  0.675460545132583     
  0.674819864124117     
  0.674186760721655     
  0.673540524356272     
  0.672856555952985     
  0.672130792564208     
  0.671398862932380     
  0.670686683979062     
  0.669985609494280     
  0.669344843393731     
  0.668719195848777     
  0.668094128918403     
  0.667434305646063     
  0.666810227456360     
  0.666253379092510     
  0.665656189532062     
  0.664206273223950     
  0.663680013701480     
  0.662481029406993     
  0.661599846133223     
  0.660882063775859     
  0.660152474846604     
  0.659519364756064     
  0.658913073193036     
  0.658331757451742     
  0.657720919318202     
  0.657113051616679     
  0.656485939707439     
  0.655901623702186     
