   1.12122149329753     
   1.12100845660896     
   1.12075045159578     
   1.12055930960445     
   1.12053947318639     
   1.12077122171179     
   1.12122182583812     
   1.12178232769517     
   1.12229529473318     
   1.12264215639952     
   1.12285828581289     
   1.12295558792349     
   1.12294805956690     
   1.12293257496719     
   1.12297118283486     
   1.12308420287991     
   1.12320538061221     
   1.12317885760483     
   1.12309728885921     
   1.12306923845629     
   1.12310694345907     
   1.12308805684037     
   1.12305541249395     
   1.12296497830585     
   1.12287553914750     
   1.12278593066326     
   1.12263081544167     
   1.12248501722599     
   1.12232784599624     
   1.12218034597568     
   1.12194697305600     
   1.12177768712822     
   1.12159824507437     
   1.12132888835056     
   1.12108845461153     
   1.12056331306355     
   1.12033076143229     
   1.12022216017448     
   1.11956850319494     
   1.11862503691646     
   1.11843929794321     
   1.11804557722554     
   1.11759568268448     
   1.11721600059272     
   1.11678571953416     
   1.11630263432116     
   1.11597417858645     
   1.11566107546797     
   1.11525603778284     
   1.11484755971411     
   1.11447116531811     
   1.11410674980493     
