  8.028475800577145E-002
  4.128851408480891E-002
  5.128555201461059E-006
  8.055772027937310E-007
  5.052078533629932E-006
  1.490332065569255E-005
  7.482508462708385E-005
  1.258770474314164E-004
  1.127348956651233E-004
  3.469154984618096E-004
  9.270647663176137E-005
  3.266266798077207E-004
  1.809584311675193E-004
  6.229581958577060E-004
  1.692609860570825E-004
  5.824760925117462E-004
  5.897216915054422E-004
  5.586187623131394E-004
  3.892735759902261E-004
  2.334305383451273E-004
  3.560732160690635E-004
  5.942476736864455E-004
  6.213315716124731E-004
  5.482800356031975E-004
  5.278944010755418E-004
  4.518353001984070E-004
  4.140649496187129E-004
  5.702646467199894E-004
  6.061485938484256E-004
  6.445910196125085E-004
  5.598338710994551E-004
  5.027715288524881E-004
  5.391758636864797E-004
  5.754748170224143E-004
  6.073133738278893E-004
  5.916859826060687E-004
  5.434426651291993E-004
  5.723727518706818E-004
  6.419497568805872E-004
  6.310857541273824E-004
  5.779210544884142E-004
  5.749286114945824E-004
  6.151120682885599E-004
  6.021395483270995E-004
  5.836339175527007E-004
  6.072528862792521E-004
  6.401370801725089E-004
  6.308418430144668E-004
  6.249668413021261E-004
  6.432069981655079E-004
  6.601878820965363E-004
  6.581926696770078E-004
  6.673277182379011E-004
  6.758591901169965E-004
  6.776128753943384E-004
  6.904858860624196E-004
  6.880728007895870E-004
  6.636464186249980E-004
  6.709546563185262E-004
  6.755200088383028E-004
  6.778544333601062E-004
  6.865827296938369E-004
  6.908583968286796E-004
  6.904784883279950E-004
  6.967350837736036E-004
  7.006201913504407E-004
  7.027106602930151E-004
  7.092775346395575E-004
  7.122529802406606E-004
  7.134165567518658E-004
  7.177879983026588E-004
  7.199237250565296E-004
  7.233676393119133E-004
  7.265331514475958E-004
  7.302080993786080E-004
  7.326531855692089E-004
  7.343051364132429E-004
  7.391837968715388E-004
  7.381786644768007E-004
  7.376041412425667E-004
  7.566648961045989E-004
  7.199079687039441E-004
  7.776861694630305E-004
  7.281428108866623E-004
  7.054622668385726E-004
  7.020516046236892E-004
  7.003441837617933E-004
  6.992880894010073E-004
  6.977209692513366E-004
  6.978299043335014E-004
  6.951090407288971E-004
  6.967101587385987E-004
  6.910843847244938E-004
  6.980634668878978E-004
  6.804798258924473E-004
  7.073952671285776E-004
  6.593826442194991E-004
  7.190881661954755E-004
  6.549601295315277E-004
  6.382958791158906E-004
  6.375032966126400E-004
  6.274462357721611E-004
  6.312544720309205E-004
  6.106451967384472E-004
  6.343720056618593E-004
  5.861537931472975E-004
  6.413858279492422E-004
  5.755607040796067E-004
  5.660181040121865E-004
  5.557311316473321E-004
  5.527193927502060E-004
  5.421963134835107E-004
  5.393276311186508E-004
  5.388742492942651E-004
  5.015140403508857E-004
  4.912170245880732E-004
  4.855014476506220E-004
  4.711016398696550E-004
  4.795079457677163E-004
  4.440156175743437E-004
  4.333015083437587E-004
  4.158624241722252E-004
  4.220195537627220E-004
  3.969692618565204E-004
  3.741735835297598E-004
  3.711745568202243E-004
  3.609426431381114E-004
  3.328711413896754E-004
  3.312649465826086E-004
  3.123980408101642E-004
  2.962495899147062E-004
  2.851243129733984E-004
  2.677059912427568E-004
  2.554957439146450E-004
  2.392985056066852E-004
  2.260784784318196E-004
  2.113466846975110E-004
  1.976982662282113E-004
  1.840190631692569E-004
  1.707565553429695E-004
  1.577976995952525E-004
  1.451797038671709E-004
  1.331342259264601E-004
  1.216129863768455E-004
  1.107682836312644E-004
  1.006696321865408E-004
  9.136069266200725E-005
  8.288560078330150E-005
  7.544398713484663E-005
  6.895020054725728E-005
  6.359652678956389E-005
  5.987305870824969E-005
  5.711276827707343E-005
  5.461436653553621E-005
  5.228792065137803E-005
  5.010313962026158E-005
  4.805449444276858E-005
  4.613798546679430E-005
  4.433091183790824E-005
  4.261523715904248E-005
  4.099390514237618E-005
  3.944913254181345E-005
  3.798154643959536E-005
  3.657617338516256E-005
  3.522422600965482E-005
  3.393105144888676E-005
  3.269486912565045E-005
  3.151439107007579E-005
  3.037795124257022E-005
  2.928743175064612E-005
  2.824882481462082E-005
  2.724547095430683E-005
  2.628130174894265E-005
  2.535821950783976E-005
  2.446243851852610E-005
  2.360423701647175E-005
  2.278864251423885E-005
  2.198484142776653E-005
  2.122247788146003E-005
  2.049605359300256E-005
  1.977402875759809E-005
  1.910239722344556E-005
  1.845470387888036E-005
  1.779416673058010E-005
  1.719612114005275E-005
  1.660985983034382E-005
  1.600679717135860E-005
  1.547976560071563E-005
  1.494844785241057E-005
  1.439283195590673E-005
  1.393237032007664E-005
  1.345001222006168E-005
  1.293727742749153E-005
  1.253578577698160E-005
  1.209431514369619E-005
  1.162120268581602E-005
  1.127530885818685E-005
  1.087183523323149E-005
  1.043363728718343E-005
  1.013727245862108E-005
  9.810342469794398E-006
  9.471469183217125E-006
  9.210204945097277E-006
  8.913004962377842E-006
  8.602073858082454E-006
  8.300744876658931E-006
  8.012536526998545E-006
  7.731481609633795E-006
  7.459951842884784E-006
  7.200857057508460E-006
  6.949726973827591E-006
  6.705572414840307E-006
  6.468824346924861E-006
  6.240989796491645E-006
  6.021332215514609E-006
  5.808373122503129E-006
  5.602848597247367E-006
  5.404822979845458E-006
  5.213121707955370E-006
  5.028015923242007E-006
  4.849826022550724E-006
  4.677310534004915E-006
  4.510476549378870E-006
  4.349846659234035E-006
  4.195338511023814E-006
  4.045436123073209E-006
  3.900698294732171E-006
  3.760178116530403E-006
  3.625206125784005E-006
  3.495304480017402E-006
  3.369065639263896E-006
  3.247680409712417E-006
  3.131380701371951E-006
  3.017977866638798E-006
  2.908729899215530E-006
  2.804579510791160E-006
  2.703950301097926E-006
  2.605802248868763E-006
  2.511242635124259E-006
  2.420232962227381E-006
  2.331926179555188E-006
  2.246739879852665E-006
  2.165109076460463E-006
  2.086094521729374E-006
  2.009064812612617E-006
  1.935838113055519E-006
  1.865279790192329E-006
  1.796485666441290E-006
  1.729626917118076E-006
  1.667358521536974E-006
  1.605658800487932E-006
  1.546153140762359E-006
  1.489485024247171E-006
  1.434474393277597E-006
  1.380465189943529E-006
  1.329383543710617E-006
  1.280903885248040E-006
  1.232811278940384E-006
  1.185916992687185E-006
  1.142439613345536E-006
  1.100906002787768E-006
  1.058634292658950E-006
  1.018379791626594E-006
  9.816581456433412E-007
  9.467073440929061E-007
  9.089008146629623E-007
  8.740436478759626E-007
  8.429398831674926E-007
  8.133595412751752E-007
  7.791174873333997E-007
  7.495625489971880E-007
  7.234692893716442E-007
  6.984544954366146E-007
  6.671830034766401E-007
  6.424971166790825E-007
  6.207067139695943E-007
  5.995942308089620E-007
  5.708244094148589E-007
  5.505296531745814E-007
  5.324130316779692E-007
  5.141343013185957E-007
  4.878871632249901E-007
  4.707600759718073E-007
  4.544538491294934E-007
  4.416446159093587E-007
  4.223962398346705E-007
  4.072846720550365E-007
  3.918370651871789E-007
  3.768329323130643E-007
  3.611799643442087E-007
  3.474309173190628E-007
  3.342083899076456E-007
  3.213644470153142E-007
  3.081246528658933E-007
  2.962072975762095E-007
  2.849160223496765E-007
  2.739255956655354E-007
  2.627818846229202E-007
  2.524467100109040E-007
  2.427778834085957E-007
  2.334300428378176E-007
  2.240186351002858E-007
  2.150950336431249E-007
  2.068100824370914E-007
  1.988480438551953E-007
  1.908829784619494E-007
  1.832024590571547E-007
  1.760880091829660E-007
  1.693305796226566E-007
  1.626185090737294E-007
  1.559995113508207E-007
  1.498678937339691E-007
  1.441426207420177E-007
  1.384703804075901E-007
  1.329479717584288E-007
  1.276545197377735E-007
  1.226658982616491E-007
  1.179528685782427E-007
  1.132302105403427E-007
  1.087205268738297E-007
  1.044458510393477E-007
  1.003190001817529E-007
  9.632597486147550E-008
  9.246166766993184E-008
  8.877810276292477E-008
  8.527005414595467E-008
  8.187937493285161E-008
  7.857888552822528E-008
  7.543195589474878E-008
  7.242426026296284E-008
  6.952717147551752E-008
  6.673708696939369E-008
  6.405084045632793E-008
  6.151837110877003E-008
  5.901133763022908E-008
  5.660277846327193E-008
  5.431666961110254E-008
  5.212029241816771E-008
  5.008504705122662E-008
  4.798942511539915E-008
  4.602074633851824E-008
  4.415324642315653E-008
  4.236636064733414E-008
  4.074328939488206E-008
  3.896742801551978E-008
  3.736933644110257E-008
  3.584120708425107E-008
  3.440126304976552E-008
  3.311995158210231E-008
  3.159939314154762E-008
  3.030518872922089E-008
  2.905024773390951E-008
  2.790354442829192E-008
  2.690003178873287E-008
  2.559520913903122E-008
  2.454251557631815E-008
  2.351566898362946E-008
  2.260629079691736E-008
  2.183668814731618E-008
  2.094456096573522E-008
  2.008600770245696E-008
  1.924787988038585E-008
  1.843645356979221E-008
  1.766163705218585E-008
  1.693299739186967E-008
  1.623257717958872E-008
  1.555031182205568E-008
  1.488736782633129E-008
  1.425893575588226E-008
  1.366818876618170E-008
  1.310068872862681E-008
  1.254636333374529E-008
  1.200440938455060E-008
  1.149216183733702E-008
  1.101372402063160E-008
  1.055774484102217E-008
  1.011059184758041E-008
  9.667992343641743E-009
  9.248854996547513E-009
  8.862595340832211E-009
  8.494033676604836E-009
  8.142930107179868E-009
  7.785446670373549E-009
  7.442505272274475E-009
  7.123988745579093E-009
  6.821506505590900E-009
  6.543206492222268E-009
  6.259294375093402E-009
  5.973450703925504E-009
  5.721177163241534E-009
  5.470654224209435E-009
  5.245113007695306E-009
  5.029482593689013E-009
  4.787067485231531E-009
  4.574751359617702E-009
  4.387773277953374E-009
  4.199606062903294E-009
  4.030158727413657E-009
  3.860646377704694E-009
  3.629271637530630E-009
  3.524684462120413E-009
  3.339933289912237E-009
  3.226630396214397E-009
  3.083112584604079E-009
  2.926954577234878E-009
  2.797066801778558E-009
  2.676390411311991E-009
  2.557900997995040E-009
  2.463898064062155E-009
  2.338568960750179E-009
  2.233245165310686E-009
  2.136673003246875E-009
  2.028605207782146E-009
  1.957260853322404E-009
  1.870354747906279E-009
  1.773637189997287E-009
  1.697979291844765E-009
  1.624194513426865E-009
  1.541850161164015E-009
  1.487358256273918E-009
  1.415443721591857E-009
  1.343087920716655E-009
  1.287158703781996E-009
  1.231002883162616E-009
  1.171078709348844E-009
  1.125457956984046E-009
  1.068892545126447E-009
  1.015225295236947E-009
  9.730468682614709E-010
  9.312931908044552E-010
  8.870796969520959E-010
  8.478771953096357E-010
  8.056668433342530E-010
  7.660119662857423E-010
  7.329607620312816E-010
  7.026343471491168E-010
  6.696220949836181E-010
  6.371698150963238E-010
  6.060708684744310E-010
  5.769177664774839E-010
  5.567519808683896E-010
  5.339957007640241E-010
  5.081247026934235E-010
  4.808032290045134E-010
  4.527410626539017E-010
  4.309602607050236E-010
  4.164439882517064E-010
  4.018722238246779E-010
  3.821613673162532E-010
  3.588202203357556E-010
  3.359616180751192E-010
  3.194661540486897E-010
  3.097050485579277E-010
  3.010587223757202E-010
  2.870234351301548E-010
  2.672040264322815E-010
  2.474495652979731E-010
  2.342508617163926E-010
  2.279197103428759E-010
  2.240581247322813E-010
  2.156196012757772E-010
  1.990186055146327E-010
  1.808036130029515E-010
  1.692818446851038E-010
  1.648967329685728E-010
  1.647693390643941E-010
  1.623176890461261E-010
  1.494284620606627E-010
  1.314988357604462E-010
  1.200907510239217E-010
  1.163820158525432E-010
  1.179884245216773E-010
  1.217033323686740E-010
  1.144259469265586E-010
  9.666201970354696E-011
  8.300558679753079E-011
  7.953404490507976E-011
  7.972756567125171E-011
  8.726085104147403E-011
  9.062150568253466E-011
  7.390772451380563E-011
  5.707876090663808E-011
  5.002753821536754E-011
  5.291017161256768E-011
  5.291449619589620E-011
  7.047675365011229E-011
  6.392903120941209E-011
  3.928297100933452E-011
  3.003036296449801E-011
  2.744839969974807E-011
  3.587788938757803E-011
  3.093685031818409E-011
  6.584156341234663E-011
  3.479231382069211E-011
  1.368998259496823E-011
  1.310887634507262E-011
  1.128612425590226E-011
  2.438587789808945E-011
  9.249028868029109E-012
  7.139395688669554E-011
