  8.681970608098585E-002
  8.669537385713091E-002
  8.656237635133196E-002
  8.641487180553420E-002
  8.625015692226759E-002
  8.607648588624520E-002
  8.591294494621687E-002
  8.575881705268695E-002
  8.561420683236290E-002
  8.547203442363935E-002
  8.532986291590899E-002
  8.518846672457317E-002
  8.504984669117677E-002
  8.492100942694347E-002
  8.481150684570254E-002
  8.471489247241440E-002
  8.462904771284879E-002
  8.454220518659514E-002
  8.444086278684487E-002
  8.435201916284196E-002
  8.426746529094875E-002
  8.418831060867951E-002
  8.411089469375471E-002
  8.404119468274068E-002
  8.398184662281397E-002
  8.392122681868885E-002
  8.386385425809573E-002
  8.380023924453092E-002
  8.373538632003880E-002
  8.366658323985093E-002
  8.360635263055724E-002
  8.354172214957220E-002
  8.348220292433814E-002
  8.343152638075679E-002
  8.337985208536119E-002
  8.334362237676257E-002
  8.329405360269318E-002
  8.323932587910368E-002
  8.323041287486943E-002
  8.318386830804214E-002
  8.314526965039129E-002
  8.308708935507428E-002
  8.303252825618307E-002
  8.297817624294301E-002
  8.292581439587599E-002
  8.288681740845455E-002
  8.284047394623717E-002
  8.279550517925482E-002
  8.275350368518242E-002
  8.270956385336864E-002
  8.266244214218163E-002
  8.261962283069707E-002
