  0.147709498511063     
  0.147759904539637     
  0.147813897837317     
  0.147876394799881     
  0.147953910976696     
  0.148044841820996     
  0.148139492241653     
  0.148233182047255     
  0.148319807217531     
  0.148399086620446     
  0.148472912115462     
  0.148540613533134     
  0.148603070004755     
  0.148659536411667     
  0.148707648276719     
  0.148751424654777     
  0.148790087237650     
  0.148824086064820     
  0.148860771057766     
  0.148893916082630     
  0.148928000523113     
  0.148956629684693     
  0.148982883019199     
  0.149005925332080     
  0.149022234373356     
  0.149037530696224     
  0.149050821859721     
  0.149065506272920     
  0.149081952503839     
  0.149099017542046     
  0.149110016859904     
  0.149122823155115     
  0.149130369848457     
  0.149136711147508     
  0.149144353469063     
  0.149146507529448     
  0.149157493260076     
  0.149164241702794     
  0.149173158454754     
  0.149254954847677     
  0.149266949093218     
  0.149355118797182     
  0.149379340149289     
  0.149382493716493     
  0.149384471391364     
  0.149379323531573     
  0.149379761215946     
  0.149379625902940     
  0.149378099686220     
  0.149372744902525     
  0.149370734338445     
  0.149368734759029     
