  2.123217114291133E-002
  2.125657982260561E-002
  2.128754841447920E-002
  2.132072547365828E-002
  2.135382698341094E-002
  2.138046559902230E-002
  2.139824947661604E-002
  2.140979696792305E-002
  2.142032698184837E-002
  2.143637001228544E-002
  2.145657054823425E-002
  2.147979283612175E-002
  2.150689608896765E-002
  2.153198027982593E-002
  2.155073987099651E-002
  2.156300153671143E-002
  2.157296543765072E-002
  2.158930400361949E-002
  2.160604017465191E-002
  2.162181326543927E-002
  2.163332245942342E-002
  2.164671498439834E-002
  2.165985810572785E-002
  2.167517292205392E-002
  2.168848887857135E-002
  2.170033064967458E-002
  2.171545336890281E-002
  2.172998507249755E-002
  2.174603848044983E-002
  2.176071831511622E-002
  2.177940740520715E-002
  2.179437197861714E-002
  2.180768907315252E-002
  2.182578705897238E-002
  2.184309834712070E-002
  2.187340315574334E-002
  2.189209370042572E-002
  2.190184740539312E-002
  2.194519189410419E-002
  2.203427071840524E-002
  2.205215299333084E-002
  2.211356006451218E-002
  2.215025408883585E-002
  2.217398626886215E-002
  2.220004214574249E-002
  2.222698740587508E-002
  2.224681872281359E-002
  2.226550141041539E-002
  2.228866150030652E-002
  2.231037461745605E-002
  2.233154777837940E-002
  2.235206648219716E-002
