 -4.034231549651413E-003
 -3.982076287559795E-003
 -3.919690189726364E-003
 -3.854264765591868E-003
 -3.791113593140298E-003
 -3.740331322790326E-003
 -3.706975807332864E-003
 -3.684369412904881E-003
 -3.662084632155967E-003
 -3.630091219630862E-003
 -3.589560959879858E-003
 -3.541564273658078E-003
 -3.486925339669842E-003
 -3.434881999214650E-003
 -3.393480772200818E-003
 -3.361890992318536E-003
 -3.334880849121543E-003
 -3.297158244194650E-003
 -3.252900895197996E-003
 -3.214089079583368E-003
 -3.182391356806154E-003
 -3.147735013058217E-003
 -3.112233996859622E-003
 -3.076064832193766E-003
 -3.042714524223271E-003
 -3.009108186842500E-003
 -2.972346164927013E-003
 -2.933617566584830E-003
 -2.894481059317561E-003
 -2.854953010669199E-003
 -2.811068106502123E-003
 -2.770066823713561E-003
 -2.729276059685560E-003
 -2.687219175000911E-003
 -2.646856728995718E-003
 -2.597673252974381E-003
 -2.559840907393141E-003
 -2.524654705206265E-003
 -2.483197858055950E-003
 -2.433624552923718E-003
 -2.403663154178031E-003
 -2.380405651905320E-003
 -2.332202823474803E-003
 -2.280158553276478E-003
 -2.226010540758402E-003
 -2.172625007872064E-003
 -2.126922000109751E-003
 -2.082657260822139E-003
 -2.034381307995728E-003
 -1.983368500623301E-003
 -1.933811111979404E-003
 -1.887254151071661E-003
