  0.205472927160901     
  0.198996397195919     
  0.192785875302078     
  0.185241816767772     
  0.178534096236068     
  0.171983671402584     
  0.165628791656017     
  0.159342843977790     
  0.153261825445046     
  0.147246630860457     
  0.141363984695735     
  0.134874250655886     
  0.128645914695749     
  0.123221710105605     
  0.117508344503477     
  0.112648378527981     
  0.107850115611849     
  0.106188680204237     
  0.105938033305399     
  0.105815594197458     
  0.105714185168953     
  0.105616507383494     
  0.105520041413650     
  0.105422565884364     
  0.105326473634547     
  0.105235452731153     
  0.105138946504754     
  0.105042372517061     
  0.104944330294356     
  0.104842469163226     
  0.104735431586933     
  0.104575612327806     
  0.104480260937527     
  0.104344399423130     
  0.104247114057413     
  0.104113859830822     
  0.104013979969821     
  0.103933360315787     
  0.103749948527649     
  0.103577268448715     
  0.103460536381987     
  0.103258258914735     
  0.103135927859465     
  0.103018680830272     
  0.102826303533302     
  0.102689529644293     
  0.102585875994165     
  0.102429559791244     
  0.102319900269716     
  0.102089589231010     
  0.101937757724023     
  0.101772780826686     
