  0.154678215715716     
  0.154713003024548     
  0.154725909824731     
  0.154734553575574     
  0.154737161259535     
  0.154746845491848     
  0.154753887451013     
  0.154761938157191     
  0.154769175631031     
  0.154768620561929     
  0.154758031770657     
  0.154746312827164     
  0.154724221517272     
  0.154698766574503     
  0.154681869340487     
  0.154667429890760     
  0.154650292381725     
  0.154625592522157     
  0.154636289948375     
  0.154614609948048     
  0.154610667909460     
  0.154590907073761     
  0.154568169472023     
  0.154544058835847     
  0.154522766703411     
  0.154499488057139     
  0.154478819562358     
  0.154458215887225     
  0.154438754516278     
  0.154426997371546     
  0.154401505046741     
  0.154380814129623     
  0.154356035955776     
  0.154331189055924     
  0.154307461149403     
  0.154292037817567     
  0.154275511442863     
  0.154253022838981     
  0.154245123317093     
  0.154253525537951     
  0.154242218557883     
  0.154257550746054     
  0.154240838146546     
  0.154209470719201     
  0.154178136640046     
  0.154153622759973     
  0.154128717371968     
  0.154101361246799     
  0.154073800201715     
  0.154043581932531     
  0.154018712979656     
  0.153991643017423     
