  2.840445463128993E-002
  2.838711146948714E-002
  2.836555589360945E-002
  2.814597068140468E-002
  2.814816222168970E-002
  2.813719565900863E-002
  2.809596839441608E-002
  2.804649540571347E-002
  2.788049402804438E-002
  2.777689788336191E-002
  2.769463303191844E-002
  2.762372535570223E-002
  2.750557409029719E-002
  2.736576302258886E-002
  2.723154630472091E-002
  2.259825980486219E-002
  2.244752174028342E-002
  2.228125391584646E-002
  2.199504504322036E-002
  2.191325214093642E-002
  2.180596245074351E-002
  2.170934934267510E-002
  2.156345178222152E-002
  2.151365060066679E-002
  2.142991107253489E-002
  2.136481367932574E-002
  2.128295290434146E-002
  2.680955695458742E-002
  2.115541309020397E-002
  2.109793201564436E-002
  2.104254694710450E-002
  2.097150339733955E-002
  2.088440087206900E-002
  2.083838726546794E-002
  2.051313049466785E-002
  2.050300711762909E-002
  2.045025181327098E-002
  2.040463367010814E-002
  1.990019220351158E-002
  1.995890121628618E-002
  1.977260825314808E-002
  1.951268231067727E-002
  1.952768527744486E-002
  1.952742471794411E-002
  1.931952556907546E-002
  1.896065100846078E-002
  1.862795865109035E-002
  1.831293098759557E-002
  1.770657804987052E-002
  1.733589755910969E-002
  1.743060025838905E-002
  1.618738478846560E-002
