  0.674809726393179     
  0.674591845526641     
  0.674504129828850     
  0.674101758842071     
  0.673812119785720     
  0.673413427727797     
  0.672837337070206     
  0.672159676813813     
  0.671504394966773     
  0.670888355141385     
  0.670317873581384     
  0.669737400930040     
  0.669177645222696     
  0.668662846260334     
  0.668099031917627     
  0.667492554298572     
  0.666847938664919     
  0.666374287886102     
  0.666130429898192     
  0.665734649540106     
  0.665343637458005     
  0.664972640614318     
  0.664613963863928     
  0.664302937969951     
  0.664009034388515     
  0.663687556204501     
  0.663431465163315     
  0.663186483980369     
  0.662981939117299     
  0.662789609240364     
  0.662605943770684     
  0.662387297777788     
  0.662164093513320     
  0.662007901838484     
  0.661856318570525     
  0.661934483005814     
  0.661822981201615     
  0.661597354807624     
  0.661902131576488     
  0.662870545845041     
  0.662815223941584     
  0.663398689854147     
  0.663577163047591     
  0.663550752395916     
  0.663539917569992     
  0.663551308719405     
  0.663519654461365     
  0.663457251658482     
  0.663469794607826     
  0.663423648884556     
  0.663402383485921     
  0.663370515921643     
