  0.340667192049782     
  0.342087687406032     
  0.343644750955789     
  0.345259287334547     
  0.347143308643136     
  0.349126763229094     
  0.351075097125561     
  0.352936985509153     
  0.354749393719518     
  0.356542881894500     
  0.358292680269774     
  0.359948003613037     
  0.361555426330614     
  0.363077854637605     
  0.364449596309520     
  0.365688805856540     
  0.366830300806899     
  0.368019637298294     
  0.369191638105433     
  0.370281983665665     
  0.371293151240891     
  0.372271925319801     
  0.373211069710722     
  0.374131415046938     
  0.375013673383444     
  0.375862924172036     
  0.376713101768147     
  0.377553302143156     
  0.378380912329091     
  0.379193182345538     
  0.380007358644764     
  0.380773154484287     
  0.381523479290904     
  0.382278300421696     
  0.383012399820974     
  0.383858432972938     
  0.384572771491060     
  0.385209261281357     
  0.386137766296908     
  0.387127852646389     
  0.387750005914049     
  0.388441486434626     
  0.389161510932725     
  0.389842866204990     
  0.390521588253492     
  0.391228933277907     
  0.391839389239947     
  0.392418346568894     
  0.393023441905318     
  0.393616453944502     
  0.394199498460497     
  0.394756563505499     
