  0.241751999609727     
  0.241250123767638     
  0.240567016456777     
  0.240147221543250     
  0.239519022038397     
  0.238959211274060     
  0.238587489094347     
  0.238355699019229     
  0.238136629117773     
  0.237895463026331     
  0.237624997220305     
  0.237394838937768     
  0.237160809674626     
  0.236917978965122     
  0.236793306312042     
  0.236757381967454     
  0.236792588901982     
  0.236651765002448     
  0.236314701651198     
  0.236138974261534     
  0.236007960889054     
  0.235858939985647     
  0.235709617100494     
  0.235530037536401     
  0.235366155911603     
  0.235228347817003     
  0.235039011347568     
  0.234835603799297     
  0.234599714922959     
  0.234363510685099     
  0.234115914346862     
  0.233913699784067     
  0.233723308358629     
  0.233478014530999     
  0.233237976455114     
  0.232771856297848     
  0.232517559917185     
  0.232383355303627     
  0.231734433718610     
  0.230402485125642     
  0.230150737822345     
  0.229273029296460     
  0.228744580272566     
  0.228409104843158     
  0.228061090898320     
  0.227709811849732     
  0.227418205036938     
  0.227164588013974     
  0.226836324458156     
  0.226564302063536     
  0.226275948366928     
  0.226008627251561     
