  0.512929223865596     
  0.511906195260128     
  0.511045654147496     
  0.509758726590933     
  0.508488134754727     
  0.510967697073735     
  0.509289342840646     
  0.507491304855267     
  0.505706257477835     
  0.503979646573001     
  0.502323469303395     
  0.500640612935252     
  0.499033492970930     
  0.497529698182081     
  0.496014550558263     
  0.494518135118335     
  0.493033781662313     
  0.491757406891973     
  0.490602545877176     
  0.489462483537889     
  0.488365255384701     
  0.487331412816149     
  0.486336750093969     
  0.485420434906518     
  0.484535783566043     
  0.483648823760118     
  0.482843694508347     
  0.482044533486961     
  0.481294677020452     
  0.480553192704647     
  0.479868531670552     
  0.483667045165084     
  0.482969017709549     
  0.482358821386091     
  0.481770934209477     
  0.481384574683743     
  0.480877757987635     
  0.480256247559392     
  0.480173508179348     
  0.480728476575986     
  0.480323080438191     
  0.480595213110274     
  0.480398277203619     
  0.479993251367286     
  0.479605100553715     
  0.479280573077259     
  0.478905377175656     
  0.478515155828737     
  0.478197947068639     
  0.477819812616375     
  0.477467452296416     
  0.477126672697772     
  0.254758801868989     
  0.253544056161597     
  0.252033727041276     
  0.250774090750661     
  0.249217766822276     
  0.250579596950121     
  0.249455922428441     
  0.248589539023818     
  0.247806647486327     
  0.247000101113289     
  0.246174634101028     
  0.245440476782084     
  0.244681584880945     
  0.243944508743347     
  0.243410472615288     
  0.243032411938341     
  0.242751384812530     
  0.242219167425026     
  0.241569430941728     
  0.241025204257869     
  0.240562948561463     
  0.240066649263605     
  0.239572859340556     
  0.239032516418269     
  0.238520196979123     
  0.238045957146523     
  0.237499062254355     
  0.236944559762744     
  0.236354934705605     
  0.235778529655348     
  0.235143883360160     
  0.237930671765774     
  0.237419160228783     
  0.236823201119128     
  0.236241333406070     
  0.235364288911018     
  0.234762945650061     
  0.234333655592740     
  0.233202208669653     
  0.231235521528342     
  0.230675317237889     
  0.229359175219065     
  0.228425540713149     
  0.227721886124613     
  0.227001249609552     
  0.226264229858068     
  0.225652448602229     
  0.225085886213736     
  0.224422093793153     
  0.223815510524135     
  0.223202868638203     
  0.222619740703562     
  0.232311971898005     
  0.234549746208887     
  0.236920616439374     
  0.239467180283677     
  0.242294096045247     
  0.238452703674495     
  0.241254732427657     
  0.243919153816406     
  0.246487092729907     
  0.249020250005998     
  0.251501894285819     
  0.253918907970585     
  0.256284919833517     
  0.258525790757593     
  0.260574974507448     
  0.262449450622643     
  0.264214831202880     
  0.266023423358651     
  0.267828020854362     
  0.269512309875640     
  0.271071793723638     
  0.272601935588410     
  0.274090388232036     
  0.275547046340037     
  0.276944017118006     
  0.278305216754901     
  0.279657240897065     
  0.281010904408279     
  0.282350385930141     
  0.283668275294430     
  0.284987582621818     
  0.278402280797017     
  0.279611819787951     
  0.280817975219197     
  0.281987730107128     
  0.283251134125152     
  0.284359294080498     
  0.285410094564797     
  0.286624280864597     
  0.288035999604928     
  0.289001600031785     
  0.290045609376357     
  0.291176179786758     
  0.292284860209801     
  0.293393647536521     
  0.294455194762391     
  0.295442171918306     
  0.296398955652284     
  0.297379956831311     
  0.298364674550930     
  0.299329676755231     
  0.300253584287000     
