  8.343827399709321E-002
  8.415803070572064E-002
  8.492885371437305E-002
  8.575101961467831E-002
  8.666885817588280E-002
  8.762736099814340E-002
  8.857517383544646E-002
  8.948462416695845E-002
  9.035897591545312E-002
  9.121618183228486E-002
  9.205712919831169E-002
  9.286776013219139E-002
  9.366154510267782E-002
  9.441917477454370E-002
  9.510766177033160E-002
  9.575006373397467E-002
  9.635947243309902E-002
  9.697394711144988E-002
  9.755486845060982E-002
  9.812637619836009E-002
  9.864840165294084E-002
  9.916841940003433E-002
  9.967641903557732E-002
  0.100167024493648     
  0.100624809699882     
  0.101084095978496     
  0.101529523489117     
  0.101977912220334     
  0.102418345959742     
  0.102846880074537     
  0.103278141882454     
  0.103699002438145     
  0.104112598128051     
  0.104514083630517     
  0.104905704974361     
  0.105293660696337     
  0.105659458881200     
  0.106019289888749     
  0.106363434704902     
  0.106726969029317     
  0.107034038236071     
  0.107328280849393     
  0.107678256679843     
  0.108040142760926     
  0.108398991531688     
  0.108738879430863     
  0.109062140501697     
  0.109378160327545     
  0.109693880934018     
  0.110012049051908     
  0.110321668147151     
  0.110620856826796     
