  0.429409624226073     
  0.428026809238236     
  0.426688150685153     
  0.424865596728539     
  0.422831750973796     
  0.420424373114793     
  0.417767110821819     
  0.414984659022879     
  0.412198625946458     
  0.409456467093334     
  0.406794021892523     
  0.404156355245718     
  0.401623161159917     
  0.399239919738829     
  0.396943066097951     
  0.394757947441743     
  0.392654463676034     
  0.390721216687033     
  0.388912943513651     
  0.387191364126570     
  0.385574525224455     
  0.384036147894751     
  0.382563484751289     
  0.381175315646246     
  0.379840429901280     
  0.378536157299197     
  0.377305264684103     
  0.376090387934464     
  0.374930842858874     
  0.373797038230662     
  0.372711256333149     
  0.371631187274846     
  0.370579444084468     
  0.369609261738436     
  0.368682255444093     
  0.378107190098571     
  0.377292193143604     
  0.376418466756984     
  0.375909384776060     
  0.375874263435286     
  0.375208749795406     
  0.375072702632773     
  0.374536832051049     
  0.373853628380931     
  0.373193896734596     
  0.372594511898225     
  0.372000952490337     
  0.371417576816638     
  0.370885261515085     
  0.370316592734479     
  0.369779320399023     
  0.369269956860601     
  0.209033733019390     
  0.207523882587146     
  0.205675538093212     
  0.203903345837129     
  0.201761951523125     
  0.199668002405811     
  0.197827490249305     
  0.196261122659842     
  0.194826977992184     
  0.193419489404617     
  0.192038150999545     
  0.190761400891037     
  0.189484956473374     
  0.188260987530347     
  0.187240026074981     
  0.186382323707037     
  0.185624378090612     
  0.184663144393121     
  0.183618003438019     
  0.182667310258326     
  0.181806525126111     
  0.180922534945123     
  0.180045777669008     
  0.179143262641496     
  0.178271531377629     
  0.177434926347855     
  0.176542198730004     
  0.175645137280846     
  0.174727480910330     
  0.173827309713955     
  0.172879397640671     
  0.172011607210555     
  0.171166723303282     
  0.170280490202626     
  0.169417004787711     
  0.173869907842893     
  0.173028644587682     
  0.172317661618455     
  0.171173583752590     
  0.169439218053198     
  0.168697205522288     
  0.167491068201925     
  0.166458261449324     
  0.165576770073537     
  0.164689861832183     
  0.163804326938327     
  0.163033796763909     
  0.162309276757822     
  0.161515293389878     
  0.160759166125052     
  0.160007653545993     
  0.159293551677521     
  0.361556638655832     
  0.364449304073437     
  0.367636307117354     
  0.371231053326523     
  0.375406293391549     
  0.379907620364589     
  0.384405394811626     
  0.388754214198203     
  0.392974391940337     
  0.397124039378729     
  0.401167822982080     
  0.405082239734565     
  0.408891878234967     
  0.412499088596165     
  0.415816903689889     
  0.418859724711956     
  0.421721154092147     
  0.424615634776064     
  0.427469048901554     
  0.430141321465987     
  0.432618945498299     
  0.435041313006908     
  0.437390733424453     
  0.439681417554861     
  0.441888034561625     
  0.444028912191391     
  0.446152532421877     
  0.448264470618361     
  0.450341672062169     
  0.452375647884460     
  0.454409341852660     
  0.456357201338845     
  0.458253828434211     
  0.460110243878344     
  0.461900735585205     
  0.448022898051533     
  0.449679158259502     
  0.451263867613581     
  0.452917027457140     
  0.454686514494049     
  0.456094040663111     
  0.457436225144868     
  0.459004902476540     
  0.460569597519742     
  0.462116237404547     
  0.463601157131607     
  0.464965246711471     
  0.466273142388922     
  0.467599441055671     
  0.468924237098270     
  0.470213022010073     
  0.471436487414373     
