  0.176661505110976     
  0.173959589111482     
  0.170794787227943     
  0.166782677607309     
  0.161791782703378     
  0.156141406640246     
  0.150555856682767     
  0.145589925436862     
  0.141482092934560     
  0.138227314955470     
  0.135722870305398     
  0.133774471146984     
  0.132194027349016     
  0.130874335089623     
  0.129733895206267     
  0.128717571642472     
  0.127755991784263     
  0.126776541643764     
  0.125798321669281     
  0.124843955760548     
  0.123928722989765     
  0.122997520200543     
  0.122057710869768     
  0.121106280998456     
  0.120146416890214     
  0.119171630513011     
  0.118164815623563     
  0.117136949479193     
  0.116099934921489     
  0.115060255900130     
  0.114000320877085     
  0.112964010492934     
  0.111938104463898     
  0.110923319907396     
  0.109928640790190     
  0.108914358113863     
  0.107960348054230     
  0.107026439652624     
  0.106091829285487     
  0.105174113902082     
  0.104305239439978     
  0.103524598776423     
  0.102606996112026     
  0.101670164067142     
  0.100736583408540     
  9.981773248264394E-002
  9.895025249533479E-002
  9.810545531727913E-002
  9.726057632778248E-002
  9.641871379003113E-002
  9.560419023900524E-002
  9.482655937980149E-002
  7.845167733651819E-002
  7.647480300844832E-002
  7.406223652365525E-002
  7.117822547516664E-002
  6.776343412351840E-002
  6.429304848454938E-002
  6.120380895006674E-002
  5.868775675653048E-002
  5.672794893659715E-002
  5.521397094067752E-002
  5.403478619008383E-002
  5.308935957439104E-002
  5.226838540617071E-002
  5.153444514153562E-002
  5.088576493768493E-002
  5.029838322362203E-002
  4.974071833625211E-002
  4.913717640306076E-002
  4.851590056724210E-002
  4.791725934617979E-002
  4.734495756127426E-002
  4.676228032055630E-002
  4.617619971177226E-002
  4.558233982093015E-002
  4.498844334094611E-002
  4.439450557275303E-002
  4.378260022400994E-002
  4.316729950041748E-002
  4.255244518674635E-002
  4.194594677569507E-002
  4.133379977965131E-002
  4.074909851498123E-002
  4.017775697494535E-002
  3.961408909838991E-002
  3.906678058191338E-002
  3.849953457027108E-002
  3.798259657389449E-002
  3.749125219301882E-002
  3.696659602316828E-002
  3.640358743270686E-002
  3.595221389943112E-002
  3.550255455007715E-002
  3.501903585124552E-002
  3.454742165929979E-002
  3.408403935982567E-002
  3.363165140309084E-002
  3.321433490895829E-002
  3.281605864298293E-002
  3.241891916250324E-002
  3.203405398607875E-002
  3.166553736681255E-002
  3.131930541857757E-002
  0.744886804639403     
  0.749565594955899     
  0.755142963313630     
  0.762039083973242     
  0.770444770221375     
  0.779565531919070     
  0.788240321410048     
  0.795722304851719     
  0.801789945178028     
  0.806558701158586     
  0.810242330565565     
  0.813136156345703     
  0.815537574317346     
  0.817591206845746     
  0.819380326935873     
  0.820984032215642     
  0.822503276962259     
  0.824086269035975     
  0.825685764845338     
  0.827238771974839     
  0.828726306529958     
  0.830240186558971     
  0.831766076497383     
  0.833311366258148     
  0.834865126844400     
  0.836433850987393     
  0.838052571222365     
  0.839695738087640     
  0.841347606956620     
  0.842993784386476     
  0.844665866402298     
  0.846286878048516     
  0.847884125614447     
  0.849462578044258     
  0.851004565674939     
  0.852586094358990     
  0.854057042412283     
  0.855482295192105     
  0.856941561727659     
  0.858422285709648     
  0.859742533703510     
  0.860972833725401     
  0.862373955088551     
  0.863782401322901     
  0.865179364278338     
  0.866550603156605     
  0.867835399635253     
  0.869078473076714     
  0.870320491543817     
  0.871547219254711     
  0.872730259422184     
  0.873854122227051     
