   1.00680167051858     
   1.00665762752836     
   1.00646756075567     
   1.00626766273861     
   1.00606332655060     
   1.00590109655012     
   1.00579302920624     
   1.00572276138400     
   1.00565639095368     
   1.00555919177427     
   1.00543654922778     
   1.00529525135753     
   1.00513102767558     
   1.00497864102623     
   1.00486467639609     
   1.00478869898955     
   1.00472818193394     
   1.00462922434152     
   1.00452631851251     
   1.00443102429398     
   1.00436046558383     
   1.00427994872251     
   1.00420025187077     
   1.00410751565090     
   1.00402715444471     
   1.00395541079022     
   1.00386426615873     
   1.00377907928791     
   1.00367804948030     
   1.00358943650240     
   1.00347645785709     
   1.00338621663660     
   1.00330538006109     
   1.00319680967641     
   1.00309233216342     
   1.00290912910994     
   1.00279642725661     
   1.00273746408022     
   1.00247619717637     
   1.00194002986590     
   1.00183141925280     
   1.00146510518201     
   1.00124234372778     
   1.00110004402129     
   1.00094368172469     
   1.00078213212680     
   1.00066310028766     
   1.00055095083804     
   1.00041199763883     
   1.00028209198081     
   1.00015504316635     
   1.00003216394975     
