  0.132719978932837     
  0.132724729486658     
  0.132721304543744     
  0.132742701915950     
  0.132750786403596     
  0.132759906596954     
  0.132772158121541     
  0.132787987380676     
  0.132802361013313     
  0.132816071469978     
  0.132828372550812     
  0.132846478924910     
  0.132864256316784     
  0.132878321403899     
  0.132896625960284     
  0.132916381198962     
  0.132939342228894     
  0.132952762399487     
  0.132959502496397     
  0.132969740331192     
  0.132979326436444     
  0.132988688097292     
  0.132997845595667     
  0.133006017788833     
  0.133014004276832     
  0.133023169219120     
  0.133030374584376     
  0.133037389399830     
  0.133042996749757     
  0.133048306505343     
  0.133053370191165     
  0.133060550661160     
  0.133067267121592     
  0.133072975199120     
  0.133077751349208     
  0.133077579349550     
  0.133080836430287     
  0.133087264850264     
  0.133080101281500     
  0.133051225508440     
  0.133053478981016     
  0.133036265186197     
  0.133030967976637     
  0.133032256355005     
  0.133034567397838     
  0.133035174344003     
  0.133036915080473     
  0.133040492281705     
  0.133041398045976     
  0.133046103373200     
  0.133048712923649     
  0.133051825323460     
