  0.133815709275398     
  0.133809951759037     
  0.133803705651196     
  0.133796594971277     
  0.133789481935846     
  0.133783787256292     
  0.133780033186727     
  0.133777559193253     
  0.133775419058552     
  0.133771997973197     
  0.133767710297758     
  0.133762780865640     
  0.133757043694912     
  0.133751811195135     
  0.133747798144203     
  0.133745266151277     
  0.133743147851649     
  0.133739707703153     
  0.133736220627744     
  0.133732792248530     
  0.133730408256183     
  0.133727523898518     
  0.133724744119526     
  0.133721661250757     
  0.133718737699189     
  0.133716235275929     
  0.133713106709673     
  0.133710307714978     
  0.133706629717646     
  0.133703473599133     
  0.133699619535764     
  0.133696414566237     
  0.133693611560713     
  0.133690031050146     
  0.133686414898893     
  0.133680056059879     
  0.133676125291744     
  0.133674066649245     
  0.133664996461405     
  0.133646303995146     
  0.133642444270183     
  0.133629804522883     
  0.133622068735621     
  0.133617164555287     
  0.133611724233737     
  0.133606181407895     
  0.133602031529756     
  0.133598090300862     
  0.133593304037381     
  0.133588725022177     
  0.133584316321737     
  0.133580070269115     
