  1.746527818042824E-002
  1.769295987358180E-002
  1.792025012554044E-002
  1.818685627283239E-002
  1.845251023100064E-002
  1.872751242584669E-002
  1.900318855703486E-002
  1.927725164058434E-002
  1.954445968401118E-002
  1.980722842947197E-002
  2.006364008290083E-002
  2.032955005344562E-002
  2.058526531716906E-002
  2.081647622642520E-002
  2.104621778833575E-002
  2.125003450720646E-002
  2.144744610463450E-002
  2.156720175819314E-002
  2.164990658604106E-002
  2.172511688381419E-002
  2.179468391541571E-002
  2.186112089983526E-002
  2.192487175347831E-002
  2.198522633132355E-002
  2.204093650596136E-002
  2.209583870276565E-002
  2.214762252554172E-002
  2.219973807242245E-002
  2.225080401714784E-002
  2.230067564050346E-002
  2.234808283530510E-002
  2.239677349010205E-002
  2.244211907751548E-002
  2.248600138498662E-002
  2.252784899296646E-002
  2.256810298994033E-002
  2.260704417802606E-002
  2.264523363978918E-002
  2.268209090717634E-002
  2.272384111453670E-002
  2.275701771118917E-002
  2.279637451067573E-002
  2.283222251846516E-002
  2.286730342033692E-002
  2.290321237964663E-002
  2.293420130477133E-002
  2.296477807285820E-002
  2.299593550333727E-002
  2.302471626550498E-002
  2.305623007421177E-002
  2.308557070676442E-002
  2.311418419069477E-002
