  5.857854301715712E-003
  5.934218741599335E-003
  6.010451892106413E-003
  6.099871593908106E-003
  6.188971931477658E-003
  6.281207667629195E-003
  6.373669442029559E-003
  6.465590200252136E-003
  6.555211778017388E-003
  6.643344415244856E-003
  6.729344883805064E-003
  6.818531087925687E-003
  6.904297987378511E-003
  6.981846126343028E-003
  7.058901446207978E-003
  7.127261573717156E-003
  7.193473423494604E-003
  7.233639469698148E-003
  7.261378668958219E-003
  7.286604202831392E-003
  7.309936985230537E-003
  7.332219949804826E-003
  7.353601986116764E-003
  7.373844911525995E-003
  7.392530104099488E-003
  7.410944300907686E-003
  7.428312595066732E-003
  7.445792149490670E-003
  7.462919667351496E-003
  7.479646609824890E-003
  7.495546982961353E-003
  7.511877828580205E-003
  7.527086738598793E-003
  7.541804864524672E-003
  7.555840552241113E-003
  7.569341742825925E-003
  7.582402617309966E-003
  7.595211362785391E-003
  7.607573290266879E-003
  7.621576309815497E-003
  7.632703740332811E-003
  7.645904010880541E-003
  7.657927432693399E-003
  7.669693567181069E-003
  7.681737432133520E-003
  7.692131117620300E-003
  7.702386565636664E-003
  7.712836767819265E-003
  7.722489835450448E-003
  7.733059566890623E-003
  7.742900415048990E-003
  7.752497377559092E-003
