  8.244598089495807E-002
  8.235969966893965E-002
  8.227259360089247E-002
  8.218185721029012E-002
  8.208770055896805E-002
  8.199537616252417E-002
  8.191045351710315E-002
  8.183197523758987E-002
  8.175865833198301E-002
  8.168716107588346E-002
  8.161708651126193E-002
  8.154907135935777E-002
  8.148401229705932E-002
  8.142565676500477E-002
  8.137853218390476E-002
  8.133970900520231E-002
  8.130759354346567E-002
  8.127546956497557E-002
  8.124063179207618E-002
  8.120943848405618E-002
  8.118157149974844E-002
  8.115444250422704E-002
  8.112790289717592E-002
  8.110293908598167E-002
  8.108189215844620E-002
  8.106086119125663E-002
  8.104027568803202E-002
  8.101817651214863E-002
  8.099415064177927E-002
  8.097022149710925E-002
  8.094739254174500E-002
  8.092405083423794E-002
  8.090274642747838E-002
  8.088227846864375E-002
  8.086171286337496E-002
  8.084019800439492E-002
  8.081997668063358E-002
  8.080134149314662E-002
  8.078131484123352E-002
  8.073307048224498E-002
  8.071608287312587E-002
  8.067692499383264E-002
  8.064726563599331E-002
  8.062239163153648E-002
  8.059685579272650E-002
  8.057572917804599E-002
  8.055471271639440E-002
  8.053414797217828E-002
  8.051287802010164E-002
  8.049110769064577E-002
  8.046882534116061E-002
  8.044779623110226E-002
  1.417300150743783E-002
  1.410861210408234E-002
  1.404776567372727E-002
  1.396986118978852E-002
  1.388527859723108E-002
  1.378866450283420E-002
  1.368307372667189E-002
  1.357483645611316E-002
  1.346923915911198E-002
  1.336785717122627E-002
  1.327221971355397E-002
  1.318058327758941E-002
  1.309418182116027E-002
  1.301426347034174E-002
  1.293798974174884E-002
  1.286524060949169E-002
  1.279502375776547E-002
  1.273223455889710E-002
  1.267882492415433E-002
  1.262450572602181E-002
  1.257364569317465E-002
  1.252512458623518E-002
  1.247884758221164E-002
  1.243533432895716E-002
  1.239365677954420E-002
  1.235243472208300E-002
  1.231451244844310E-002
  1.227749995253055E-002
  1.224289855782521E-002
  1.220985725320238E-002
  1.217772712136713E-002
  1.214532987803712E-002
  1.211365118884192E-002
  1.208428368119433E-002
  1.205615648969365E-002
  1.203314442936997E-002
  1.200817090347950E-002
  1.198124503626059E-002
  1.196454926179738E-002
  1.196948403227102E-002
  1.194912813454359E-002
  1.194868928278266E-002
  1.193517285336192E-002
  1.191597331360607E-002
  1.189751904571027E-002
  1.187980285381371E-002
  1.186248126162532E-002
  1.184488217593089E-002
  1.182960840542224E-002
  1.181300620541582E-002
  1.179774015782756E-002
  1.178276263974619E-002
  7.087023045711115E-003
  7.042611900322211E-003
  6.990630989689077E-003
  6.942232721862110E-003
  6.882490517827626E-003
  6.821896452709143E-003
  6.766244786698278E-003
  6.716054389211014E-003
  6.668335761223449E-003
  6.621923719475312E-003
  6.576965167226941E-003
  6.535946664150004E-003
  6.496881846507685E-003
  6.460040475980453E-003
  6.429213594830755E-003
  6.403063993495936E-003
  6.380433006624843E-003
  6.354069958465209E-003
  6.325480958644757E-003
  6.301007684335224E-003
  6.279550304312142E-003
  6.257998669246976E-003
  6.237243697531904E-003
  6.216287323473599E-003
  6.196513703713847E-003
  6.177865206269670E-003
  6.158508089673427E-003
  6.139168343186513E-003
  6.119638816223958E-003
  6.100759965596145E-003
  6.081603338895661E-003
  6.064285919054661E-003
  6.047523658326352E-003
  6.029662866334220E-003
  6.012424114808711E-003
  5.989371339538963E-003
  5.972665518264066E-003
  5.959517494384421E-003
  5.931865419254635E-003
  5.888906601487060E-003
  5.873935674457113E-003
  5.844194938479604E-003
  5.822750292473498E-003
  5.806011994334227E-003
  5.789211805851357E-003
  5.772522282880553E-003
  5.757938360752687E-003
  5.744475978840179E-003
  5.729363181030882E-003
  5.715776737112647E-003
  5.702232469949907E-003
  5.689300063555888E-003
  2.896024757403805E-002
  2.916165835669510E-002
  2.936570622459315E-002
  2.958615481863560E-002
  2.982761433012469E-002
  3.008218039562712E-002
  3.033620234304803E-002
  3.058256715496215E-002
  3.081819516380066E-002
  3.104355826279707E-002
  3.125784483744909E-002
  3.146013750644007E-002
  3.164989751749812E-002
  3.182390858828640E-002
  3.197828450732267E-002
  3.211784724914019E-002
  3.224476804746804E-002
  3.236479254868239E-002
  3.247934659844380E-002
  3.258727467005082E-002
  3.268695110484889E-002
  3.278255933909749E-002
  3.287433775047423E-002
  3.296145987413603E-002
  3.304169038306600E-002
  3.312067667584150E-002
  3.319547626862220E-002
  3.327082913529594E-002
  3.334486050533434E-002
  3.341687711952483E-002
  3.348576635742736E-002
  3.355447500779567E-002
  3.362002572915963E-002
  3.368266972036683E-002
  3.374349597481274E-002
  3.380244517195179E-002
  3.385902522457182E-002
  3.391414465433630E-002
  3.396809227700619E-002
  3.403528573557775E-002
  3.408280919979240E-002
  3.414168050988226E-002
  3.419578211766054E-002
  3.424758901347701E-002
  3.429856897666836E-002
  3.434405358893680E-002
  3.438910396063136E-002
  3.443320943625475E-002
  3.447594741732839E-002
  3.451868187214268E-002
  3.456074493339083E-002
  3.460118907251718E-002
