  1.149456253260040E-003
  1.137369729003918E-003
  1.127009162296917E-003
  1.116489030707449E-003
  1.106397931701166E-003
  1.095669742601184E-003
  1.084058813213928E-003
  1.072125955381116E-003
  1.060990642438976E-003
  1.051497743817662E-003
  1.043594068273588E-003
  1.037042058108475E-003
  1.032070212690951E-003
  1.027941895527706E-003
  1.023778116400453E-003
  1.019405293951661E-003
  1.015329496330601E-003
  1.013141072139458E-003
  1.011936354429119E-003
  1.010565684071616E-003
  1.008689654106316E-003
  1.007398799715183E-003
  1.006412192138837E-003
  1.005640638215763E-003
  1.004984674425319E-003
  1.004397480482678E-003
  1.004334214908683E-003
  1.004633771820263E-003
  1.005081196487690E-003
  1.005757763706173E-003
  1.007130176334327E-003
  1.008272927115750E-003
  1.009664556912199E-003
  1.011136313613167E-003
  1.012625456208806E-003
  1.014897114629277E-003
  1.016286964800855E-003
  1.017817971123017E-003
  1.019174662119381E-003
  1.019557143571448E-003
  1.020488388269293E-003
  1.018314797912888E-003
  1.021097836137459E-003
  1.025198602338712E-003
  1.029568612785284E-003
  1.034073504223311E-003
  1.037795230356192E-003
  1.041374737664465E-003
  1.045507013503374E-003
  1.050152516866754E-003
  1.054773419414374E-003
  1.059022262202796E-003
