  3.496215504350942E-002
  3.495709581592944E-002
  3.495068861394646E-002
  3.494363438587571E-002
  3.493656692110073E-002
  3.493095415696253E-002
  3.492722257137573E-002
  3.492477355647195E-002
  3.492249245902380E-002
  3.491908722238089E-002
  3.491482780857898E-002
  3.490996355438441E-002
  3.490423431891337E-002
  3.489896678911174E-002
  3.489502568993593E-002
  3.489232915275228E-002
  3.489022433595973E-002
  3.488679779930897E-002
  3.488325703373570E-002
  3.487993700528678E-002
  3.487749094231448E-002
  3.487469444666394E-002
  3.487192606932313E-002
  3.486872349144941E-002
  3.486592587875594E-002
  3.486343456704952E-002
  3.486027678456494E-002
  3.485730094431480E-002
  3.485382126883290E-002
  3.485075605797865E-002
  3.484685479234990E-002
  3.484369404992343E-002
  3.484090532014286E-002
  3.483705533532840E-002
  3.483343346700206E-002
  3.482708048492516E-002
  3.482317262951080E-002
  3.482113149935451E-002
  3.481206614452954E-002
  3.479348688399611E-002
  3.478970460796386E-002
  3.477701890410761E-002
  3.476925459755850E-002
  3.476430582822304E-002
  3.475886854198292E-002
  3.475326399317767E-002
  3.474915534914600E-002
  3.474524580786275E-002
  3.474046313975764E-002
  3.473589481708365E-002
  3.473151327602041E-002
  3.472723765298411E-002
