  7.553042174974449E-002
  7.522567732792632E-002
  7.492231501960227E-002
  7.456623271866121E-002
  7.421143285226663E-002
  7.384411300585371E-002
  7.347595261628716E-002
  7.310994379594414E-002
  7.275325513749974E-002
  7.240233790609960E-002
  7.205989752247344E-002
  7.170473616988420E-002
  7.136324607145068E-002
  7.105452205325498E-002
  7.074765321972359E-002
  7.047564091760077E-002
  7.021200398756063E-002
  7.005206867595250E-002
  6.994167833900916E-002
  6.984113415659797E-002
  6.974829641322208E-002
  6.965948860221353E-002
  6.957434431060762E-002
  6.949386651645779E-002
  6.941934521037256E-002
  6.934601770520578E-002
  6.927689480449947E-002
  6.920747654875051E-002
  6.913908476431341E-002
  6.907239529082566E-002
  6.900913492514768E-002
  6.894406919763130E-002
  6.888350042445587E-002
  6.882516946530585E-002
  6.876929188668331E-002
  6.871553084218711E-002
  6.866350586689750E-002
  6.861249014731555E-002
  6.856326611943231E-002
  6.850739968679753E-002
  6.846301821069734E-002
  6.841050709721885E-002
  6.836266418690441E-002
  6.831586173954568E-002
  6.826790587997411E-002
  6.822658499232565E-002
  6.818571154211464E-002
  6.814407222184310E-002
  6.810563479666790E-002
  6.806354056399096E-002
  6.802433192390267E-002
  6.798615104787743E-002
