  2.818257485815594E-002
  2.889596551737606E-002
  2.899530082466378E-002
  2.878550846474832E-002
  2.863018461610377E-002
  2.856989500409787E-002
  2.853849075834189E-002
  2.932207829075854E-002
  2.955818446285935E-002
  2.868210615567253E-002
  2.908541605811704E-002
  2.943447341537982E-002
  2.967070146461232E-002
  2.991037450072553E-002
  2.994972822066316E-002
  2.996603744254081E-002
  2.996252301840448E-002
  2.983148092403068E-002
  2.969001531205316E-002
  2.952797927317203E-002
  2.995700459279022E-002
  2.996261242134579E-002
  3.000043094985005E-002
  2.976590014852468E-002
  2.962312606402411E-002
  3.022464546144870E-002
  3.024365872315418E-002
  3.024750698227452E-002
  3.026384795984506E-002
  3.014866907050473E-002
  3.023115766339263E-002
  3.024613761876113E-002
  3.011251377835815E-002
  3.000072037633850E-002
  3.027422729531611E-002
  3.034782564276698E-002
  3.023936019803884E-002
  3.027108058931198E-002
  3.040233212199845E-002
  3.041877518955190E-002
  3.042965509562186E-002
  3.039816922717776E-002
  3.041138772170004E-002
  3.044042732131427E-002
  3.044383231268793E-002
  3.045773534112304E-002
  3.045909842897946E-002
  3.045843855777260E-002
  3.045764442320879E-002
  3.045758818310348E-002
  3.045611752449520E-002
  3.045383269805619E-002
  4.969390526846078E-002
  4.975182250343754E-002
  4.981823197898158E-002
  4.987300090818095E-002
  4.990642674682130E-002
  4.993004568529456E-002
  5.002191021874115E-002
  5.017931752247068E-002
  5.021704086180568E-002
  5.031472040753750E-002
  5.035846661796951E-002
  5.036411801393516E-002
  5.032173666315271E-002
  5.030093909130031E-002
  5.042652087084972E-002
  5.047916026564631E-002
  5.048601813797367E-002
  5.043949313490469E-002
  5.049578107419131E-002
  5.050510311996657E-002
  5.048470853053824E-002
  5.045140157589172E-002
  5.040685111340994E-002
  5.033641297727563E-002
  5.027627670696114E-002
  5.048763521303186E-002
  5.041740417669627E-002
  5.048519605746522E-002
  5.036961400933939E-002
  5.028939223253472E-002
  5.044712392652115E-002
  5.035411323740988E-002
  5.025210511978426E-002
  5.034581836606186E-002
  5.011242283903287E-002
  5.030926639083377E-002
  5.023461157402674E-002
  5.020963116934957E-002
  5.029252626153640E-002
  5.020833995130777E-002
  5.016443287483007E-002
  5.011981654638328E-002
  5.013031968491700E-002
  5.016731618387607E-002
  5.001010225679534E-002
  4.975045425086801E-002
  4.988149923136835E-002
  4.995014840958876E-002
  4.968550652245208E-002
  4.962192537393704E-002
  4.988092681137690E-002
  4.983886234877467E-002
  6.625551869166220E-002
  6.628932784078456E-002
  6.635871345540865E-002
  6.634791461599247E-002
  6.633585666381650E-002
  6.655688641573644E-002
  6.659638461590968E-002
  6.662331345958336E-002
  6.665217752670823E-002
  6.680169741923085E-002
  6.680399882419912E-002
  6.679220512195044E-002
  6.687864861895271E-002
  6.683845498749327E-002
  6.681425013645627E-002
  6.680407217851514E-002
  6.697391858939931E-002
  6.699468124961412E-002
  6.695625040531986E-002
  6.698925143063135E-002
  6.696543021867515E-002
  6.693895526590300E-002
  6.691093736144754E-002
  6.687986231725671E-002
  6.685279075518613E-002
  6.698302139978846E-002
  6.695000807134632E-002
  6.697761844863530E-002
  6.695510169438725E-002
  6.693717496002924E-002
  6.688625370159179E-002
  6.683934516738425E-002
  6.690676680602320E-002
  6.688645332694192E-002
  6.684035789777494E-002
  6.677690941788327E-002
  6.682772438997744E-002
  6.678797942979650E-002
  6.671407085063659E-002
  6.679244599757432E-002
  6.677109366584169E-002
  6.672953794848600E-002
  6.665082799499709E-002
  6.672426382118923E-002
  6.667282491111692E-002
  6.659736903829382E-002
  6.653642387298286E-002
  6.647821310522155E-002
  6.654809596314534E-002
  6.648429230540405E-002
  6.642266068252445E-002
  6.642990930772243E-002
  9.412238607123032E-002
  9.418376212081349E-002
  9.423905996391815E-002
  9.429364954635695E-002
  9.434387098501976E-002
  9.440094254446235E-002
  9.446096532842020E-002
  9.452245858653810E-002
  9.458187225024051E-002
  9.463457629602626E-002
  9.467258928157628E-002
  9.471162714337035E-002
  9.474384938631994E-002
  9.476996399983420E-002
  9.479676805764854E-002
  9.482392305515688E-002
  9.484974883070624E-002
  9.486873596931006E-002
  9.488081267798973E-002
  9.489424242233194E-002
  9.490786328410922E-002
  9.492000430512869E-002
  9.492467789417919E-002
  9.485607638289931E-002
  9.486504560951187E-002
  9.487424344455825E-002
  9.487302791199234E-002
  9.487721902341451E-002
  9.488031309150158E-002
  9.488132173003073E-002
  9.487827305733468E-002
  9.487768768197270E-002
  9.487651392644733E-002
  9.487623777370920E-002
  9.487436967948118E-002
  9.483184522371392E-002
  9.483055423519177E-002
  9.482616861745087E-002
  9.483401249537775E-002
  9.483097067312554E-002
  9.481691128390433E-002
  9.483059394249181E-002
  9.476941188183662E-002
  9.475616580520245E-002
  9.474172162362135E-002
  9.472521830488087E-002
  9.471224528882181E-002
  9.469505567986383E-002
  9.467011120048111E-002
  9.456722480125750E-002
  9.454993692211403E-002
  9.453449055269611E-002
