  -62.3443488543670     
  -62.3443438535245     
  -62.3442922772088     
  -62.3441150049136     
  -62.3437088741589     
  -62.3429516874356     
  -62.3417051519210     
  -62.3398170764886     
  -62.3371232775722     
  -62.3334494140638     
  -62.3286128794149     
  -62.3224248323181     
  -62.3146924178651     
  -62.3052212085180     
  -62.2938178742115     
  -62.2802930715153     
  -62.2644645224049     
  -62.2461602339124     
  -62.2252217913807     
  -62.2014504651121     
  -62.1745687334162     
  -62.1443882305878     
  -62.1107588282698     
  -62.0735044327120     
  -62.0325283927627     
  -61.9877058763306     
  -61.9387921900925     
  -61.8855537874995     
  -61.8279484122009     
  -61.7658215576618     
  -61.6991039928729     
  -61.6276478124289     
  -61.5512173297116     
  -61.4697947537957     
  -61.3833251498238     
  -61.2917635032152     
  -61.1949077208637     
  -61.0926196398648     
  -60.9849071809253     
  -60.8717440133190     
  -60.7530434474244     
  -60.6285978850050     
  -60.4984430632947     
  -60.3626849718692     
  -60.2212207115332     
  -60.0737701948380     
  -59.9205129821459     
  -59.7614914841332     
  -59.5964536008056     
  -59.4253928774881     
  -59.2485231765718     
  -59.0656981812626     
  -58.8767139672075     
  -58.6818053931057     
  -58.4810685707112     
  -58.2743170908129     
  -58.0615537527537     
  -57.8429753511501     
  -57.6185634831860     
  -57.3884461326866     
  -57.1527331729849     
  -56.9113405930089     
  -56.6644066166765     
  -56.4120770446657     
  -56.1543572879409     
  -55.8914546294810     
  -55.6234634774273     
  -55.3504187288059     
  -55.0725369080310     
  -54.7899216907335     
  -54.5026860746512     
  -54.2110683696033     
  -53.9151996075501     
  -53.6152299730293     
  -53.3113172889010     
  -53.0036432363908     
  -52.6923716618141     
  -52.3776744229387     
  -52.0597608370363     
  -51.7388206683465     
  -51.4150492688154     
  -51.0886267356493     
  -50.7597156385570     
  -50.4285114376655     
  -50.0951931734945     
  -49.7599498222133     
  -49.4229695721197     
  -49.0844386921614     
  -48.7445371361934     
  -48.4034414183300     
  -48.0613251056696     
  -47.7183470568759     
  -47.3746631432025     
  -47.0304274403485     
  -46.6857984565011     
  -46.3409264170314     
  -45.9959597670154     
  -45.6510435711881     
  -45.3063148881263     
  -44.9619073740790     
  -44.6179532553840     
  -44.2745751132174     
  -43.9318925195169     
  -43.5900199855179     
  -43.2490636228375     
  -42.9091275570850     
  -42.5703139767006     
  -42.2327191528457     
  -41.8964351960339     
  -41.5615479225707     
  -41.2281406021273     
  -40.8962920302643     
  -40.5660764604791     
  -40.2375633774071     
  -39.9108179105237     
  -39.5859013733923     
  -39.2628721136292     
  -38.9417864721106     
  -38.6226954831053     
  -38.3056481446015     
  -37.9906899415684     
  -37.6778625104617     
  -37.3672024338799     
  -37.0587457768036     
  -36.7525256595558     
  -36.4485710081883     
  -36.1469094432113     
  -35.8475675906322     
  -35.5505688261686     
  -35.2559328962794     
  -34.9636774440467     
  -34.6738177399061     
  -34.3863670394289     
  -34.1013368085131     
  -33.8187367030951     
  -33.5385739344918     
  -33.2608538926978     
  -32.9855803061460     
  -32.7127551928838     
  -32.4423785988871     
  -32.1744484863543     
  -31.9089633985156     
  -31.6459214351217     
  -31.3853191962336     
  -31.1271516012585     
  -30.8714160673706     
  -30.6181051965396     
  -30.3672087137678     
  -30.1187178267703     
  -29.8726210555037     
  -29.6289063756042     
  -29.3875613683970     
  -29.1485727330000     
  -28.9119272443770     
  -28.6776108829398     
  -28.4456089737887     
  -28.2159069648283     
  -27.9884898030663     
  -27.7633420353907     
  -27.5404480075006     
  -27.3197916408185     
  -27.1013566851448     
  -26.8851262751088     
  -26.6710830223980     
  -26.4592098563585     
  -26.2494891284362     
  -26.0419032585945     
  -25.8364349224800     
  -25.6330660992372     
  -25.4317787159546     
  -25.2325546599128     
  -25.0353753681426     
  -24.8402222627074     
  -24.6470767409134     
  -24.4559199682069     
  -24.2667331805967     
  -24.0794976969322     
  -23.8941956192832     
  -23.7108106125322     
  -23.5293227883877     
  -23.3497132543687     
  -23.1719643701770     
  -22.9960563072292     
  -22.8219704088604     
  -22.6496883837756     
  -22.4791905707971     
  -22.3104583729032     
  -22.1434733357737     
  -21.9782161607401     
  -21.8146684858942     
  -21.6528119834822     
  -21.4926277682589     
  -21.3340977379658     
  -21.1772037916166     
  -21.0219274401021     
  -20.8682508672517     
  -20.7161562427840     
  -20.5656252362295     
  -20.4166402664796     
  -20.2691838024072     
  -20.1232382420871     
  -19.9787908633454     
  -19.8358256528341     
  -19.6943251778381     
  -19.5542762437080     
  -19.4156629298195     
  -19.2784663107966     
  -19.1426685857932     
  -19.0082539763654     
  -18.8752044386975     
  -18.7435029083615     
  -18.6131340036851     
  -18.4840806822771     
  -18.3563265993841     
  -18.2298567098207     
  -18.1046547217420     
  -17.9807048372713     
  -17.8579923977848     
  -17.7365020808977     
  -17.6162186746937     
  -17.4971279029951     
  -17.3792152578790     
  -17.2624661475388     
  -17.1468666760292     
  -17.0324030045388     
  -16.9190611757800     
  -16.8068277015097     
  -16.6956893171071     
  -16.5856326750616     
  -16.4766446703830     
  -16.3687126023629     
  -16.2618237905032     
  -16.1559656486154     
  -16.0511259036746     
  -15.9472923898210     
  -15.8444530290789     
  -15.7425960065754     
  -15.6417096596689     
  -15.5417823984399     
  -15.4428028103392     
  -15.3447596728910     
  -15.2476418765258     
  -15.1514384475472     
  -15.0561385809484     
  -14.9617316186117     
  -14.8682070328764     
  -14.7755544350251     
  -14.6837635722301     
  -14.5928243092354     
  -14.5027266610193     
  -14.4134607969228     
  -14.3250170298819     
  -14.2373856360612     
  -14.1505571032843     
  -14.0645223064362     
  -13.9792719799010     
  -13.8947970064228     
  -13.8110886061228     
  -13.7281380902175     
  -13.6459364003518     
  -13.5644749829959     
  -13.4837456001653     
  -13.4037398289378     
  -13.3244490293656     
  -13.2458652156355     
  -13.1679805473399     
  -13.0907869819828     
  -13.0142764159097     
  -12.9384412906240     
  -12.8632741300168     
  -12.7887672731669     
  -12.7149130839264     
  -12.6417043973150     
  -12.5691340926562     
  -12.4971948997343     
  -12.4258796056417     
  -12.3551813809455     
  -12.2850934070238     
  -12.2156088403438     
  -12.1467207731182     
  -12.0784623003417     
  -12.0108395512900     
  -11.9437902742558     
  -11.8773089219419     
  -11.8114213078135     
  -11.7461351139785     
  -11.6813983397733     
  -11.6172060387035     
  -11.5535798709190     
  -11.4905232446709     
  -11.4279907333056     
  -11.3659790018351     
  -11.3045026452090     
  -11.2435646842256     
  -11.1831297609572     
  -11.1231921717171     
  -11.0637609565717     
  -11.0048392426921     
  -10.9464012291465     
  -10.8884384457258     
  -10.8309553041774     
  -10.7739546398713     
  -10.7174190729621     
  -10.6613383446850     
  -10.6057129277375     
  -10.5505448025580     
  -10.4958232218282     
  -10.4415377573031     
  -10.3876856783352     
  -10.3342675963992     
  -10.2812773286988     
  -10.2287057424435     
  -10.1765479023449     
  -10.1248027369591     
  -10.0734666483121     
  -10.0225325607910     
  -9.97199454948825     
  -9.92184988364766     
  -9.87209594760393     
  -9.82272768920830     
  -9.77373933879858     
  -9.72512693981660     
  -9.67688780182215     
  -9.62901827903766     
  -9.58151346078119     
  -9.53436885175181     
  -9.48758121447556     
  -9.44114752157802     
  -9.39506387637972     
  -9.34932595047361     
  -9.30393003526702     
  -9.25887310192450     
  -9.21415196178946     
  -9.16976286436708     
  -9.12570202056069     
  -9.08196616291812     
  -9.03855235959312     
  -8.99545745954963     
  -8.95267798143657     
  -8.91021053990419     
  -8.86805212772457     
  -8.82619991003360     
  -8.78465085926065     
  -8.74340176167065     
  -8.70244953184925     
  -8.66179136376690     
  -8.62142454158669     
  -8.58134619930866     
  -8.54155336333628     
  -8.50204318574612     
  -8.46281302951835     
  -8.42386031291717     
  -8.38518234013353     
  -8.34677634860018     
  -8.30863968694366     
  -8.27076987065290     
  -8.23316445722381     
  -8.19582092076741     
  -8.15873669633071     
  -8.12190980032427     
  -8.08533880273476     
  -8.04902139897126     
  -8.01295518762906     
  -7.97713768752822     
  -7.94156598977547     
  -7.90623824927352     
  -7.87115229490197     
  -7.83630586926969     
  -7.80169666824073     
  -7.76732204990675     
  -7.73318017449806     
  -7.69926900686325     
  -7.66558642607252     
  -7.63213028531491     
  -7.59889819140776     
  -7.56588829251561     
  -7.53309868497958     
  -7.50052738201394     
  -7.46817237749617     
  -7.43603150054309     
  -7.40410290041064     
  -7.37238478238720     
  -7.34087528990306     
  -7.30957254495202     
  -7.27847456919482     
  -7.24757954433062     
  -7.21688575688352     
  -7.18639147099935     
  -7.15609492723937     
  -7.12599430911294     
  -7.09608786357983     
  -7.06637393973342     
  -7.03685090727944     
  -7.00751712239651     
  -6.97837090643714     
  -6.94941059481726     
  -6.92063459283666     
  -6.89204135078767     
  -6.86362932889063     
  -6.83539697156134     
  -6.80734271259760     
  -6.77946501676084     
  -6.75176239865186     
  -6.72423340161022     
  -6.69687669182707     
  -6.66969054065382     
  -6.64267357027445     
  -6.61582450994379     
  -6.58914183334169     
  -6.56262430877812     
  -6.53627042037672     
  -6.51007877843049     
  -6.48404805833539     
  -6.45817701699738     
  -6.43246426168084     
  -6.40690857016318     
  -6.38150855884691     
  -6.35626294209469     
  -6.33117052453416     
  -6.30622998021932     
  -6.28144016392564     
  -6.25679982019106     
  -6.23230770305829     
  -6.20796260374211     
  -6.18376340163050     
  -6.15970876504837     
  -6.13579772140786     
  -6.11202902558130     
  -6.08840153855615     
  -6.06491411991650     
  -6.04156571852571     
  -6.01835504203094     
  -5.99528122610799     
  -5.97234306938888     
  -5.94953951780057     
  -5.92686949367961     
  -5.90433201327586     
  -5.88192584967639     
  -5.85965020848237     
  -5.83750394080487     
  -5.81548643453031     
  -5.79359698078174     
  -5.77183463899471     
  -5.75019826292285     
  -5.72868700985699     
  -5.70729930632715     
  -5.68603440870964     
  -5.66489162613538     
  -5.64387007128187     
  -5.62296870475438     
  -5.60218667978961     
  -5.58152265027124     
  -5.56097582523628     
  -5.54054552365856     
  -5.52023091778491     
  -5.50003106502227     
  -5.47994512550859     
  -5.45997195888072     
  -5.44011072751773     
  -5.42036075301710     
  -5.40072127103013     
  -5.38119142515266     
  -5.36177039915907     
  -5.34245721799516     
  -5.32325102629725     
  -5.30415113345676     
  -5.28515682852256     
  -5.26626733175651     
  -5.24748186542475     
  -5.22879957585372     
  -5.21021963125665     
  -5.19174132525879     
  -5.17336398537253     
  -5.15508689818446     
  -5.13690933275280     
  -5.11883052372057     
  -5.10084969597780     
  -5.08296613867853     
  -5.06517919529036     
  -5.04748820506558     
  -5.02989248965598     
  -5.01239135560096     
  -4.99498409173019     
  -4.97767000168504     
  -4.96044844085204     
  -4.94331878815348     
  -4.92628041545076     
  -4.90933268764157     
  -4.89247496119218     
  -4.87570658462044     
  -4.85902692001283     
  -4.84243536118337     
  -4.82593131844334     
  -4.80951421221776     
  -4.79318347148116     
  -4.77693849824769     
  -4.76077868963686     
  -4.74470347774206     
  -4.72871231297467     
  -4.71280469923890     
