   1.33636187169804     
   1.33617067857067     
   1.33591839652194     
   1.33565306513043     
   1.33538184280465     
   1.33516650944414     
   1.33502306800759     
   1.33492979915316     
   1.33484170343870     
   1.33471268768403     
   1.33454990008865     
   1.33436235065176     
   1.33414437101047     
   1.33394210306246     
   1.33379083395863     
   1.33368998658006     
   1.33360966024760     
   1.33347831049194     
   1.33334172010846     
   1.33321523287272     
   1.33312157791295     
   1.33301470516268     
   1.33290892083883     
   1.33278582892115     
   1.33267916277719     
   1.33258393500076     
   1.33246295565209     
   1.33234988424045     
   1.33221578396355     
   1.33209816496422     
   1.33194820459137     
   1.33182842437065     
   1.33172112725294     
   1.33157701811334     
   1.33143834158061     
   1.33119516997828     
   1.33104557700076     
   1.33096731318470     
   1.33062052479641     
   1.32990885181102     
   1.32976468927488     
   1.32927846823294     
   1.32898278942883     
   1.32879391022085     
   1.32858636526194     
   1.32837193502276     
   1.32821394004123     
   1.32806508028781     
   1.32788064301203     
   1.32770821484332     
   1.32753957865960     
   1.32737647692397     
