  0.197594133769072     
  0.197392744744571     
  0.197246478717778     
  0.197152734163619     
  0.197106861361806     
  0.197073763392664     
  0.197025302754131     
  0.196972053975648     
  0.196943443134844     
  0.196936994418865     
  0.196960091860705     
  0.197017714857264     
  0.197112714851488     
  0.197211552301526     
  0.197286854317568     
  0.197346995236165     
  0.197408871144539     
  0.197509177071524     
  0.197626649309236     
  0.197731612545773     
  0.197815732547641     
  0.197903477230810     
  0.197990190664295     
  0.198080177127458     
  0.198152807492988     
  0.198221150066100     
  0.198294809205120     
  0.198376478534569     
  0.198467801442223     
  0.198556722339547     
  0.198650325872895     
  0.198738287769095     
  0.198815151442195     
  0.198903099893833     
  0.198988829786110     
  0.199112668140820     
  0.199200015873450     
  0.199259497573738     
  0.199419793474392     
  0.199818171608360     
  0.199897060273374     
  0.200191773624893     
  0.200365295994967     
  0.200482987068592     
  0.200607633103410     
  0.200713485526684     
  0.200806040099588     
  0.200894609904816     
  0.200997009104164     
  0.201094373348703     
  0.201192982563485     
  0.201286250000463     
  0.649210965248906     
  0.649192991726014     
  0.649241112879762     
  0.649341210951774     
  0.649481003438434     
  0.649582265682761     
  0.649642548574101     
  0.649684538169136     
  0.649743223061764     
  0.649848477998063     
  0.650001516325204     
  0.650197726596653     
  0.650435615823426     
  0.650666325566092     
  0.650847315066998     
  0.650991590833834     
  0.651125902125096     
  0.651312107258007     
  0.651521065147480     
  0.651714093220505     
  0.651869738511583     
  0.652035180554474     
  0.652201823081646     
  0.652370590656782     
  0.652510545288262     
  0.652645679147234     
  0.652783689557071     
  0.652937886251308     
  0.653108013352166     
  0.653274875790219     
  0.653449884868371     
  0.653608790633421     
  0.653746629299572     
  0.653896236621400     
  0.654042162264943     
  0.654242219319242     
  0.654387933861956     
  0.654497219243117     
  0.654746109148340     
  0.655377203999288     
  0.655509073039918     
  0.655976659108762     
  0.656266665422213     
  0.656471425348138     
  0.656686236884548     
  0.656866612254240     
  0.657032953175262     
  0.657195262317119     
  0.657376288154117     
  0.657550480307369     
  0.657722116912250     
  0.657884360473746     
  0.875265426352980     
  0.875162593154492     
  0.875082752849587     
  0.875018072618092     
  0.874971141334831     
  0.874929007246327     
  0.874890061816892     
  0.874853911259476     
  0.874823637234544     
  0.874805510474209     
  0.874804522215573     
  0.874818581329892     
  0.874845057571977     
  0.874877508851599     
  0.874904203551593     
  0.874928837892819     
  0.874957011540345     
  0.874992286401445     
  0.875014709131802     
  0.875057678011581     
  0.875090914012017     
  0.875135412628335     
  0.875185258018856     
  0.875230784810993     
  0.875267572416083     
  0.875306408087317     
  0.875336587448055     
  0.875374575338530     
  0.875415188862930     
  0.875452257521292     
  0.875495433308178     
  0.875544775452890     
  0.875590033967735     
  0.875623332838694     
  0.875656333413502     
  0.875666803744593     
  0.875686542012074     
  0.875720583755436     
  0.875690315258082     
  0.875698764177351     
  0.875701241010695     
  0.875704505311309     
  0.875740503959451     
  0.875786142103475     
  0.875831348913042     
  0.875853954459744     
  0.875889883849084     
  0.875929980873960     
  0.875965798641540     
  0.876003556816221     
  0.876036001956748     
  0.876064828054873     
  2.109178401714407E-007
  2.096519972766590E-007
  2.140861853254663E-007
  2.159321217510220E-007
  2.170346537503995E-007
  2.088386301072106E-007
  2.118984687933496E-007
  2.172705321231271E-007
  2.234059874002379E-007
  2.108395360715901E-007
  2.170625150490801E-007
  2.220277314860283E-007
  2.155771793208742E-007
  2.131539640155138E-007
  2.212800400339023E-007
  2.197086250522352E-007
  2.154516352504861E-007
  2.206241767598215E-007
  2.180686174735215E-007
  2.203751347242470E-007
  2.165183926673314E-007
  2.132587222883255E-007
  2.140886416257147E-007
  2.180646792867856E-007
  2.181496944777739E-007
  2.113166436271418E-007
  2.151283452729253E-007
  2.230086332763660E-007
  2.405079216784047E-007
  2.137462794733909E-007
  2.157659854093247E-007
  2.177076656861099E-007
  2.158258967854949E-007
  2.198254953569833E-007
  2.201474909567512E-007
  2.174346231034801E-007
  2.252012709427206E-007
  2.294032748399621E-007
  2.661558061331919E-007
  3.388450556301891E-007
  3.555208267812197E-007
  4.817528087721871E-007
  5.164332111238409E-007
  5.533224450400975E-007
  5.947715798612857E-007
  6.532361127982108E-007
  7.096772753408064E-007
  7.384063341809631E-007
  7.619569739509251E-007
  7.657408733109449E-007
  7.800144121455710E-007
  7.792978614376082E-007
