  0.595626165292406     
  0.595434840603901     
  0.595212142548244     
  0.594977418143982     
  0.594751081917273     
  0.594568928747541     
  0.594449533257755     
  0.594368582723282     
  0.594289800860630     
  0.594175421958761     
  0.594030537142845     
  0.593858862603814     
  0.593663948477607     
  0.593478668238071     
  0.593330758678819     
  0.593219267712451     
  0.593123048297828     
  0.592988750897531     
  0.592831684177477     
  0.592693079995300     
  0.592580831951049     
  0.592457222319338     
  0.592331124190029     
  0.592203494723102     
  0.592084445663652     
  0.591965224184103     
  0.591835110266935     
  0.591698972173901     
  0.591559208070815     
  0.591418766644422     
  0.591263809295612     
  0.591118579304265     
  0.590974343339620     
  0.590827402589241     
  0.590684940239292     
  0.590511359643989     
  0.590377799435561     
  0.590253657789969     
  0.590107553707438     
  0.589932299051077     
  0.589826374028435     
  0.589744808792987     
  0.589575433104713     
  0.589392750877745     
  0.589202509938343     
  0.589015453643090     
  0.588854850094987     
  0.588699433188063     
  0.588530210333629     
  0.588351458560577     
  0.588177810776562     
  0.588015097349987     
