   9.59082619177852     
   9.54869225069082     
   9.50741163972684     
   9.46630461036501     
   9.42604471186332     
   9.38629325746326     
   9.34421102043571     
   9.30268204547017     
   9.26112337919203     
   9.21978591546211     
   9.17895372453906     
   9.13841397178703     
   9.09755042421969     
   9.05643580447300     
   9.01750264217657     
   8.97922865216788     
   8.94103946314092     
   8.90385726208920     
   8.86613117564338     
   8.83058952816600     
   8.79519806853874     
   8.75854179541452     
   8.72074013624368     
   8.68307808351307     
   8.64598538586040     
   8.60878258800762     
   8.57149844410378     
   8.53444888849533     
   8.49798316193135     
   8.46217935177530     
   8.42695144450859     
   8.39199769940346     
   8.35736526100489     
   8.32271411456861     
   8.28807112684821     
   8.25327965995611     
   8.21474837031571     
   8.18062863198325     
   8.14850981801877     
   8.11696801842522     
   8.08698703586130     
   8.05808032939074     
   8.02912299312117     
   7.99802943465834     
   7.96723302499270     
   7.93657005860806     
   7.90574960504313     
   7.87519817558772     
   7.84516572405205     
   7.81544513169625     
   7.78621082605995     
   7.75818394467541     
   6.18408484011569     
   6.17635642672367     
   6.16898206358780     
   6.16141574537248     
   6.15401208158639     
   6.14616184441457     
   6.13790013922176     
   6.13025448241147     
   6.12248451383823     
   6.11490716240099     
   6.10772352224132     
   6.10062521938938     
   6.09319260737910     
   6.08553774924272     
   6.07920180417468     
   6.07315852821811     
   6.06702887074005     
   6.06132854761284     
   6.05536766545313     
   6.05039137379066     
   6.04452385166824     
   6.03904639312888     
   6.03355392570579     
   6.02810229358428     
   6.02300063747060     
   6.01769688229368     
   6.01288775543247     
   6.00829578236068     
   6.00410182374701     
   6.00033549259570     
   5.99696225728972     
   5.99375815429693     
   5.99074774817817     
   5.98757783179016     
   5.98453389074334     
   5.98190214676214     
   5.97629402185852     
   5.97411265662322     
   5.97333701359014     
   5.97280773319699     
   5.97262232047087     
   5.97229213248490     
   5.97164241439402     
   5.97081243133810     
   5.97000479093732     
   5.96893069803522     
   5.96725216138824     
   5.96530879170737     
   5.96313943001831     
   5.96048701901872     
   5.95770630317699     
   5.95387517770349     
                     NaN
                     NaN
                     NaN
                     NaN
                     NaN
                     NaN
                     NaN
                     NaN
                     NaN
                     NaN
                     NaN
                     NaN
                     NaN
                     NaN
                     NaN
                     NaN
                     NaN
                     NaN
                     NaN
                     NaN
                     NaN
                     NaN
                     NaN
                     NaN
                     NaN
                     NaN
                     NaN
                     NaN
                     NaN
                     NaN
                     NaN
                     NaN
                     NaN
                     NaN
                     NaN
                     NaN
                     NaN
                     NaN
                     NaN
                     NaN
                     NaN
                     NaN
                     NaN
                     NaN
                     NaN
                     NaN
                     NaN
                     NaN
                     NaN
                     NaN
                     NaN
                     NaN
   47.2900096547170     
   47.0336069076671     
   46.7771975482340     
   46.5244502423709     
   46.2800110392244     
   46.0452475561499     
   45.7913863189088     
   45.5350631427806     
   45.2811429609262     
   45.0269174557860     
   44.7715635844713     
   44.5177275066451     
   44.2659085105966     
   44.0151386684484     
   43.7705655809683     
   43.5304286927511     
   43.2937290842338     
   43.0629196781419     
   42.8307662494484     
   42.6100578065145     
   42.4086172915521     
   42.1874111986286     
   41.9524878612248     
   41.7192685734376     
   41.4882293355740     
   41.2581111583366     
   41.0205844432322     
   40.7837419825932     
   40.5478995058848     
   40.3137892195944     
   40.0811271105282     
   39.8502820238344     
   39.6207665288777     
   39.3952363866321     
   39.1665733681334     
   38.9299463211085     
   38.6946432473832     
   38.4586959932046     
   38.2220471206841     
   37.9896106670301     
   37.7620745890876     
   37.5486645283344     
   37.3339643538762     
   37.0878365140247     
   36.8397377063515     
   36.5915453412278     
   36.3460078877202     
   36.1001907796429     
   35.8566097004239     
   35.6142676582559     
   35.3806974560967     
   35.1654912357892     
