   1.17315572013121     
   1.17334752000176     
   1.17351668902087     
   1.17371262053355     
   1.17388800348570     
   1.17410080022243     
   1.17432830174942     
   1.17453467618110     
   1.17475214856645     
   1.17497755585270     
   1.17516935024528     
   1.17536939982660     
   1.17559255305565     
   1.17584566350755     
   1.17602445099288     
   1.17620357950869     
   1.17639801850634     
   1.17657771805091     
   1.17678335316423     
   1.17694452669982     
   1.17720913345834     
   1.17741843594532     
   1.17762568108701     
   1.17782191307542     
   1.17801150147698     
   1.17822927731152     
   1.17841632386850     
   1.17858534426623     
   1.17875981797619     
   1.17892417111431     
   1.17908503439244     
   1.17923457533309     
   1.17938004188335     
   1.17953830316637     
   1.17971132429374     
   1.17985937476717     
   1.18024511028545     
   1.18040145416444     
   1.18050534137993     
   1.18058962131623     
   1.18068066862065     
   1.18078765064331     
   1.18090672216159     
   1.18101340514976     
   1.18111370478475     
   1.18122561866126     
   1.18135951119712     
   1.18148800843053     
   1.18162271213498     
   1.18179361308873     
   1.18190074423425     
   1.18209379404430     
   1.12517787507873     
   1.12548694508113     
   1.12576270009742     
   1.12606972536606     
   1.12635802426550     
   1.12669034558158     
   1.12704226250711     
   1.12737030224654     
   1.12771588987214     
   1.12807104645555     
   1.12838758016261     
   1.12871440583534     
   1.12907236786267     
   1.12946726349911     
   1.12977962875191     
   1.13009643435190     
   1.13043452107117     
   1.13075864455452     
   1.13111573427089     
   1.13142359936804     
   1.13185556043374     
   1.13222911943936     
   1.13260350771892     
   1.13296979628521     
   1.13333065639212     
   1.13372482522955     
   1.13408686015475     
   1.13443329087236     
   1.13478578159011     
   1.13512915767962     
   1.13547104284170     
   1.13580450046971     
   1.13613735363968     
   1.13649145587114     
   1.13686278298807     
   1.13720808811011     
   1.13783486604313     
   1.13819686482663     
   1.13849476250908     
   1.13877819698003     
   1.13905664101746     
   1.13935371107895     
   1.13966270923780     
   1.13995561677153     
   1.14023925759222     
   1.14053329047949     
   1.14085337171989     
   1.14116165960294     
   1.14147126911529     
   1.14181202829044     
   1.14209277662233     
   1.14244883483074     
                     NaN
                     NaN
                     NaN
                     NaN
                     NaN
                     NaN
                     NaN
                     NaN
                     NaN
                     NaN
                     NaN
                     NaN
                     NaN
                     NaN
                     NaN
                     NaN
                     NaN
                     NaN
                     NaN
                     NaN
                     NaN
                     NaN
                     NaN
                     NaN
                     NaN
                     NaN
                     NaN
                     NaN
                     NaN
                     NaN
                     NaN
                     NaN
                     NaN
                     NaN
                     NaN
                     NaN
                     NaN
                     NaN
                     NaN
                     NaN
                     NaN
                     NaN
                     NaN
                     NaN
                     NaN
                     NaN
                     NaN
                     NaN
                     NaN
                     NaN
                     NaN
                     NaN
   1.70408114008044     
   1.70533770721352     
   1.70663590057329     
   1.70793855658539     
   1.70923359799872     
   1.71050425687249     
   1.71184404033015     
   1.71320026795430     
   1.71455523898351     
   1.71592864788044     
   1.71732515799419     
   1.71873228478065     
   1.72014770622045     
   1.72158256698242     
   1.72298996151773     
   1.72438622055510     
   1.72579396209318     
   1.72719188896088     
   1.72862060477857     
   1.73002478768229     
   1.73143276851743     
   1.73289933825826     
   1.73440343676769     
   1.73592232204256     
   1.73745784025462     
   1.73901369122066     
   1.74061618753335     
   1.74223784305863     
   1.74388862579129     
   1.74554892957600     
   1.74722128672857     
   1.74891730201089     
   1.75062296860713     
   1.75234175416279     
   1.75408831200002     
   1.75589717378913     
   1.75772384560470     
   1.75953770932558     
   1.76133584284949     
   1.76311031551521     
   1.76487347814460     
   1.76661467048606     
   1.76834811446888     
   1.77017733830147     
   1.77200644693148     
   1.77383302508184     
   1.77563683280859     
   1.77744445858563     
   1.77922323465735     
   1.78096670090203     
   1.78265421040755     
   1.78429758510227     
