  0.643338076304343     
  0.642599897344777     
  0.641866319516320     
  0.641138065013560     
  0.640420732511262     
  0.639725437451208     
  0.638993314849578     
  0.638250526369860     
  0.637515272836318     
  0.636767250237819     
  0.636013548840458     
  0.635260305476431     
  0.634512444116609     
  0.633761586877349     
  0.633017667434291     
  0.632285325892748     
  0.631557898944351     
  0.630839722875345     
  0.630116448790936     
  0.629410596468407     
  0.628763149955821     
  0.628057419272152     
  0.627313397320467     
  0.626576588533996     
  0.625833726646463     
  0.625097334938440     
  0.624338301726032     
  0.623575129550841     
  0.622811907446286     
  0.622056400239316     
  0.621305914134648     
  0.620556329017301     
  0.619810120227058     
  0.619067740886092     
  0.618323003292105     
  0.617559424543421     
  0.616847366850211     
  0.616091972090525     
  0.615346276636854     
  0.614602959976812     
  0.613900530862324     
  0.613245910401581     
  0.612578973729930     
  0.611830833266636     
  0.611080076477536     
  0.610328704669684     
  0.609583346830807     
  0.608835472861668     
  0.608092547878552     
  0.607349128817782     
  0.606629169117654     
  0.605953855039657     
