  0.832331215028319     
  0.831739860996006     
  0.831160422286411     
  0.830589770831623     
  0.830033463033052     
  0.829498470174024     
  0.828921331903579     
  0.828337590578930     
  0.827749906351679     
  0.827160444577040     
  0.826569595649013     
  0.825980453840981     
  0.825390991088342     
  0.824801059439839     
  0.824222998043882     
  0.823649936105739     
  0.823081424709666     
  0.822527299516832     
  0.821962488142710     
  0.821424749998702     
  0.820910409041731     
  0.820361379798663     
  0.819778104627262     
  0.819200763138953     
  0.818630787474542     
  0.818065456576702     
  0.817487740059744     
  0.816907923558547     
  0.816329558449214     
  0.815754827582428     
  0.815177489934745     
  0.814603071314170     
  0.814025116938217     
  0.813449894829066     
  0.812871407422373     
  0.812271335158440     
  0.811642320353368     
  0.811035661628951     
  0.810426101522050     
  0.809819417790083     
  0.809239972882222     
  0.808693017504461     
  0.808149623503763     
  0.807549862988245     
  0.806953393323266     
  0.806365208558824     
  0.805786395278137     
  0.805224799353088     
  0.804674676774208     
  0.804193987704041     
  0.803602760555780     
  0.803148830942513     
