  0.585970726075993     
  0.584629149686285     
  0.583282451835004     
  0.581969780365648     
  0.580680256714752     
  0.579476604474654     
  0.578185791159430     
  0.576844068969523     
  0.575526732871480     
  0.574195128869547     
  0.572828003229423     
  0.571467142331200     
  0.570134682217054     
  0.568823043748464     
  0.567463964684110     
  0.566115401448223     
  0.564796997625890     
  0.563494414326349     
  0.562191776917478     
  0.560899875080975     
  0.559791613786092     
  0.558531432973177     
  0.557188480567726     
  0.555858761551839     
  0.554524681487410     
  0.553236070591745     
  0.551868259152198     
  0.550494264422339     
  0.549116411923148     
  0.547738354028980     
  0.546358861880705     
  0.544986842922274     
  0.543623569271107     
  0.542302770952390     
  0.540981103009861     
  0.539597058077305     
  0.538423649752334     
  0.537040614695544     
  0.535591094110718     
  0.534139801120234     
  0.532740522029764     
  0.531453924873730     
  0.530195633346503     
  0.528763486308140     
  0.527324085342457     
  0.525904462665675     
  0.524528116175377     
  0.523167075993746     
  0.521824312616738     
  0.520519675169027     
  0.519210588995898     
  0.518092274152722     
