  0.786000000000000     
  0.786000000000000     
  0.786000000000000     
  0.786000000000000     
  0.786000000000000     
  0.786000000000000     
  0.786000000000000     
  0.786000000000000     
  0.786000000000000     
  0.786000000000000     
  0.786000000000000     
  0.786000000000000     
  0.786000000000000     
  0.786000000000000     
  0.786000000000000     
  0.786000000000000     
  0.786000000000000     
  0.786000000000000     
  0.786000000000000     
  0.786000000000000     
  0.786000000000000     
  0.786000000000000     
  0.786000000000000     
  0.786000000000000     
  0.786000000000000     
  0.786000000000000     
  0.786000000000000     
  0.786000000000000     
  0.786000000000000     
  0.786000000000000     
  0.786000000000000     
  0.786000000000000     
  0.786000000000000     
  0.786000000000000     
  0.786000000000000     
  0.786000000000000     
  0.786000000000000     
  0.786000000000000     
  0.786000000000000     
  0.786000000000000     
  0.786000000000000     
  0.786000000000000     
  0.786000000000000     
  0.786000000000000     
  0.786000000000000     
  0.786000000000000     
  0.786000000000000     
  0.786000000000000     
  0.786000000000000     
  0.786000000000000     
  0.786000000000000     
  0.786000000000000     
