  0.148091841817077     
  0.147668188937802     
  0.147251549763334     
  0.146836874108290     
  0.146428643605871     
  0.146031535391933     
  0.145606412393202     
  0.145175569647269     
  0.144751828290962     
  0.144327969540480     
  0.143900457742626     
  0.143471760289229     
  0.143039487325847     
  0.142606541016801     
  0.142177878576387     
  0.141751035083888     
  0.141325484665406     
  0.140912452763667     
  0.140500441004526     
  0.140107121083295     
  0.139733518631681     
  0.139328296569230     
  0.138894282775873     
  0.138460579249858     
  0.138027620096613     
  0.137596466310075     
  0.137154998098160     
  0.136712501104908     
  0.136279537375123     
  0.135846862223524     
  0.135414783810689     
  0.134979158294788     
  0.134539787877869     
  0.134099510947543     
  0.133656603209868     
  0.133202717468423     
  0.132749158077429     
  0.132299388576611     
  0.131851761026898     
  0.131408770849522     
  0.130991682784852     
  0.130601584082676     
  0.130202008481109     
  0.129757193734490     
  0.129312722925388     
  0.128870998900946     
  0.128434082980311     
  0.128002780020185     
  0.127579597814564     
  0.127220095365079     
  0.126749000946383     
  0.126383566100888     
  0.542213149502288     
  0.541898269299714     
  0.541581376515412     
  0.541260452715783     
  0.540937969480042     
  0.540615471596038     
  0.540278076950536     
  0.539941884400675     
  0.539609227035819     
  0.539270993711240     
  0.538928517347169     
  0.538584424851260     
  0.538237287973575     
  0.537886344357778     
  0.537545616274283     
  0.537211628896233     
  0.536876094529774     
  0.536543151870905     
  0.536202153480763     
  0.535874184221560     
  0.535553835382419     
  0.535217360836737     
  0.534871344175444     
  0.534525278798631     
  0.534175103300170     
  0.533823217018724     
  0.533463424968901     
  0.533105367762987     
  0.532748809322380     
  0.532398032142241     
  0.532058821605958     
  0.531719919782235     
  0.531388104856210     
  0.531059535124958     
  0.530737260633479     
  0.530415232231626     
  0.530089100130141     
  0.529780280959292     
  0.529499669833596     
  0.529222218708142     
  0.528959596855784     
  0.528711908991221     
  0.528457561639277     
  0.528177431406767     
  0.527897878040255     
  0.527620572437695     
  0.527346944506810     
  0.527078073482070     
  0.526813595076597     
  0.526593013537244     
  0.526286716614274     
  0.526053702733317     
  0.647950000792237     
  0.647755518439386     
  0.647558636743260     
  0.647358364897120     
  0.647155867880399     
  0.646951973028713     
  0.646738390197728     
  0.646526594853122     
  0.646316725835430     
  0.646102359126378     
  0.645884561550038     
  0.645665192461656     
  0.645443209709559     
  0.645218764184330     
  0.645000576002586     
  0.644786932406717     
  0.644571352170713     
  0.644357100295543     
  0.644137054144685     
  0.643925088244503     
  0.643717376065751     
  0.643499050423367     
  0.643274977970214     
  0.643049725782247     
  0.642820549928491     
  0.642589547546543     
  0.642352868981160     
  0.642117625750107     
  0.641883877257950     
  0.641652875850768     
  0.641430929220183     
  0.641207822954788     
  0.640989200207686     
  0.640773279131300     
  0.640561840820452     
  0.640350849563854     
  0.640141525481120     
  0.639942188882813     
  0.639763440542987     
  0.639587200557623     
  0.639419130304902     
  0.639260298993061     
  0.639096877443450     
  0.638916977773887     
  0.638737479258140     
  0.638560554540421     
  0.638388118055928     
  0.638220415916861     
  0.638057113272628     
  0.637946598332203     
  0.637731597993188     
  0.637596009381683     
  0.128608594138388     
  0.128672683594208     
  0.128738507963542     
  0.128805207656207     
  0.128872808471893     
  0.128939590055567     
  0.129008695782924     
  0.129078096067933     
  0.129145298746405     
  0.129214277850297     
  0.129284584950464     
  0.129354701397394     
  0.129424289519635     
  0.129492278644017     
  0.129561201834711     
  0.129629414607206     
  0.129698191477408     
  0.129766322941455     
  0.129835688143690     
  0.129902152059481     
  0.129965373510193     
  0.130033447435795     
  0.130102620445675     
  0.130172399075660     
  0.130243969346367     
  0.130314733392569     
  0.130389080724924     
  0.130462359959435     
  0.130535186742298     
  0.130607339038459     
  0.130676483025458     
  0.130746155673044     
  0.130814077533156     
  0.130880985885798     
  0.130946242967552     
  0.131011009372464     
  0.131075751104860     
  0.131135822764154     
  0.131190320780361     
  0.131243773981109     
  0.131295021193105     
  0.131342889364086     
  0.131393207026198     
  0.131448061848399     
  0.131502637823118     
  0.131555984954403     
  0.131607616791873     
  0.131656088586961     
  0.131702611007259     
  0.131726326476781     
  0.131795749106773     
  0.131830277308951     
