  0.675871301080122     
  0.675270177993863     
  0.674638588963901     
  0.673969958538935     
  0.673326356387861     
  0.672668801868260     
  0.671997821125563     
  0.671368993570278     
  0.670790701591676     
  0.670211483057284     
  0.669625882604625     
  0.669045329400638     
  0.668465756568238     
  0.667890888872705     
  0.667381293496817     
  0.666913394375119     
  0.666458645311947     
  0.666015431715959     
  0.665546067395494     
  0.665133731328374     
  0.664682172750992     
  0.664283484287344     
  0.663938094250443     
  0.663606767243980     
  0.663284650545300     
  0.662973873930945     
  0.662674310107309     
  0.662394427579400     
  0.662145665641566     
  0.661943925393482     
  0.661814937420635     
  0.661738294002730     
  0.661730449514319     
  0.661756072025457     
  0.661795491012443     
  0.661889078999727     
  0.661868787550585     
  0.662016854788813     
  0.662304652085276     
  0.662620925043079     
  0.662904084370830     
  0.663172044878011     
  0.663486110439819     
  0.663808366228052     
  0.664119312602069     
  0.664392112516517     
  0.664616596814601     
  0.664746678988036     
  0.664815227893283     
  0.664501683112976     
  0.664882551579736     
  0.664582650220029     
