  0.152686633026634     
  0.152544574470912     
  0.152401963339989     
  0.152260430857863     
  0.152116930921725     
  0.151976051557838     
  0.151830955461253     
  0.151679782286484     
  0.151529798061393     
  0.151376747250287     
  0.151220688104597     
  0.151064688877730     
  0.150908628480656     
  0.150752196923205     
  0.150593634689208     
  0.150435447949700     
  0.150277297900531     
  0.150118789985608     
  0.149960915666921     
  0.149801018298058     
  0.149657430189055     
  0.149495526083800     
  0.149326258721223     
  0.149154387321111     
  0.148978981719589     
  0.148803941307411     
  0.148621926954211     
  0.148439397300012     
  0.148256493866078     
  0.148072606097102     
  0.147890316405578     
  0.147702389416593     
  0.147513435973223     
  0.147322791135535     
  0.147134570703952     
  0.146943288596828     
  0.146778753947014     
  0.146594473422794     
  0.146413727626514     
  0.146232209004095     
  0.146060639057351     
  0.145897390335539     
  0.145728234326070     
  0.145545515658165     
  0.145363761288270     
  0.145186073298514     
  0.145013568903810     
  0.144850263226120     
  0.144694536342813     
  0.144503773865319     
  0.144389886807132     
  0.144276741519037     
