 -4.138489953597835E-003
 -3.852600243813842E-003
 -3.572045202643870E-003
 -3.296946041898341E-003
 -3.027092599793668E-003
 -2.762119945722286E-003
 -2.503601471786882E-003
 -2.250418555155703E-003
 -2.000100227338708E-003
 -1.756087904657644E-003
 -1.518284322504448E-003
 -1.285318777156985E-003
 -1.057575377378855E-003
 -8.350160953685126E-004
 -6.155490084979731E-004
 -3.986455469109917E-004
 -1.864681084837727E-004
  2.138482871880121E-005
  2.228845065161966E-004
  4.221032373923350E-004
  6.229973611755202E-004
  8.121331635829454E-004
  9.945282077117312E-004
  1.171608395410501E-003
  1.342041799307275E-003
  1.507636035324306E-003
  1.664625037469863E-003
  1.817829694182094E-003
  1.967280337506150E-003
  2.114273365125263E-003
  2.262760909893441E-003
  2.406259924289250E-003
  2.549086171042186E-003
  2.688988754686872E-003
  2.828627654027055E-003
  2.965463496612003E-003
  3.106916493166578E-003
  3.244627625417273E-003
  3.392942706824248E-003
  3.539152093078063E-003
  3.689201336129794E-003
  3.843665835653570E-003
  3.991227241729206E-003
  4.122909993707069E-003
  4.251476324244413E-003
  4.378413839104950E-003
  4.504538567870531E-003
  4.631276053065486E-003
  4.757910330407178E-003
  4.879546928600459E-003
  5.001732694487643E-003
  5.140045983917818E-003
