  0.917122863260516     
  0.917460529422063     
  0.917789306023524     
  0.918120901805874     
  0.918456045574558     
  0.918791838077239     
  0.919141765576808     
  0.919491359788042     
  0.919848151345765     
  0.920207701178860     
  0.920565825915001     
  0.920926135196681     
  0.921295675569485     
  0.921673363725640     
  0.922043127560935     
  0.922416393101128     
  0.922797062970434     
  0.923178203217022     
  0.923569461694063     
  0.923954498887691     
  0.924357409832918     
  0.924768508425814     
  0.925187473120392     
  0.925612523583247     
  0.926040664485265     
  0.926474028216078     
  0.926912909709851     
  0.927358139660109     
  0.927805235511959     
  0.928254267880864     
  0.928706213055763     
  0.929164625572673     
  0.929627826607549     
  0.930101767564911     
  0.930578792853452     
  0.931061840843268     
  0.931584129351156     
  0.932074979922086     
  0.932550083485349     
  0.933030156394460     
  0.933488482358099     
  0.933944654225702     
  0.934396420561669     
  0.934851835511860     
  0.935301408679891     
  0.935745546763416     
  0.936189044043869     
  0.936621972349353     
  0.937042227716967     
  0.937446151125057     
  0.937854567083963     
  0.938233175344209     
