  0.151520220926504     
  0.151699267734754     
  0.151865102851296     
  0.152033272878089     
  0.152191986137688     
  0.152356228697411     
  0.152542575116957     
  0.152717917126195     
  0.152904885791876     
  0.153086260981560     
  0.153255771599605     
  0.153425368631615     
  0.153605165571639     
  0.153793551103232     
  0.153953897133763     
  0.154113192168755     
  0.154277528954141     
  0.154430975656780     
  0.154596646185583     
  0.154734756232938     
  0.154909742782266     
  0.155070396783252     
  0.155239645916549     
  0.155407252306334     
  0.155561951777190     
  0.155726205148516     
  0.155880526207226     
  0.156034748592420     
  0.156185235189904     
  0.156331467069052     
  0.156481684138670     
  0.156623272318249     
  0.156766350274388     
  0.156915602617009     
  0.157069923641368     
  0.157227092534137     
  0.157500965483134     
  0.157674315831261     
  0.157833217750796     
  0.157985867396975     
  0.158132540130242     
  0.158279836907291     
  0.158424184810079     
  0.158576759330081     
  0.158725968305972     
  0.158875729640328     
  0.159031132598505     
  0.159182576068413     
  0.159332435672299     
  0.159442762080709     
  0.159625580128503     
  0.159763991867125     
