  0.701605469280632     
  0.702333981103292     
  0.703085380196616     
  0.703853412792011     
  0.704650091271968     
  0.705448413263943     
  0.706283918127415     
  0.707149437285981     
  0.708037502947565     
  0.708955762224977     
  0.709906314079955     
  0.710880016070032     
  0.711877925949175     
  0.712904875441066     
  0.713950311929961     
  0.715012522789646     
  0.716101147212734     
  0.717218628312459     
  0.726401326810911     
  0.727580238425533     
  0.728777880427420     
  0.730005522221743     
  0.731247205108576     
  0.732522818428253     
  0.733834794139683     
  0.735160001015741     
  0.736530588026490     
  0.737927934913850     
  0.739348097086487     
  0.740792154170985     
  0.742253479978154     
  0.743744679092294     
  0.745252836115570     
  0.746776460869901     
  0.748321827766259     
  0.749902450674507     
  0.751449030253603     
  0.753043026527862     
  0.754629024637916     
  0.756208205332227     
  0.757742057875275     
  0.759269306955617     
  0.760770752479177     
  0.762284303828064     
  0.763779893759378     
  0.765247961260039     
  0.766681691588843     
  0.768085168644889     
  0.769421571442181     
  0.770680044815522     
  0.771940593208914     
  0.773124029076130     
  0.000000000000000E+000
  0.000000000000000E+000
  0.000000000000000E+000
  0.000000000000000E+000
  0.000000000000000E+000
  0.000000000000000E+000
  0.000000000000000E+000
  0.000000000000000E+000
  0.000000000000000E+000
  0.000000000000000E+000
  0.000000000000000E+000
  0.000000000000000E+000
  0.000000000000000E+000
  0.000000000000000E+000
  0.000000000000000E+000
  0.000000000000000E+000
  0.000000000000000E+000
  0.000000000000000E+000
  0.000000000000000E+000
  0.000000000000000E+000
  0.000000000000000E+000
  0.000000000000000E+000
  0.000000000000000E+000
  0.000000000000000E+000
  0.000000000000000E+000
  0.000000000000000E+000
  0.000000000000000E+000
  0.000000000000000E+000
  0.000000000000000E+000
  0.000000000000000E+000
  0.000000000000000E+000
  0.000000000000000E+000
  0.000000000000000E+000
  0.000000000000000E+000
  0.000000000000000E+000
  0.000000000000000E+000
  0.000000000000000E+000
  0.000000000000000E+000
  0.000000000000000E+000
  0.000000000000000E+000
  0.000000000000000E+000
  0.000000000000000E+000
  0.000000000000000E+000
  0.000000000000000E+000
  0.000000000000000E+000
  0.000000000000000E+000
  0.000000000000000E+000
  0.000000000000000E+000
  0.000000000000000E+000
  0.000000000000000E+000
  0.000000000000000E+000
  0.000000000000000E+000
  0.298394526816584     
  0.297666014988252     
  0.296914615889168     
  0.296146583287869     
  0.295349904801789     
  0.294551582803437     
  0.293716077933653     
  0.292850558768744     
  0.291962493100755     
  0.291044233816799     
  0.290093681955248     
  0.289119979958547     
  0.288122070072688     
  0.287095120573889     
  0.286049684078408     
  0.284987473212275     
  0.283898848782560     
  0.282781367676116     
  0.273598669338968     
  0.272419757718091     
  0.271222115709917     
  0.269994473909126     
  0.268752791015757     
  0.267477177689386     
  0.266165201971005     
  0.264839995087768     
  0.263469408069839     
  0.262072061175261     
  0.260651898995399     
  0.259207841903710     
  0.257746516089507     
  0.256255316968105     
  0.254747159937501     
  0.253223535175533     
  0.251678168271615     
  0.250097545355852     
  0.248550965769516     
  0.246956969488015     
  0.245370971371350     
  0.243791790670469     
  0.242257938121240     
  0.240730689034621     
  0.239229243504168     
  0.237715692148249     
  0.236220102209857     
  0.234752034702023     
  0.233318304365962     
  0.231914827302655     
  0.230578424498238     
  0.229319951116532     
  0.228059402716727     
  0.226875966842283     
