  0.796357700304099     
  0.797000158342656     
  0.797648239264463     
  0.798297227436240     
  0.798956637466065     
  0.799606664106854     
  0.800278906140271     
  0.800967527013674     
  0.801662724133772     
  0.802370271043005     
  0.803091300781938     
  0.803822407085886     
  0.804566779819710     
  0.805324144028308     
  0.806103042830807     
  0.806895666600923     
  0.807702578148666     
  0.808519420914716     
  0.809348667687926     
  0.810192844379489     
  0.811033790631734     
  0.811911064825604     
  0.812807097403730     
  0.813717804205677     
  0.814646961661798     
  0.815586326012051     
  0.816556558379432     
  0.817540902684308     
  0.818536827105003     
  0.819547130551974     
  0.820565131376434     
  0.821598914579585     
  0.822642267394442     
  0.823697226805515     
  0.824761030187652     
  0.825850197343066     
  0.826904836359560     
  0.828005983126505     
  0.829098853589337     
  0.830187214281789     
  0.831250485517132     
  0.832295304967801     
  0.833318252053080     
  0.834353973605818     
  0.838917683197460     
  0.839904648545740     
  0.840870585771190     
  0.841823885014386     
  0.842742764639343     
  0.843606446294259     
  0.844482422684737     
  0.845279519401095     
  0.000000000000000E+000
  0.000000000000000E+000
  0.000000000000000E+000
  0.000000000000000E+000
  0.000000000000000E+000
  0.000000000000000E+000
  0.000000000000000E+000
  0.000000000000000E+000
  0.000000000000000E+000
  0.000000000000000E+000
  0.000000000000000E+000
  0.000000000000000E+000
  0.000000000000000E+000
  0.000000000000000E+000
  0.000000000000000E+000
  0.000000000000000E+000
  0.000000000000000E+000
  0.000000000000000E+000
  0.000000000000000E+000
  0.000000000000000E+000
  0.000000000000000E+000
  0.000000000000000E+000
  0.000000000000000E+000
  0.000000000000000E+000
  0.000000000000000E+000
  0.000000000000000E+000
  0.000000000000000E+000
  0.000000000000000E+000
  0.000000000000000E+000
  0.000000000000000E+000
  0.000000000000000E+000
  0.000000000000000E+000
  0.000000000000000E+000
  0.000000000000000E+000
  0.000000000000000E+000
  0.000000000000000E+000
  0.000000000000000E+000
  0.000000000000000E+000
  0.000000000000000E+000
  0.000000000000000E+000
  0.000000000000000E+000
  0.000000000000000E+000
  0.000000000000000E+000
  0.000000000000000E+000
  0.000000000000000E+000
  0.000000000000000E+000
  0.000000000000000E+000
  0.000000000000000E+000
  0.000000000000000E+000
  0.000000000000000E+000
  0.000000000000000E+000
  0.000000000000000E+000
  0.203642297439147     
  0.202999839399910     
  0.202351758477329     
  0.201702770304668     
  0.201043360273832     
  0.200393333631855     
  0.199721091597376     
  0.199032470722932     
  0.198337273601829     
  0.197629726691502     
  0.196908696951405     
  0.196177590646248     
  0.195433217911160     
  0.194675853701221     
  0.193896954897529     
  0.193104331126301     
  0.192297419577369     
  0.191480576810098     
  0.190651330035639     
  0.189807153342812     
  0.188966207089212     
  0.188088932894021     
  0.187192900314704     
  0.186282193511509     
  0.185353036054016     
  0.184413671702315     
  0.183443439333526     
  0.182459095027259     
  0.181463170605231     
  0.180452867157017     
  0.179434866331531     
  0.178401083127261     
  0.177357730311291     
  0.176302770898968     
  0.175238967515649     
  0.174149800359136     
  0.173095161341748     
  0.171994014573946     
  0.170901144110693     
  0.169812783417830     
  0.168749512182084     
  0.167704692730908     
  0.166681745645008     
  0.165646024091742     
  0.161082314576988     
  0.160095349228366     
  0.159129412002485     
  0.158176112758806     
  0.157257233133358     
  0.156393551477249     
  0.155517575086729     
  0.154720478369502     
