  0.123196456050936     
  0.123178297931237     
  0.123160393872127     
  0.123142447614114     
  0.123124364918202     
  0.123106398566621     
  0.123087182958404     
  0.123068689092360     
  0.123050178099147     
  0.123031792054513     
  0.123013690628924     
  0.122995422350121     
  0.122976839304828     
  0.122957459721848     
  0.122939911858580     
  0.122922970776444     
  0.122905756062487     
  0.122888876824714     
  0.122871161701600     
  0.122855830733871     
  0.122838571675521     
  0.122822120569218     
  0.122804941740740     
  0.122788316777373     
  0.122771679012055     
  0.122754333857333     
  0.122737748333799     
  0.122721355468349     
  0.122704901190621     
  0.122689085148768     
  0.122673671828180     
  0.122658767586966     
  0.122644345070675     
  0.122629967540046     
  0.122615615959654     
  0.122601319728509     
  0.122580688208518     
  0.122565928475919     
  0.122552774270617     
  0.122539818338057     
  0.122527694396205     
  0.122516166620950     
  0.122504121764543     
  0.122491218136788     
  0.122478292781621     
  0.122464920776547     
  0.122450745153567     
  0.122435571290668     
  0.122419878917597     
  0.122403855693541     
  0.122388358030611     
  0.122369518046285     
