  2.070731914162061E-003
  2.068877915805077E-003
  2.067038851507812E-003
  2.065171209550348E-003
  2.063371605397753E-003
  2.061579340981737E-003
  2.059671899250311E-003
  2.057648184365908E-003
  2.055656647427647E-003
  2.053641347175601E-003
  2.051595801774486E-003
  2.049540692706808E-003
  2.047458045531836E-003
  2.045340713132855E-003
  2.043292406188538E-003
  2.041265047705018E-003
  2.039249410816096E-003
  2.037276149825195E-003
  2.035202659352738E-003
  2.033237789477504E-003
  2.031275392684026E-003
  2.029230881965037E-003
  2.027106421991904E-003
  2.024993813066620E-003
  2.022909531765666E-003
  2.020839454019425E-003
  2.018703907523799E-003
  2.016569068433101E-003
  2.014437721586854E-003
  2.012331673441707E-003
  2.010241986693046E-003
  2.008189057221477E-003
  2.006180288115428E-003
  2.004174664360067E-003
  2.002189484186574E-003
  2.000151628132810E-003
  1.997912936716223E-003
  1.995880117050672E-003
  1.993935568340651E-003
  1.992032640014833E-003
  1.990160572514281E-003
  1.988380965885805E-003
  1.986673496584787E-003
  1.984783455792280E-003
  1.982910675058468E-003
  1.981070146112268E-003
  1.979269694214311E-003
  1.977546024115638E-003
  1.975854745228203E-003
  1.971935265348022E-003
  1.972566181971049E-003
  1.971182461116220E-003
