  2.684620537741201E-002
  2.694433462858411E-002
  2.702312116982101E-002
  2.710365723499613E-002
  2.716970032649813E-002
  2.722215235501317E-002
  2.728709479283294E-002
  2.728894849939406E-002
  2.743886013538609E-002
  2.745696058080010E-002
  2.757652097482274E-002
  2.763357270164625E-002
  2.763936729136167E-002
  2.752369517650317E-002
  2.755528014918814E-002
  2.750339219629203E-002
  2.755510182348785E-002
  2.789043672901285E-002
  2.795121435427535E-002
  2.793891047791855E-002
  2.782046376738129E-002
  2.773099588720483E-002
  2.817478823852636E-002
  2.811335984483265E-002
  2.817801850325162E-002
  2.828164475146908E-002
  2.829787465821421E-002
  2.785168061839280E-002
  2.786984343991657E-002
  2.784939527353225E-002
  2.840118441422672E-002
  2.842754018473769E-002
  2.843999176773132E-002
  2.843600047342522E-002
  2.823833265318804E-002
  2.843405404643572E-002
  2.710112754331484E-002
  2.725121252719725E-002
  2.754021896792594E-002
  2.754679155965087E-002
  2.452834301097164E-002
  2.784848137885372E-002
  2.807006767590517E-002
  2.822423290385222E-002
  2.745147873490691E-002
  2.784170263352634E-002
  2.799501066115016E-002
  2.821670309139539E-002
  2.825516480255619E-002
  2.817951329774652E-002
  2.829237580737068E-002
  2.523961524673750E-002
  4.639734475977293E-002
  4.655372459729471E-002
  4.665027013618253E-002
  4.670271629471529E-002
  4.674931899920216E-002
  4.675643480623085E-002
  4.684331523020682E-002
  4.675445665647816E-002
  4.677942115839128E-002
  4.679915724508809E-002
  4.679527897015415E-002
  4.681271434953138E-002
  4.682190318663882E-002
  4.682568930361584E-002
  4.706597362092368E-002
  4.706581434369644E-002
  4.705910837382891E-002
  4.712202113198836E-002
  4.713660425853438E-002
  4.706586560299682E-002
  4.715398707807450E-002
  4.716999673324921E-002
  4.714982269597807E-002
  4.713622915552104E-002
  4.714566119789920E-002
  4.710574470732221E-002
  4.709273661393910E-002
  4.706978806309113E-002
  4.709854751696878E-002
  4.707940253309638E-002
  4.700989622415368E-002
  4.701176979296388E-002
  4.700394871155261E-002
  4.702275740198187E-002
  4.695250606467413E-002
  4.699480505974601E-002
  4.693863771041293E-002
  4.695898008875859E-002
  4.696931056618520E-002
  4.698723872576428E-002
  4.699284735899902E-002
  4.702104444692509E-002
  4.704485464975633E-002
  4.702602764208096E-002
  4.703297298430634E-002
  4.703244571260022E-002
  4.698836547537786E-002
  4.701603884957247E-002
  4.701615454227556E-002
  4.699449526667736E-002
  4.698126274777263E-002
  4.698592891594013E-002
  6.229627326846395E-002
  6.231978545188761E-002
  6.235648905324185E-002
  6.256825449193690E-002
  6.259413334620131E-002
  6.261490888526955E-002
  6.268407177861633E-002
  6.273353510408716E-002
  6.277646665090700E-002
  6.279836303111259E-002
  6.275534220787002E-002
  6.274786426610460E-002
  6.272605120798608E-002
  6.287647738566364E-002
  6.288639863464099E-002
  6.286645965865405E-002
  6.285820373704372E-002
  6.284779180136320E-002
  6.283170162872288E-002
  6.296747274028967E-002
  6.296579599863017E-002
  6.295069836225946E-002
  6.298286571066829E-002
  6.295835184759316E-002
  6.292679966598703E-002
  6.289390226757396E-002
  6.291856520906591E-002
  6.285813978252822E-002
  6.281358517317989E-002
  6.277324447325916E-002
  6.274456103187651E-002
  6.271227665366741E-002
  6.268381259602965E-002
  6.263751659495299E-002
  6.275918085261446E-002
  6.274726156100825E-002
  6.271219647376447E-002
  6.269673345962988E-002
  6.270874252317907E-002
  6.272007936482579E-002
  6.257713679506760E-002
  6.273915697285620E-002
  6.259242477038154E-002
  6.268857948164136E-002
  6.269336899747602E-002
  6.268986119495971E-002
  6.271682221725751E-002
  6.267065919345195E-002
  6.269366883399953E-002
  6.266678955855180E-002
  6.265315029427021E-002
  6.265139268925127E-002
  8.998759852587600E-002
  9.004299051760584E-002
  9.009597477280394E-002
  9.014427844645921E-002
  9.019240820673367E-002
  9.022479851029040E-002
  9.025909039961116E-002
  9.029105760292165E-002
  9.032631770050452E-002
  9.035288642720050E-002
  9.036612823622077E-002
  9.038565444944062E-002
  9.040371722063871E-002
  9.041421744285758E-002
  9.042809343068030E-002
  9.044617381642278E-002
  9.044891589611270E-002
  9.046242067334828E-002
  9.046456678072751E-002
  9.047451582987147E-002
  9.048786412089896E-002
  9.049145318403400E-002
  9.047993100957395E-002
  9.046802289259119E-002
  9.045744134383230E-002
  9.044241366097477E-002
  9.042325021653522E-002
  9.040230648117480E-002
  9.036486334339013E-002
  9.034279906455568E-002
  9.032160356062256E-002
  9.030063471836437E-002
  9.028207919253677E-002
  9.025669911851368E-002
  9.023793228564737E-002
  9.021534283183662E-002
  9.037845244357427E-002
  9.036409843285623E-002
  9.036057764049911E-002
  9.035653006712037E-002
  9.035765224551338E-002
  9.036779900764932E-002
  9.037228329217210E-002
  9.035337672090102E-002
  9.033776365274558E-002
  9.035671572497310E-002
  9.034134524976352E-002
  9.032394449954603E-002
  9.030927685123039E-002
  9.029263680689144E-002
  9.027348774943394E-002
  9.026351581017879E-002
