  0.100090357792091     
  0.100160280064338     
  0.100224994536595     
  0.100285349951426     
  0.100342178589568     
  0.100396978983750     
  0.100444238830112     
  0.100487898402353     
  0.100532153916306     
  0.100570797039963     
  0.100603682597495     
  0.100633749933811     
  0.100660618380709     
  0.100684407992952     
  0.100707954880064     
  0.100731938494175     
  0.100753577865066     
  0.100772938426828     
  0.100787728253173     
  0.100802534274152     
  0.100825199632356     
  0.100833543932688     
  0.100836365426005     
  0.100835295438516     
  0.100828768505254     
  0.100820137911729     
  0.100803240265292     
  0.100784682769014     
  0.100765175375248     
  0.100745880449658     
  0.100731697460294     
  0.100714052190507     
  0.100698484968884     
  0.100682315489319     
  0.100667616447246     
  0.100652194874288     
  0.100648431230026     
  0.100639799177930     
  0.100645515039717     
  0.100650911195995     
  0.100662255984957     
  0.100679748087414     
  0.100692373336348     
  0.100689100676330     
  0.100683953114194     
  0.100678047796754     
  0.100671886159039     
  0.100666021882811     
  0.100660987432668     
  0.100643208615227     
  0.100645631534981     
  0.100650720364282     
