  0.438391000064994     
  0.437714995246685     
  0.437033673994491     
  0.436358151390661     
  0.435676916104949     
  0.435013223818232     
  0.434330762776956     
  0.433631609421267     
  0.432944855454950     
  0.432248056394978     
  0.431538086023128     
  0.430831659205718     
  0.430129597879477     
  0.429431175317288     
  0.428728171855453     
  0.428032282510270     
  0.427341311751904     
  0.426651171387863     
  0.425966390751520     
  0.425278543504039     
  0.424663439047199     
  0.423976279474852     
  0.423266072362049     
  0.422548572036462     
  0.421817999366433     
  0.421095695396400     
  0.420345973017409     
  0.419596768757928     
  0.418851831770139     
  0.418109258800538     
  0.417382429790826     
  0.416638191488266     
  0.415897230601288     
  0.415157132373776     
  0.414425425146496     
  0.413686870468942     
  0.413059084996338     
  0.412356549571022     
  0.411677169948784     
  0.410996173386010     
  0.410355961316875     
  0.409748266745661     
  0.409123259151467     
  0.408444778936103     
  0.407767338056009     
  0.407097865331619     
  0.406437574512514     
  0.405789448302444     
  0.405160595316372     
  0.404441450120580     
  0.403919383889136     
  0.403379958925174     
