  0.603457413139971     
  0.602839889226787     
  0.602212498847501     
  0.601580760341868     
  0.600948861416568     
  0.600324393918206     
  0.599679991407059     
  0.599035166209301     
  0.598406035077088     
  0.597767822843840     
  0.597119290915040     
  0.596472987439018     
  0.595827949110841     
  0.595184686978207     
  0.594552535906124     
  0.593933573343232     
  0.593318899517570     
  0.592707432234763     
  0.592092705662702     
  0.591487444171123     
  0.590923856641250     
  0.590318392875067     
  0.589705217371146     
  0.589088905477737     
  0.588464847543692     
  0.587846350415348     
  0.587210325035161     
  0.586578720895264     
  0.585955509545097     
  0.585342972897634     
  0.584756083835113     
  0.584167026387176     
  0.583593267304034     
  0.583026840422021     
  0.582470727296207     
  0.581920765218309     
  0.581423511370785     
  0.580911515452759     
  0.580447586092880     
  0.579989644884345     
  0.579553911300172     
  0.579139582701812     
  0.578720978825295     
  0.578264518321964     
  0.577808321846544     
  0.577353845468782     
  0.576901248444516     
  0.576448985302161     
  0.576002466740148     
  0.575500167874505     
  0.575112200235669     
  0.574687072844118     
