 -3.128225488677758E-003
 -3.091606338153830E-003
 -3.071240767977154E-003
 -3.069612847308394E-003
 -3.080104946513791E-003
 -3.088897866125126E-003
 -3.078794381558730E-003
 -3.054683273783910E-003
 -3.024234157778671E-003
 -3.009491376549369E-003
 -3.009315716582289E-003
 -3.020579238933718E-003
 -3.044402362252289E-003
 -3.069285816171178E-003
 -3.077326872892605E-003
 -3.068932676282712E-003
 -3.051950878549234E-003
 -3.046375753470951E-003
 -3.063947753445798E-003
 -3.090381476609322E-003
 -3.103195437062637E-003
 -3.110780132126146E-003
 -3.122806719411548E-003
 -3.133342277755712E-003
 -3.138088899655299E-003
 -3.138249817207063E-003
 -3.143169249332973E-003
 -3.151714633085086E-003
 -3.167562109599058E-003
 -3.183045020072833E-003
 -3.193324413168800E-003
 -3.185765693611621E-003
 -3.156214328848641E-003
 -3.166943950370037E-003
 -3.182292440450853E-003
 -3.237526693601257E-003
 -3.273866145565736E-003
 -3.284655534188182E-003
 -3.361288504836837E-003
 -3.589064690825258E-003
 -3.664069185457048E-003
 -3.772861490287812E-003
 -3.939254053189318E-003
 -4.019513262586421E-003
 -4.169351168432988E-003
 -4.230751993636442E-003
 -4.320679509638777E-003
 -4.453617459211913E-003
 -4.510067388257192E-003
 -4.582537358407014E-003
 -4.648793631872413E-003
 -4.716846350536411E-003
