   8.16258868452494     
   8.14644211325936     
   8.13528563106385     
   8.12519278121405     
   8.11632090675965     
   8.10893285474477     
   8.10278170015848     
   8.09793147733910     
   8.09376534570615     
   8.09007132430908     
   8.08684947087650     
   8.08396412380908     
   8.08134082971835     
   8.07892795663534     
   8.07668939014796     
   8.07461036796079     
   8.07268349185936     
   8.07089418364816     
   8.06924300098331     
   8.06771016624216     
   8.06628417204249     
   8.06496622412322     
   8.06377222524342     
   8.06265192611655     
   8.06160624432514     
   8.06063543787859     
   8.05973617645692     
   8.05890478299655     
   8.05813676717185     
   8.05743155751856     
   8.05677466911439     
   8.05616578545452     
   8.05560603428484     
   8.05509491678293     
   8.05462538825625     
   8.05419427545250     
   8.05380604571361     
   8.05346517256313     
   8.05314762832326     
   8.05285801395747     
   8.05259330925701     
   8.05235390154244     
   8.05213610423048     
   8.05193808451010     
   8.05175813055900     
   8.05159452385155     
   8.05144624127007     
   8.05131166627307     
   8.05119009465796     
   8.05107886411992     
   8.05098151642206     
   8.05089235003981     
   8.05081124230392     
   8.05073745812909     
   8.05067030511841     
   8.05060906832460     
   8.05055332257169     
   8.05050245520779     
   8.05045605661093     
   8.05041363714896     
   8.05037519799303     
   8.05033956291462     
   8.05030693778945     
   8.05027720709390     
   8.05024995167831     
   8.05022502877211     
   8.05020228249268     
   8.05018116561538     
   8.05016179194096     
   8.05014404144046     
   8.05012780035070     
   8.05011263360066     
   8.05009863345321     
   8.05008575064629     
   8.05007390371701     
   8.05006301499185     
   8.05005300151816     
   8.05004372282036     
   8.05003517607086     
   8.05002727614302     
   8.05001994470147     
   8.05001314205431     
   8.05000686525444     
   8.05000102364294     
   8.04999562642859     
   8.04999059103226     
   8.04998590279099     
   8.04998154000023     
   8.04997748855737     
   8.04997371634153     
   8.04997018256426     
   8.04996691774095     
   8.04996383024949     
   8.04996096243218     
   8.04995823542205     
   8.04995572438259     
   8.04995330264974     
   8.04995103666666     
   8.04994889653215     
   8.04984642722615     
