  0.132884379166802     
  0.132928802300791     
  0.132964199781929     
  0.132986943865643     
  0.133001044327727     
  0.133010258319280     
  0.133015852845409     
  0.133019818154853     
  0.133021936277976     
  0.133022845847531     
  0.133024755357763     
  0.133023671311656     
  0.133021984391439     
  0.133019896237932     
  0.133017506277190     
  0.133014906470082     
  0.133010823430779     
  0.133008775665962     
  0.133006003624932     
  0.133003287218823     
  0.133000586870743     
  0.132997414951057     
  0.132994822595733     
  0.132992229754855     
  0.132989664343671     
  0.132987163124615     
  0.132984749727027     
  0.132982438902365     
  0.132980921184680     
  0.132978822450580     
  0.132976846275826     
  0.132974984217669     
  0.132973221644291     
  0.132971582124547     
  0.132971194404592     
  0.132969782204349     
  0.132968461196525     
  0.132967177508338     
  0.132966033659315     
  0.132964961569116     
  0.132963955899546     
  0.132963027818417     
  0.132962168135266     
  0.132961376558871     
  0.132960650144748     
  0.132959981887167     
  0.132959368973755     
  0.132958808505172     
  0.132958294118122     
  0.132957822550510     
  0.132957387159756     
  0.132956988087770     
  0.132956622931980     
  0.132956288883507     
  0.132955981728558     
  0.132955699738942     
  0.132955441884914     
  0.132955204903234     
  0.132954987551010     
  0.132954786593833     
  0.132954604291745     
  0.132954435382612     
  0.132954280745995     
  0.132954138517328     
  0.132954006264361     
  0.132953885798138     
  0.132953773756085     
  0.132953670649301     
  0.132953575183204     
  0.132953488135175     
  0.132953406553583     
  0.132953331703722     
  0.132953261748156     
  0.132953196885424     
  0.132953137250502     
  0.132953081283858     
  0.132953030431710     
  0.132952982938917     
  0.132952939297761     
  0.132952897988470     
  0.132952859769681     
  0.132952824100459     
  0.132952791239093     
  0.132952760091660     
  0.132952732509127     
  0.132952705043863     
  0.132952679851292     
  0.132952656249556     
  0.132952634324131     
  0.132952614380805     
  0.132952595243141     
  0.132952577181667     
  0.132952559941041     
  0.132952543949078     
  0.132952527955714     
  0.132952512973689     
  0.132952497255586     
  0.132952481576272     
  0.132952464519836     
  0.132952144796763     
