  7.078955427971721E-002
  7.066675967009277E-002
  7.057357045667742E-002
  7.052681302035516E-002
  7.049578835998976E-002
  7.047347210727727E-002
  7.045388770095376E-002
  7.043782012442053E-002
  7.042483058192746E-002
  7.041507794673046E-002
  7.040444345347047E-002
  7.039740907854748E-002
  7.039108881343203E-002
  7.038539562403759E-002
  7.038031590696527E-002
  7.037560112625346E-002
  7.037248377453012E-002
  7.036785632467647E-002
  7.036424990361337E-002
  7.036088025870339E-002
  7.035776348684654E-002
  7.035510511041107E-002
  7.035247629200202E-002
  7.035006020288156E-002
  7.034785068594045E-002
  7.034583245160382E-002
  7.034398898232244E-002
  7.034230535279627E-002
  7.034002349450452E-002
  7.033859404918419E-002
  7.033722033582453E-002
  7.033604733660685E-002
  7.033500267010605E-002
  7.033403556667113E-002
  7.033178114483901E-002
  7.033097281647721E-002
  7.033022254294269E-002
  7.032957652246204E-002
  7.032894788371920E-002
  7.032837936831207E-002
  7.032786109267040E-002
  7.032738937626822E-002
  7.032696054353059E-002
  7.032656890250204E-002
  7.032621008155954E-002
  7.032588235348819E-002
  7.032558444997819E-002
  7.032531187325933E-002
  7.032506354733879E-002
  7.032483658535453E-002
  7.032463596658590E-002
  7.032445232621484E-002
  7.032428294907669E-002
  7.032412782769214E-002
  7.032398596497701E-002
  7.032385704739214E-002
  7.032373846701574E-002
  7.032363023154800E-002
  7.032353070999836E-002
  7.032344128413080E-002
  7.032335815335522E-002
  7.032328129330877E-002
  7.032321158507943E-002
  7.032314808005495E-002
  7.032309003187311E-002
  7.032303641397024E-002
  7.032298905686916E-002
  7.032294394147086E-002
  7.032290306579134E-002
  7.032286532693544E-002
  7.032283171969926E-002
  7.032280117949960E-002
  7.032277233523498E-002
  7.032274657568482E-002
  7.032272266922089E-002
  7.032270097292043E-002
  7.032268088977557E-002
  7.032266317714116E-002
  7.032264548189512E-002
  7.032262956249567E-002
  7.032261629906292E-002
  7.032260381163861E-002
  7.032259200691089E-002
  7.032258006085293E-002
  7.032257091977681E-002
  7.032256072157317E-002
  7.032255217067035E-002
  7.032254466509133E-002
  7.032253720289804E-002
  7.032253051548493E-002
  7.032252409790195E-002
  7.032251797831575E-002
  7.032251152511491E-002
  7.032250588445223E-002
  7.032250103314500E-002
  7.032249582163168E-002
  7.032249143590062E-002
  7.032248595096749E-002
  7.032247947888859E-002
  7.005210424888625E-002
