  0.133900088733900     
  0.133996456854101     
  0.134038711384736     
  0.134068532491236     
  0.134084358918095     
  0.134094178206820     
  0.134097321878642     
  0.134098066927439     
  0.134095672666005     
  0.134092177407608     
  0.134088482594818     
  0.134083074754954     
  0.134077555734216     
  0.134072286070299     
  0.134067470770569     
  0.134063005694038     
  0.134057636809423     
  0.134054135173362     
  0.134050674901294     
  0.134047437056926     
  0.134044422145521     
  0.134041836772915     
  0.134039307987199     
  0.134036966274364     
  0.134034808496032     
  0.134032822916809     
  0.134030997265192     
  0.134029319251823     
  0.134028054346651     
  0.134026634734315     
  0.134025265903193     
  0.134024076635615     
  0.134022933399809     
  0.134021859274864     
  0.134021538754097     
  0.134020649885051     
  0.134019841145686     
  0.134019136187525     
  0.134018442703946     
  0.134017803231404     
  0.134017209029460     
  0.134016659499512     
  0.134016153128796     
  0.134015684685140     
  0.134015250230641     
  0.134014848247966     
  0.134014477916425     
  0.134014134567626     
  0.134013817707104     
  0.134013523725858     
  0.134013258787477     
  0.134013012732518     
  0.134012783080247     
  0.134012570072018     
  0.134012372899656     
  0.134012190729638     
  0.134012021900597     
  0.134011865255387     
  0.134011720493166     
  0.134011587965256     
  0.134011464301572     
  0.134011349022976     
  0.134011243329661     
  0.134011146073763     
  0.134011056404049     
  0.134010973393839     
  0.134010898677335     
  0.134010827743115     
  0.134010763076672     
  0.134010703269322     
  0.134010649105622     
  0.134010599666721     
  0.134010553112070     
  0.134010511176238     
  0.134010472478614     
  0.134010437069331     
  0.134010404373863     
  0.134010375313397     
  0.134010346635573     
  0.134010320955011     
  0.134010298795869     
  0.134010278225192     
  0.134010258769206     
  0.134010240098469     
  0.134010224417094     
  0.134010208612383     
  0.134010195012827     
  0.134010182720588     
  0.134010171101083     
  0.134010160480351     
  0.134010150455549     
  0.134010141522428     
  0.134010132219437     
  0.134010124197290     
  0.134010117371246     
  0.134010110585041     
  0.134010105478778     
  0.134010100088819     
  0.134010095293605     
  0.133739569420691     
