  7.048475900818108E-003
  7.109263993566577E-003
  7.147253702117952E-003
  7.170082318359385E-003
  7.185013834037454E-003
  7.195721182650596E-003
  7.203625254667490E-003
  7.209580151334213E-003
  7.213729646127906E-003
  7.216622074994244E-003
  7.219518259496706E-003
  7.220957844722165E-003
  7.222097905473489E-003
  7.223068335931523E-003
  7.223936686054961E-003
  7.224744398173712E-003
  7.224869737383219E-003
  7.225794342671054E-003
  7.226423051946592E-003
  7.227006417070740E-003
  7.227544043183928E-003
  7.228035334881361E-003
  7.228489394750572E-003
  7.228910646337706E-003
  7.229299391186995E-003
  7.229656522617776E-003
  7.229984300725319E-003
  7.230284671008202E-003
  7.230816295776861E-003
  7.231072455315389E-003
  7.231309937887939E-003
  7.231524897090036E-003
  7.231701522812414E-003
  7.231858517316014E-003
  7.232513867188539E-003
  7.232647979047150E-003
  7.232772916030827E-003
  7.232880762376640E-003
  7.232978750257681E-003
  7.233065044023657E-003
  7.233141086333722E-003
  7.233207522704316E-003
  7.233266148231387E-003
  7.233317853575424E-003
  7.233363361876161E-003
  7.233403302707826E-003
  7.233438122134229E-003
  7.233468428131980E-003
  7.233494595872205E-003
  7.233517385617105E-003
  7.233535590291186E-003
  7.233551359228543E-003
  7.233564839241234E-003
  7.233576376923775E-003
  7.233586191078460E-003
  7.233594469416777E-003
  7.233601518295994E-003
  7.233607452031312E-003
  7.233612457965517E-003
  7.233616656572016E-003
  7.233620158887221E-003
  7.233623268805434E-003
  7.233625927977163E-003
  7.233628142728878E-003
  7.233630003625086E-003
  7.233631620549778E-003
  7.233632959500890E-003
  7.233634222341410E-003
  7.233635319680775E-003
  7.233636300942235E-003
  7.233637111259818E-003
  7.233637947612516E-003
  7.233638765661677E-003
  7.233639472634753E-003
  7.233640155100904E-003
  7.233640802322868E-003
  7.233641403917750E-003
  7.233642004031105E-003
  7.233642560510332E-003
  7.233643083426805E-003
  7.233643623841474E-003
  7.233644125833521E-003
  7.233644668549945E-003
  7.233645147262463E-003
  7.233645626969164E-003
  7.233646120306750E-003
  7.233646577365668E-003
  7.233647023716997E-003
  7.233647438358473E-003
  7.233647913294010E-003
  7.233648359968231E-003
  7.233648813516510E-003
  7.233649254330120E-003
  7.233649689112270E-003
  7.233650169681384E-003
  7.233650689883359E-003
  7.233651287300397E-003
  7.233652088583769E-003
  7.233653252442853E-003
  7.233661359080042E-003
