  2.101513387244506E-002
  2.119637445905348E-002
  2.130964133010718E-002
  2.137770518294390E-002
  2.142222371507915E-002
  2.145414783139708E-002
  2.147771393758919E-002
  2.149546854899877E-002
  2.150784032834789E-002
  2.151646414726958E-002
  2.152509916367536E-002
  2.152939130805683E-002
  2.153279041584198E-002
  2.153568376843018E-002
  2.153827276700925E-002
  2.154068097249167E-002
  2.154105467317569E-002
  2.154381139734923E-002
  2.154568590323941E-002
  2.154742521487966E-002
  2.154902815499081E-002
  2.155049294836435E-002
  2.155184673449794E-002
  2.155310270225868E-002
  2.155426175070664E-002
  2.155532654328518E-002
  2.155630381850135E-002
  2.155719937688780E-002
  2.155878442390204E-002
  2.155954816730902E-002
  2.156025622506840E-002
  2.156089712906992E-002
  2.156142374124168E-002
  2.156189182264762E-002
  2.156384575786665E-002
  2.156424561433273E-002
  2.156461811577435E-002
  2.156493966123002E-002
  2.156523181352909E-002
  2.156548909965334E-002
  2.156571582091167E-002
  2.156591390192139E-002
  2.156608869478614E-002
  2.156624285502520E-002
  2.156637853868841E-002
  2.156649762286122E-002
  2.156660143749037E-002
  2.156669179526497E-002
  2.156676981476470E-002
  2.156683776272196E-002
  2.156689204022369E-002
  2.156693905554061E-002
  2.156697924639598E-002
  2.156701364616463E-002
  2.156704290721033E-002
  2.156706758919744E-002
  2.156708860553397E-002
  2.156710629705245E-002
  2.156712122231816E-002
  2.156713374052430E-002
  2.156714418272865E-002
  2.156715345499522E-002
  2.156716138335449E-002
  2.156716798666927E-002
  2.156717353495792E-002
  2.156717835584255E-002
  2.156718234794511E-002
  2.156718611312256E-002
  2.156718938485589E-002
  2.156719231050135E-002
  2.156719472647489E-002
  2.156719722007272E-002
  2.156719965909821E-002
  2.156720176694905E-002
  2.156720380173156E-002
  2.156720573143363E-002
  2.156720752509722E-002
  2.156720931434378E-002
  2.156721097349502E-002
  2.156721253257804E-002
  2.156721414383201E-002
  2.156721564052881E-002
  2.156721725864594E-002
  2.156721868593424E-002
  2.156722011618710E-002
  2.156722158708006E-002
  2.156722294980779E-002
  2.156722428061098E-002
  2.156722551687048E-002
  2.156722693289776E-002
  2.156722826466310E-002
  2.156722961692417E-002
  2.156723093121671E-002
  2.156723222752567E-002
  2.156723366034989E-002
  2.156723521133952E-002
  2.156723699254687E-002
  2.156723938158532E-002
  2.156724285164801E-002
  2.156726702170547E-002
