   1.33960411072272     
   1.33873032916174     
   1.33812604798820     
   1.33757883439096     
   1.33709734107995     
   1.33669609314838     
   1.33636179071693     
   1.33609804433643     
   1.33587136995012     
   1.33567029733705     
   1.33549481737291     
   1.33533759197369     
   1.33519460569394     
   1.33506303695337     
   1.33494093455338     
   1.33482750323531     
   1.33472234211741     
   1.33462467247072     
   1.33453450955734     
   1.33445078793008     
   1.33437289392606     
   1.33430091686344     
   1.33423565823588     
   1.33417442308213     
   1.33411726607887     
   1.33406419578808     
   1.33401503257962     
   1.33396957719675     
   1.33392758507432     
   1.33388902025860     
   1.33385310005271     
   1.33381980804878     
   1.33378920278923     
   1.33376125487092     
   1.33373558590687     
   1.33371201284267     
   1.33369081262191     
   1.33367215256893     
   1.33365478224148     
   1.33363895286721     
   1.33362448128189     
   1.33361140670696     
   1.33359951594671     
   1.33358870322131     
   1.33357887564476     
   1.33356993868136     
   1.33356184384973     
   1.33355449678506     
   1.33354785583766     
   1.33354177489632     
   1.33353652057294     
   1.33353169460738     
   1.33352729990430     
   1.33352329784868     
   1.33351965290331     
   1.33351632565235     
   1.33351329198723     
   1.33351052029249     
   1.33350798876496     
   1.33350567183274     
   1.33350356979885     
   1.33350161068179     
   1.33349981479325     
   1.33349817570681     
   1.33349667172111     
   1.33349529390068     
   1.33349403768481     
   1.33349286424704     
   1.33349178747668     
   1.33349079929577     
   1.33348989755768     
   1.33348904932384     
   1.33348826485992     
   1.33348754351803     
   1.33348688083002     
   1.33348627094088     
   1.33348571035477     
   1.33348519128738     
   1.33348471212679     
   1.33348427070628     
   1.33348386100847     
   1.33348348201405     
   1.33348313076474     
   1.33348280514038     
   1.33348250458087     
   1.33348222474967     
   1.33348196484405     
   1.33348172350367     
   1.33348149958440     
   1.33348129109100     
   1.33348109627874     
   1.33348091766977     
   1.33348074767532     
   1.33348059087823     
   1.33348044236711     
   1.33348030431934     
   1.33348017374271     
   1.33348005066227     
   1.33347993447765     
   1.33347448151484     
