   3.01612022073673     
   3.01614179329491     
   3.01614179329491     
   3.01614179329491     
   3.01614179329491     
   3.01614179329491     
   3.01614179329491     
   3.01614179329491     
   3.01614179329491     
   3.01614179329491     
   3.01614179329491     
   3.01614179329491     
   3.01614179329491     
   3.01614179329491     
   3.01614179329491     
   3.01614179329491     
   3.01614179329491     
   3.01614179329491     
   3.01614179329491     
   3.01614179329491     
   3.01614179329491     
   3.01614179329491     
   3.01614179329491     
   3.01614179329491     
   3.01614179329491     
   3.01614179329491     
   3.01614179329491     
   3.01614179329491     
   3.01614179329491     
   3.01614179329491     
   3.01614179329491     
   3.01614179329491     
   3.01614179329491     
   3.01614179329491     
   3.01614179329491     
   3.01614179329491     
   3.01614179329491     
   3.01614179329491     
   3.01614179329491     
   3.01614179329491     
   3.01614179329491     
   3.01614179329491     
   3.01614179329491     
   3.01614179329491     
   3.01614179329491     
   3.01614179329491     
   3.01614179329491     
   3.01614179329491     
   3.01614179329491     
   3.01614179329491     
   3.01614179329491     
   3.01614179329491     
